condition;measurement;ncases
18283;0;0
18284;0;0
18285;0;0
18286;0;0
18287;0;0
18288;0;0
18289;0;0
18290;0;0
18291;0;0
18292;0;0
18293;0;0
18294;0;0
18295;0;0
18296;0;0
18297;0;0
18298;0;0
18299;0;0
18300;0;0
18301;0;0
18302;0;0
18303;0;0
18304;0;0
18305;0;0
18306;0;0
18307;0;0
18308;0;0
18309;0;0
18310;0;0
18311;0;0
18312;0;0
18313;0;0
18314;0;0
18315;0;0
18316;0;0
18317;1;1
18318;1;0
18319;1;0
18320;1;0
18321;1;0
18322;1;0
18323;3;2
18324;5;2
18325;12;7
18326;12;0
18327;17;5
18328;17;0
18329;19;2
18330;20;1
18331;20;0
18332;20;0
18333;24;4
18334;26;2
18335;37;11
18336;48;11
18337;54;6
18338;60;6
18339;74;14
18340;87;13
18341;90;3
18342;139;49
18343;201;62
18344;230;29
18345;264;34
18346;302;38
18347;367;65
18348;409;42
18349;454;45
18350;511;57
18351;584;73
18352;716;132
18353;847;131
18354;986;139
18355;1171;185
18356;1251;80
18357;1320;69
18358;1423;103
18359;1468;45
18360;1572;104
18361;1666;94
18362;1761;95
18363;1825;64
18364;1914;89
18365;1983;69
18366;2070;87
18367;2160;90
18368;2268;108
18369;2418;150
18370;2534;116
18371;2629;95
18372;2718;89
18373;2811;93
18374;2910;99
18375;3007;97
18376;3127;120
18377;3256;129
18378;3382;126
18379;3517;135
18380;3649;132
18381;3848;199
18382;4006;158
18383;4154;148
18384;4295;141
18385;4474;179
18386;4648;174
18387;4838;190
18388;4997;159
18389;5182;185
18390;5369;187
18391;5558;189
18392;5723;165
18393;5891;168
18394;6067;176
18395;6253;186
18396;6442;189
18397;6629;187
18398;6821;192
18399;7019;198
18400;7201;182
18401;7377;176
18402;7542;165
18403;7728;186
18404;7918;190
18405;8113;195
18406;8306;193
18407;8503;197
18408;8697;194
18409;8857;160
18410;8997;140
18411;9134;137
18412;9267;133
18413;9394;127
18414;9513;119
18415;9626;113
18416;9733;107
18417;9831;98
18418;9935;104
18419;10050;115
18420;10154;104
18421;10265;111
18422;10382;117
18423;10484;102
18424;10589;105
18425;10698;109
18426;10810;112
18427;10919;109
18428;11031;112
18429;11147;116
18430;11268;121
18431;11385;117
18432;11504;119
18433;11631;127
18434;11771;140
18435;11920;149
18436;12076;156
18437;12248;172
18438;12445;197
18439;12685;240
18440;12968;283
18441;13273;305
18442;13571;298
18443;13907;336
18444;14272;365
18445;14657;385
18446;15070;413
18447;15500;430
18448;15941;441
18449;16404;463
18450;16879;475
18451;17348;469
18452;17808;460
18453;18242;434
18454;18712;470
18455;19195;483
18456;19689;494
18457;20216;527
18458;20770;554
18459;21355;585
18460;21948;593
18461;22549;601
18462;23084;535
18463;23691;607
18464;24278;587
18465;24872;594
18466;25484;612
18467;26159;675
18468;26764;605
18469;27357;593
18470;27973;616
18471;28615;642
18472;29229;614
18473;29831;602
18474;30394;563
18475;30950;556
18476;31465;515
18477;31972;507
18478;32504;532
18479;33055;551
18480;33626;571
18481;34155;529
18482;34693;538
18483;35160;467
18484;35712;552
18485;36204;492
18486;36699;495
18487;37187;488
18488;37664;477
18489;38133;469
18490;38583;450
18491;39025;442
18492;39444;419
18493;39847;403
18494;40258;411
18495;40667;409
18496;41068;401
18497;41460;392
18498;41858;398
18499;42228;370
18500;42619;391
18501;43016;397
18502;43403;387
18503;43781;378
18504;44146;365
18505;44494;348
18506;44833;339
18507;45158;325
18508;45469;311
18509;45773;304
18510;46071;298
18511;46364;293
18512;46653;289
18513;46938;285
18514;47216;278
18515;47488;272
18516;47752;264
18517;48007;255
18518;48254;247
18519;48496;242
18520;48734;238
18521;48966;232
18522;49194;228
18523;49413;219
18524;49623;210
18525;49826;203
18526;50023;197
18527;50214;191
18528;50400;186
18529;50579;179
18530;50754;175
18531;50914;160
18532;51067;153
18533;51213;146
18534;51368;155
18535;51530;162
18536;51690;160
18537;51847;157
18538;51995;148
18539;52136;141
18540;52270;134
18541;52399;129
18542;52520;121
18543;52658;138
18544;52804;146
18545;52940;136
18546;53072;132
18547;53325;253
18548;53399;74
18549;53584;185
18550;53777;193
18551;53998;221
18552;54203;205
18553;54402;199
18554;54616;214
18555;54829;213
18556;55081;252
18557;55357;276
18558;55630;273
18559;55880;250
18560;56143;263
18561;56419;276
18562;56706;287
18563;57026;320
18564;57332;306
18565;57651;319
18566;57942;291
18567;58272;330
18568;58574;302
18569;58979;405
18570;59527;548
18571;60169;642
18572;60800;631
18573;61381;581
18574;62051;670
18575;62693;642
18576;63446;753
18577;64257;811
18578;65108;851
18579;65975;867
18580;66819;844
18581;67679;860
18582;68589;910
18583;69591;1002
18584;70629;1038
18585;71652;1023
18586;72755;1103
18587;73774;1019
18588;74862;1088
18589;75867;1005
18590;77000;1133
18591;78025;1025
18592;79110;1085
18593;80168;1058
18594;81212;1044
18595;82221;1009
18596;83199;978
18597;84152;953
18598;85084;932
18599;85927;843
18600;86730;803
18601;87502;772
18602;88252;750
18603;88825;573
18604;89416;591
18605;90014;598
18606;90579;565
18607;91121;542
18608;91638;517
18609;92102;464
18610;92597;495
18611;93065;468
18612;93507;442
18613;93933;426
18614;94371;438
18615;94781;410
18616;95203;422
18617;95659;456
18618;96069;410
18619;96549;480
18620;97007;458
18621;97441;434
18622;97857;416
18623;98249;392
18624;98631;382
18625;98988;357
18626;99311;323
18627;99610;299
18628;99897;287
18629;100159;262
18630;100408;249
18631;100645;237
18632;100873;228
18633;101120;247
18634;101382;262
18635;101657;275
18636;101913;256
18637;102144;231
18638;102369;225
18639;102641;272
18640;102860;219
18641;103127;267
18642;103381;254
18643;103611;230
18644;103833;222
18645;104092;259
18646;104341;249
18647;104606;265
18648;104852;246
18649;105124;272
18650;105369;245
18651;105596;227
18652;105854;258
18653;106097;243
18654;106359;262
18655;106610;251
18656;106887;277
18657;107122;235
18658;107339;217
18659;107578;239
18660;107841;263
18661;108116;275
18662;108381;265
18663;108629;248
18664;108629;0
18665;109088;459
18666;109313;225
18667;109559;246
18668;109782;223
18669;110049;267
18670;110303;254
18671;110513;210
18672;110711;198
18673;110894;183
18674;111069;175
18675;111247;178
18676;111418;171
18677;111600;182
18678;111764;164
18679;111917;153
18680;112094;177
18681;112279;185
18682;112461;182
18683;112622;161
18684;112805;183
18685;112960;155
18686;113092;132
18687;113255;163
18688;113430;175
18689;113593;163
18690;113761;168
18691;113948;187
18692;114104;156
18693;114234;130
18694;114382;148
18695;114543;161
18696;114681;138
18697;114851;170
18698;115008;157
18699;115143;135
18700;115265;122
18701;115410;145
18702;115540;130
18703;115688;148
18704;115842;154
18705;115970;128
18706;116066;96
18707;116157;91
18708;116255;98
18709;116349;94
18710;116438;89
18711;116543;105
18712;116657;114
18713;116750;93
18714;116836;86
18715;116946;110
18716;117061;115
18717;117192;131
18718;117304;112
18719;117429;125
18720;117524;95
18721;117622;98
18722;117739;117
18723;117879;140
18724;118004;125
18725;118116;112
18726;118251;135
18727;118378;127
18728;118516;138
18729;118645;129
18730;118799;154
18731;118975;176
18732;119142;167
18733;119323;181
18734;119486;163
18735;119642;156
18736;119805;163
18737;119992;187
18738;120174;182
18739;120363;189
18740;120562;199
18741;120736;174
18742;120922;186
18743;121112;190
18744;121344;232
18745;121580;236
18746;121866;286
18747;122108;242
18748;122311;203
18749;122522;211
18750;122717;195
18751;122999;282
18752;123272;273
18753;123473;201
18754;123692;219
18755;123900;208
18756;124104;204
18757;124288;184
18758;124483;195
18759;124682;199
18760;124889;207
18761;125059;170
18762;125194;135
18763;125311;117
18764;125485;174
