condition;measurement;ncases
18283;0;0
18284;0;0
18285;0;0
18286;0;0
18287;0;0
18288;0;0
18289;0;0
18290;0;0
18291;0;0
18292;0;0
18293;0;0
18294;0;0
18295;0;0
18296;0;0
18297;0;0
18298;0;0
18299;0;0
18300;0;0
18301;0;0
18302;0;0
18303;0;0
18304;0;0
18305;0;0
18306;0;0
18307;0;0
18308;0;0
18309;0;0
18310;0;0
18311;0;0
18312;0;0
18313;0;0
18314;0;0
18315;0;0
18316;0;0
18317;0;0
18318;0;0
18319;0;0
18320;0;0
18321;0;0
18322;0;0
18323;0;0
18324;0;0
18325;0;0
18326;0;0
18327;0;0
18328;0;0
18329;0;0
18330;0;0
18331;0;0
18332;0;0
18333;0;0
18334;0;0
18335;0;0
18336;0;0
18337;0;0
18338;0;0
18339;0;0
18340;0;0
18341;1;1
18342;2;1
18343;2;0
18344;3;1
18345;3;0
18346;3;0
18347;4;1
18348;4;0
18349;5;1
18350;7;2
18351;7;0
18352;7;0
18353;8;1
18354;8;0
18355;8;0
18356;10;2
18357;14;4
18358;16;2
18359;17;1
18360;19;2
18361;19;0
18362;19;0
18363;19;0
18364;19;0
18365;19;0
18366;19;0
18367;19;0
18368;19;0
18369;19;0
18370;24;5
18371;24;0
18372;24;0
18373;24;0
18374;25;1
18375;25;0
18376;25;0
18377;25;0
18378;26;1
18379;27;1
18380;27;0
18381;27;0
18382;27;0
18383;30;3
18384;35;5
18385;35;0
18386;35;0
18387;36;1
18388;36;0
18389;36;0
18390;43;7
18391;43;0
18392;45;2
18393;45;0
18394;45;0
18395;45;0
18396;48;3
18397;48;0
18398;48;0
18399;48;0
18400;50;2
18401;52;2
18402;52;0
18403;58;6
18404;60;2
18405;61;1
18406;69;8
18407;70;1
18408;70;0
18409;71;1
18410;74;3
18411;81;7
18412;84;3
18413;86;2
18414;86;0
18415;86;0
18416;86;0
18417;86;0
18418;86;0
18419;88;2
18420;91;3
18421;92;1
18422;96;4
18423;113;17
18424;118;5
18425;130;12
18426;138;8
18427;140;2
18428;142;2
18429;148;6
18430;155;7
18431;166;11
18432;172;6
18433;176;4
18434;183;7
18435;186;3
18436;189;3
18437;197;8
18438;212;15
18439;212;0
18440;259;47
18441;267;8
18442;276;9
18443;284;8
18444;291;7
18445;315;24
18446;328;13
18447;346;18
18448;346;0
18449;346;0
18450;386;40
18451;386;0
18452;396;10
18453;458;62
18454;462;4
18455;506;44
18456;525;19
18457;541;16
18458;576;35
18459;607;31
18460;638;31
18461;687;49
18462;705;18
18463;749;44
18464;779;30
18465;812;33
18466;851;39
18467;880;29
18468;916;36
18469;932;16
18470;950;18
18471;1000;50
18472;1078;78
18473;1109;31
18474;1148;39
18475;1164;16
18476;1199;35
18477;1280;81
18478;1344;64
18479;1395;51
18480;1483;88
18481;1538;55
18482;1572;34
18483;1672;100
18484;1679;7
18485;1735;56
18486;1762;27
18487;1815;53
18488;1852;37
18489;1879;27
18490;1906;27
18491;1935;29
18492;1966;31
18493;2015;49
18494;2044;29
18495;2068;24
18496;2134;66
18497;2171;37
18498;2222;51
18499;2283;61
18500;2332;49
18501;2415;83
18502;2471;56
18503;2551;80
18504;2624;73
18505;2654;30
18506;2729;75
18507;2777;48
18508;2805;28
18509;2876;71
18510;2935;59
18511;2965;30
18512;2981;16
18513;3033;52
18514;3092;59
18515;3217;125
18516;3279;62
18517;3335;56
18518;3388;53
18519;3439;51
18520;3569;130
18521;3675;106
18522;3789;114
18523;3848;59
18524;3901;53
18525;3991;90
18526;4117;126
18527;4236;119
18528;4363;127
18529;4475;112
18530;4590;115
18531;4672;82
18532;4718;46
18533;4797;79
18534;4905;108
18535;4972;67
18536;5114;142
18537;5211;97
18538;5370;159
18539;5402;32
18540;5530;128
18541;5725;195
18542;5725;0
18543;5958;233
18544;6031;73
18545;6246;215
18546;6366;120
18547;6488;122
18548;6680;192
18549;6846;166
18550;7096;250
18551;7222;126
18552;7462;240
18553;7622;160
18554;7829;207
18555;8049;220
18556;8338;289
18557;8582;244
18558;8829;247
18559;9026;197
18560;9381;355
18561;9644;263
18562;9871;227
18563;10074;203
18564;10269;195
18565;10558;289
18566;10805;247
18567;11035;230
18568;11228;193
18569;11577;349
18570;11813;236
18571;12102;289
18572;12223;121
18573;12335;112
18574;12433;98
18575;12680;247
18576;12816;136
18577;12953;137
18578;13053;100
18579;13228;175
18580;13374;146
18581;13451;77
18582;13615;164
18583;13818;203
18584;13922;104
18585;14134;212
18586;14267;133
18587;14413;146
18588;14493;80
18589;14634;141
18590;14742;108
18591;14821;79
18592;14920;99
18593;15008;88
18594;15087;79
18595;15103;16
18596;15139;36
18597;15251;112
18598;15319;68
18599;15361;42
18600;15493;132
18601;15536;43
18602;15591;55
18603;15648;57
18604;15729;81
18605;15804;75
18606;15925;121
18607;16061;136
18608;16161;100
18609;16188;27
18610;16277;89
18611;16362;85
18612;16407;45
18613;16484;77
18614;16562;78
18615;16626;64
18616;16644;18
18617;16686;42
18618;16802;116
18619;16931;129
18620;17029;98
18621;17099;70
18622;17149;50
18623;17240;91
18624;17296;56
18625;17371;75
18626;17433;62
18627;17553;120
18628;17568;15
18629;17608;40
18630;17642;34
18631;17684;42
18632;17756;72
18633;17864;108
18634;17974;110
18635;18066;92
18636;18156;90
18637;18193;37
18638;18254;61
18639;18343;89
18640;18425;82
18641;18613;188
18642;18679;66
18643;18765;86
18644;18875;110
18645;18926;51
18646;19011;85
18647;19093;82
18648;19177;84
18649;19269;92
18650;19367;98
18651;19399;32
18652;19476;77
18653;19553;77
18654;19580;27
18655;19672;92
18656;19723;51
18657;19782;59
18658;19796;14
18659;19829;33
18660;19900;71
18661;19937;37
18662;19996;59
18663;20030;34
18664;20062;32
18665;20086;24
18666;20112;26
18667;20163;51
18668;20210;47
18669;20261;51
18670;20294;33
18671;20329;35
18672;20366;37
18673;20381;15
18674;20389;8
18675;20400;11
18676;20452;52
18677;20478;26
18678;20499;21
18679;20519;20
18680;20548;29
18681;20584;36
18682;20640;56
18683;20695;55
18684;20759;64
18685;20782;23
18686;20807;25
18687;20854;47
18688;20882;28
18689;20923;41
18690;20981;58
18691;21026;45
18692;21055;29
18693;21086;31
18694;21108;22
18695;21114;6
18696;21161;47
18697;21205;44
18698;21265;60
18699;21323;58
18700;21380;57
18701;21407;27
18702;21446;39
18703;21489;43
18704;21558;69
18705;21642;84
18706;21696;54
18707;21733;37
18708;21757;24
18709;21774;17
18710;21836;62
18711;21914;78
18712;21961;47
18713;22031;70
18714;22063;32
18715;22132;69
18716;22182;50
18717;22311;129
18718;22399;88
18719;22467;68
18720;22579;112
18721;22631;52
18722;22717;86
18723;22885;168
18724;23010;125
18725;23108;98
18726;23242;134
18727;23331;89
18728;23457;126
18729;23549;92
18730;23697;148
18731;23841;144
18732;23951;110
18733;24122;171
18734;24300;178
18735;24389;89
18736;24518;129
18737;24661;143
18738;24883;222
18739;25051;168
18740;25279;228
18741;25492;213
18742;25609;117
18743;25710;101
18744;25942;232
18745;26168;226
18746;26431;263
18747;26652;221
18748;26815;163
18749;26993;178
18750;27133;140
18751;27284;151
18752;27529;245
18753;27921;392
18754;28201;280
18755;28477;276
18756;28740;263
18757;28875;135
18758;29146;271
18759;29405;259
18760;29695;290
18761;30030;335
18762;30354;324
18763;30637;283
18764;30787;150
