condition;measurement;ncases
18283;0;0
18284;0;0
18285;0;0
18286;0;0
18287;0;0
18288;0;0
18289;0;0
18290;0;0
18291;0;0
18292;0;0
18293;0;0
18294;0;0
18295;0;0
18296;0;0
18297;0;0
18298;0;0
18299;0;0
18300;0;0
18301;0;0
18302;0;0
18303;0;0
18304;0;0
18305;0;0
18306;0;0
18307;0;0
18308;0;0
18309;0;0
18310;0;0
18311;0;0
18312;0;0
18313;0;0
18314;0;0
18315;0;0
18316;0;0
18317;0;0
18318;0;0
18319;0;0
18320;0;0
18321;0;0
18322;1;1
18323;1;0
18324;1;0
18325;1;0
18326;1;0
18327;1;0
18328;1;0
18329;1;0
18330;1;0
18331;1;0
18332;1;0
18333;4;3
18334;8;4
18335;18;10
18336;26;8
18337;52;26
18338;78;26
18339;84;6
18340;115;31
18341;136;21
18342;160;24
18343;194;34
18344;235;41
18345;249;14
18346;265;16
18347;290;25
18348;329;39
18349;407;78
18350;424;17
18351;482;58
18352;532;50
18353;571;39
18354;663;92
18355;736;73
18356;770;34
18357;822;52
18358;833;11
18359;853;20
18360;881;28
18361;921;40
18362;937;16
18363;967;30
18364;1013;46
18365;1039;26
18366;1067;28
18367;1111;44
18368;1159;48
18369;1201;42
18370;1248;47
18371;1291;43
18372;1339;48
18373;1401;62
18374;1473;72
18375;1523;50
18376;1596;73
18377;1677;81
18378;1746;69
18379;1808;62
18380;1867;59
18381;1932;65
18382;2066;134
18383;2148;82
18384;2273;125
18385;2386;113
18386;2507;121
18387;2619;112
18388;2782;163
18389;2884;102
18390;3029;145
18391;3175;146
18392;3313;138
18393;3392;79
18394;3538;146
18395;3718;180
18396;3860;142
18397;4044;184
18398;4283;239
18399;4472;189
18400;4823;351
18401;5041;218
18402;5271;230
18403;5606;335
18404;5928;322
18405;6302;374
18406;6661;359
18407;7113;452
18408;7402;289
18409;7774;372
18410;8216;442
18411;8676;460
18412;8927;251
18413;9282;355
18414;9492;210
18415;10009;517
18416;10524;515
18417;11221;697
18418;11817;596
18419;12364;547
18420;13130;766
18421;13325;195
18422;13675;350
18423;14103;428
18424;14669;566
18425;15281;612
18426;16004;723
18427;16667;663
18428;17064;397
18429;17489;425
18430;18033;544
18431;18698;665
18432;19157;459
18433;19708;551
18434;20268;560
18435;20588;320
18436;21006;418
18437;21717;711
18438;22488;771
18439;23247;759
18440;23909;662
18441;24645;736
18442;25127;482
18443;25542;415
18444;26065;523
18445;26658;593
18446;27320;662
18447;27900;580
18448;28606;706
18449;28936;330
18450;29285;349
18451;29820;535
18452;30346;526
18453;30903;557
18454;31392;489
18455;31969;577
18456;32151;182
18457;32490;339
18458;33005;515
18459;33559;554
18460;34001;442
18461;34462;461
18462;34877;415
18463;34981;104
18464;35254;273
18465;35693;439
18466;36162;469
18467;36613;451
18468;36996;383
18469;37317;321
18470;37390;73
18471;37629;239
18472;37937;308
18473;38196;259
18474;38550;354
18475;38841;291
18476;39050;209
18477;39102;52
18478;39298;196
18479;39586;288
18480;39819;233
18481;39985;166
18482;40185;200
18483;40410;225
18484;40433;23
18485;40593;160
18486;40794;201
18487;41023;229
18488;41299;276
18489;41495;196
18490;41663;168
18491;41701;38
18492;41846;145
18493;42056;210
18494;42319;263
18495;42477;158
18496;42616;139
18497;42792;176
18498;42825;33
18499;42936;111
18500;43067;131
18501;43270;203
18502;43451;181
18503;43626;175
18504;43750;124
18505;43781;31
18506;43878;97
18507;44075;197
18508;44271;196
18509;44461;190
18510;44649;188
18511;44783;134
18512;44845;62
18513;44953;108
18514;45152;199
18515;45326;174
18516;45503;177
18517;45675;172
18518;45862;187
18519;45969;107
18520;46119;150
18521;46376;257
18522;46671;295
18523;46910;239
18524;47154;244
18525;47431;277
18526;47552;121
18527;47667;115
18528;47877;210
18529;48251;374
18530;48643;392
18531;49072;429
18532;49400;328
18533;49574;174
18534;49901;327
18535;50359;458
18536;50850;491
18537;51382;532
18538;51925;543
18539;52496;571
18540;52677;181
18541;53083;406
18542;53755;672
18543;54473;718
18544;55087;614
18545;55736;649
18546;56451;715
18547;56821;370
18548;57566;745
18549;58624;1058
18550;59995;1371
18551;61460;1465
18552;63000;1540
18553;64694;1694
18554;65460;766
18555;66694;1234
18556;68530;1836
18557;70836;2306
18558;73310;2474
18559;75523;2213
18560;77837;2314
18561;78810;973
18562;80410;1600
18563;82651;2241
18564;85034;2383
18565;87432;2398
18566;89813;2381
18567;92254;2441
18568;93448;1194
18569;94776;1328
18570;97150;2374
18571;99563;2413
18572;101773;2210
18573;104249;2476
18574;106424;2175
18575;107466;1042
18576;108687;1221
18577;110548;1861
18578;112680;2132
18579;114383;1703
18580;115855;1472
18581;117337;1482
18582;117886;549
18583;118870;984
18584;120459;1589
18585;121979;1520
18586;123646;1667
18587;124839;1193
18588;126224;1385
18589;126709;485
18590;127522;813
18591;129085;1563
18592;130870;1785
18593;132346;1476
18594;133594;1248
18595;134768;1174
18596;135124;356
18597;135967;843
18598;137231;1264
18599;138508;1277
18600;139692;1184
18601;140959;1267
18602;141937;978
18603;142344;407
18604;142928;584
18605;144066;1138
18606;145240;1174
18607;146317;1077
18608;147312;995
18609;148325;1013
18610;148682;357
18611;149120;438
18612;150218;1098
18613;151392;1174
18614;152253;861
18615;153173;920
18616;153825;652
18617;154065;240
18618;154602;537
18619;155440;838
18620;156142;702
18621;156763;621
18622;157349;586
18623;157834;485
18624;157948;114
18625;158296;348
18626;158878;582
18627;159409;531
18628;159738;329
18629;159798;60
18630;160027;229
18631;160220;193
18632;160544;324
18633;160853;309
18634;161054;201
18635;161415;361
18636;161794;379
18637;162131;337
18638;162288;157
18639;162643;355
18640;163128;485
18641;163576;448
18642;163972;396
18643;164235;263
18644;164586;351
18645;164676;90
18646;164912;236
18647;165221;309
18648;165528;307
18649;165711;183
18650;165909;198
18651;166036;127
18652;166094;58
18653;166232;138
18654;166427;195
18655;166669;242
18656;166728;59
18657;166901;173
18658;167026;125
18659;167088;62
18660;167231;143
18661;167421;190
18662;167568;147
18663;167726;158
18664;167937;211
18665;168088;151
18666;168177;89
18667;168300;123
18668;168496;196
18669;168676;180
18670;168830;154
18671;169022;192
18672;169167;145
18673;169255;88
18674;169391;136
18675;169597;206
18676;169820;223
18677;170011;191
18678;170234;223
18679;170402;168
18680;170506;104
18681;170672;166
18682;170945;273
18683;171227;282
18684;171510;283
18685;171793;283
18686;172058;265
18687;172216;158
18688;172456;240
18689;172816;360
18690;173307;491
18691;173749;442
18692;174257;508
18693;174679;422
18694;175016;337
18695;175198;182
18696;175538;340
18697;176286;748
18698;177104;818
18699;177899;795
18700;178385;486
18701;178702;317
18702;179287;585
18703;180141;854
18704;181165;1024
18705;182056;891
18706;183127;1071
18707;183713;586
18708;184219;506
18709;185020;801
18710;186184;1164
18711;187441;1257
18712;188446;1005
18713;189540;1094
18714;190317;777
18715;190741;424
18716;191491;750
18717;192639;1148
18718;193736;1097
18719;194852;1116
18720;196044;1192
18721;196634;590
18722;197113;479
18723;197873;760
18724;198898;1025
18725;200129;1231
18726;201158;1029
18727;202167;1009
18728;202817;650
18729;203327;510
18730;204053;726
18731;205128;1075
18732;206142;1014
18733;207103;961
18734;207973;870
18735;208520;547
18736;208818;298
18737;209485;667
18738;210518;1033
18739;211399;881
18740;212114;715
18741;212878;764
18742;213288;410
18743;213469;181
18744;214064;595
18745;214872;808
18746;215528;656
18747;216064;536
18748;216596;532
18749;216863;267
18750;217008;145
18751;217407;399
18752;217900;493
18753;218325;425
18754;218681;356
18755;219092;411
18756;219270;178
18757;219353;83
18758;219596;243
18759;219950;354
18760;220217;267
18761;220447;230
18762;220729;282
18763;220860;131
18764;220927;67
