condition;measurement;ncases
18283;0;0
18284;0;0
18285;0;0
18286;0;0
18287;0;0
18288;0;0
18289;0;0
18290;0;0
18291;0;0
18292;0;0
18293;0;0
18294;0;0
18295;0;0
18296;0;0
18297;0;0
18298;0;0
18299;0;0
18300;0;0
18301;0;0
18302;0;0
18303;0;0
18304;0;0
18305;0;0
18306;0;0
18307;0;0
18308;0;0
18309;0;0
18310;0;0
18311;0;0
18312;0;0
18313;0;0
18314;0;0
18315;0;0
18316;0;0
18317;2;2
18318;2;0
18319;3;1
18320;3;0
18321;9;6
18322;14;5
18323;18;4
18324;21;3
18325;29;8
18326;41;12
18327;55;14
18328;79;24
18329;104;25
18330;131;27
18331;182;51
18332;246;64
18333;302;56
18334;504;202
18335;655;151
18336;860;205
18337;1018;158
18338;1332;314
18339;1646;314
18340;2013;367
18341;2388;375
18342;2814;426
18343;3582;768
18344;4474;892
18345;5283;809
18346;5588;305
18347;6909;1321
18348;7657;748
18349;8271;614
18350;8788;517
18351;9618;830
18352;10180;562
18353;10711;531
18354;11129;418
18355;11524;395
18356;11781;257
18357;12051;270
18358;12297;246
18359;12639;342
18360;12942;303
18361;13244;302
18362;13555;311
18363;13806;251
18364;13945;139
18365;14041;96
18366;14226;185
18367;14336;110
18368;14476;140
18369;14595;119
18370;14671;76
18371;14749;78
18372;14795;46
18373;14873;78
18374;14925;52
18375;15002;77
18376;15071;69
18377;15148;77
18378;15225;77
18379;15274;49
18380;15357;83
18381;15402;45
18382;15452;50
18383;15531;79
18384;15558;27
18385;15597;39
18386;15621;24
18387;15650;29
18388;15684;34
18389;15752;68
18390;15774;22
18391;15833;59
18392;15871;38
18393;15882;11
18394;15961;79
18395;15997;36
18396;16058;61
18397;16109;51
18398;16201;92
18399;16242;41
18400;16269;27
18401;16321;52
18402;16353;32
18403;16404;51
18404;16436;32
18405;16486;50
18406;16503;17
18407;16539;36
18408;16557;18
18409;16591;34
18410;16628;37
18411;16655;27
18412;16685;30
18413;16731;46
18414;16733;2
18415;16759;26
18416;16771;12
18417;16805;34
18418;16843;38
18419;16898;55
18420;16902;4
18421;16968;66
18422;16979;11
18423;17005;26
18424;17034;29
18425;17064;30
18426;17078;14
18427;17109;31
18428;17135;26
18429;17189;54
18430;17203;14
18431;17223;20
18432;17271;48
18433;17323;52
18434;17341;18
18435;17380;39
18436;17408;28
18437;17449;41
18438;17477;28
18439;17522;45
18440;17580;58
18441;17654;74
18442;17723;69
18443;17766;43
18444;17873;107
18445;17941;68
18446;18050;109
18447;18165;115
18448;18280;115
18449;18365;85
18450;18421;56
18451;18513;92
18452;18615;102
18453;18709;94
18454;18783;74
18455;18897;114
18456;18948;51
18457;19021;73
18458;19154;133
18459;19270;116
18460;19439;169
18461;19573;134
18462;19655;82
18463;19743;88
18464;19827;84
18465;19929;102
18466;20099;170
18467;20214;115
18468;20338;124
18469;20472;134
18470;20558;86
18471;20677;119
18472;20850;173
18473;20955;105
18474;21130;175
18475;21212;82
18476;21304;92
18477;21385;81
18478;21481;96
18479;21566;85
18480;21696;130
18481;21837;141
18482;21919;82
18483;22033;114
18484;22106;73
18485;22245;139
18486;22439;194
18487;22594;155
18488;22876;282
18489;23179;303
18490;23370;191
18491;23534;164
18492;23829;295
18493;24084;255
18494;24431;347
18495;24762;331
18496;25062;300
18497;25253;191
18498;25495;242
18499;25706;211
18500;26033;327
18501;26361;328
18502;26590;229
18503;26985;395
18504;27166;181
18505;27438;272
18506;27642;204
18507;27969;327
18508;28372;403
18509;28729;357
18510;29087;358
18511;29271;184
18512;29561;290
18513;30081;520
18514;30583;502
18515;31247;664
18516;31827;580
18517;32696;869
18518;33159;463
18519;33541;382
18520;34305;764
18521;35073;768
18522;35853;780
18523;36661;808
18524;37474;813
18525;38095;621
18526;38658;563
18527;39303;645
18528;39984;681
18529;40816;832
18530;41500;684
18531;42214;714
18532;42876;662
18533;43432;556
18534;44041;609
18535;44813;772
18536;45686;873
18537;46374;688
18538;47432;1058
18539;48146;714
18540;48896;750
18541;49819;923
18542;50848;1029
18543;52057;1209
18544;53188;1131
18545;54423;1235
18546;55319;896
18547;56298;979
18548;57326;1028
18549;58672;1346
18550;60224;1552
18551;61387;1163
18552;63134;1747
18553;64806;1672
18554;65927;1121
18555;67451;1524
18556;69409;1958
18557;71844;2435
18558;74415;2571
18559;78029;3614
18560;80811;2782
18561;83267;2456
18562;86102;2835
18563;89496;3394
18564;93949;4453
18565;99576;5627
18566;104925;5349
18567;109881;4956
18568;114016;4135
18569;118198;4182
18570;125099;6901
18571;132515;7416
18572;138979;6464
18573;147220;8241
18574;153153;5933
18575;158746;5593
18576;164866;6120
18577;172380;7514
18578;181642;9262
18579;191228;9586
18580;198291;7063
18581;203956;5665
18582;208613;4657
18583;214597;5984
18584;221688;7091
18585;228683;6995
18586;235351;6668
18587;241962;6611
18588;247188;5226
18589;250333;3145
18590;254710;4377
18591;260512;5802
18592;266038;5526
18593;270992;4954
18594;275661;4669
18595;279708;4047
18596;282456;2748
18597;285489;3033
18598;289461;3972
18599;293430;3969
18600;297245;3815
18601;300689;3444
18602;303430;2741
18603;305693;2263
18604;308070;2377
18605;311002;2932
18606;313688;2686
18607;316581;2893
18608;319822;3241
18609;322463;2641
18610;325051;2588
18611;327679;2628
18612;330343;2664
18613;332828;2485
18614;334913;2085
18615;337209;2296
18616;338854;1645
18617;340373;1519
18618;342226;1853
18619;344357;2131
18620;347204;2847
18621;349055;1851
18622;350484;1429
18623;351892;1408
18624;353484;1592
18625;355352;1868
18626;357902;2550
18627;360815;2913
18628;362911;2096
18629;364302;1391
18630;365768;1466
18631;367410;1642
18632;369721;2311
18633;372190;2469
18634;374730;2540
18635;376793;2063
18636;379071;2278
18637;380722;1651
18638;382258;1536
18639;383833;1575
18640;385750;1917
18641;389260;3510
18642;390788;1528
18643;392511;1723
18644;393778;1267
18645;394939;1161
18646;396425;1486
18647;398096;1671
18648;399798;1702
18649;401886;2088
18650;403512;1626
18651;404714;1202
18652;405723;1009
18653;407140;1417
18654;408781;1641
18655;410230;1449
18656;411730;1500
18657;413208;1478
18658;414398;1190
18659;415522;1124
18660;416763;1241
18661;418283;1520
18662;419801;1518
18663;421189;1388
18664;422522;1333
18665;423839;1317
18666;424896;1057
18667;426093;1197
18668;427562;1469
18669;429139;1577
18670;430870;1731
18671;432303;1433
18672;433487;1184
18673;434712;1225
18674;436139;1427
18675;437874;1735
18676;439841;1967
18677;441659;1818
18678;443536;1877
18679;445374;1838
18680;446644;1270
18681;448371;1727
18682;450376;2005
18683;452767;2391
18684;454860;2093
18685;457317;2457
18686;459440;2123
18687;460849;1409
18688;462769;1920
18689;465322;2553
18690;467646;2324
18691;470314;2668
18692;472871;2557
18693;475070;2199
18694;476980;1910
18695;479391;2411
18696;481919;2528
18697;484916;2997
18698;488042;3126
18699;491065;3023
18700;493568;2503
18701;495464;1896
18702;497889;2425
18703;501224;3335
18704;504581;3357
18705;508096;3515
18706;511440;3344
18707;514153;2713
18708;516565;2412
18709;519980;3415
18710;523269;3289
18711;526393;3124
18712;530288;3895
18713;533786;3498
18714;536465;2679
18715;539541;3076
18716;542542;3001
18717;546229;3687
18718;549592;3363
18719;552729;3137
18720;556012;3283
18721;558755;2743
18722;560972;2217
18723;562907;1935
18724;566008;3101
18725;568914;2906
18726;571616;2702
18727;574755;3139
18728;577007;2252
18729;578950;1943
18730;581263;2313
18731;584205;2942
18732;586883;2678
18733;589299;2416
18734;591347;2048
18735;593423;2076
18736;595540;2117
18737;597566;2026
18738;600089;2523
18739;602494;2405
18740;604823;2329
18741;606954;2131
18742;608979;2025
18743;610545;1566
18744;612170;1625
18745;614510;2340
18746;616739;2229
18747;618870;2131
18748;620485;1615
18749;622110;1625
18750;623201;1091
18751;624595;1394
18752;626239;1644
18753;627484;1245
18754;628817;1333
18755;630050;1233
18756;631076;1026
18757;631896;820
18758;632766;870
18759;633960;1194
18760;634893;933
18761;635780;887
18762;636424;644
18763;637097;673
18764;637573;476
