condition;measurement;ncases
18283;0;0
18284;0;0
18285;0;0
18286;0;0
18287;4;4
18288;5;1
18289;5;0
18290;6;1
18291;9;3
18292;9;0
18293;12;3
18294;12;0
18295;12;0
18296;13;1
18297;13;0
18298;14;1
18299;15;1
18300;15;0
18301;15;0
18302;15;0
18303;15;0
18304;15;0
18305;15;0
18306;15;0
18307;15;0
18308;15;0
18309;15;0
18310;15;0
18311;15;0
18312;15;0
18313;15;0
18314;15;0
18315;15;0
18316;15;0
18317;15;0
18318;15;0
18319;15;0
18320;15;0
18321;25;10
18322;27;2
18323;30;3
18324;39;9
18325;52;13
18326;55;3
18327;60;5
18328;63;3
18329;76;13
18330;91;15
18331;107;16
18332;128;21
18333;128;0
18334;200;72
18335;250;50
18336;297;47
18337;377;80
18338;452;75
18339;568;116
18340;681;113
18341;791;110
18342;1071;280
18343;1549;478
18344;1682;133
18345;2044;362
18346;2364;320
18347;2810;446
18348;3143;333
18349;3640;497
18350;3984;344
18351;4361;377
18352;4559;198
18353;4862;303
18354;5116;254
18355;5330;214
18356;5550;220
18357;5687;137
18358;5797;110
18359;5895;98
18360;6010;115
18361;6108;98
18362;6215;107
18363;6303;88
18364;6315;12
18365;6351;36
18366;6415;64
18367;6440;25
18368;6462;22
18369;6522;60
18370;6568;46
18371;6610;42
18372;6623;13
18373;6645;22
18374;6652;7
18375;6662;10
18376;6677;15
18377;6694;17
18378;6714;20
18379;6721;7
18380;6744;23
18381;6752;8
18382;6766;14
18383;6778;12
18384;6799;21
18385;6822;23
18386;6847;25
18387;6875;28
18388;6894;19
18389;6913;19
18390;6918;5
18391;6939;21
18392;6948;9
18393;6970;22
18394;6980;10
18395;6989;9
18396;7019;30
18397;7035;16
18398;7044;9
18399;7054;10
18400;7068;14
18401;7072;4
18402;7081;9
18403;7095;14
18404;7099;4
18405;7114;15
18406;7114;0
18407;7126;12
18408;7139;13
18409;7150;11
18410;7165;15
18411;7184;19
18412;7192;8
18413;7202;10
18414;7221;19
18415;7229;8
18416;7240;11
18417;7247;7
18418;7252;5
18419;7259;7
18420;7265;6
18421;7267;2
18422;7274;7
18423;7285;11
18424;7289;4
18425;7294;5
18426;7320;26
18427;7335;15
18428;7347;12
18429;7370;23
18430;7391;21
18431;7409;18
18432;7411;2
18433;7461;50
18434;7474;13
18435;7492;18
18436;7521;29
18437;7558;37
18438;7595;37
18439;7601;6
18440;7686;85
18441;7764;78
18442;7834;70
18443;7920;86
18444;8001;81
18445;8066;65
18446;8260;194
18447;8443;183
18448;8583;140
18449;8755;172
18450;8886;131
18451;9056;170
18452;9374;318
18453;9553;179
18454;9797;244
18455;9980;183
18456;10251;271
18457;10487;236
18458;10810;323
18459;11233;423
18460;11441;208
18461;11802;361
18462;12069;267
18463;12428;359
18464;12894;466
18465;13302;408
18466;13595;293
18467;13950;355
18468;14403;453
18469;14935;532
18470;15303;368
18471;15582;279
18472;16298;716
18473;16903;605
18474;17280;377
18475;17895;615
18476;18318;423
18477;18730;412
18478;19445;715
18479;19890;445
18480;20272;382
18481;20698;426
18482;21084;386
18483;21397;313
18484;21713;316
18485;22127;414
18486;22358;231
18487;22742;384
18488;23035;293
18489;23287;252
18490;23558;271
18491;23773;215
18492;23989;216
18493;24236;247
18494;24407;171
18495;24602;195
18496;24811;209
18497;24915;104
18498;25053;138
18499;25204;151
18500;25322;118
18501;25448;126
18502;25547;99
18503;25670;123
18504;25746;76
18505;25819;73
18506;25923;104
18507;26049;126
18508;26136;87
18509;26207;71
18510;26278;71
18511;26321;43
18512;26373;52
18513;26465;92
18514;26524;59
18515;26564;40
18516;26607;43
18517;26651;44
18518;26692;41
18519;26739;47
18520;26778;39
18521;26813;35
18522;26861;48
18523;26885;24
18524;26898;13
18525;26912;14
18526;26942;30
18527;26972;30
18528;26980;8
18529;27000;20
18530;27016;16
18531;27040;24
18532;27044;4
18533;27055;11
18534;27078;23
18535;27096;18
18536;27109;13
18537;27121;12
18538;27135;14
18539;27148;13
18540;27173;25
18541;27181;8
18542;27206;25
18543;27226;20
18544;27244;18
18545;27263;19
18546;27285;22
18547;27310;25
18548;27337;27
18549;27357;20
18550;27371;14
18551;27378;7
18552;27390;12
18553;27399;9
18554;27405;6
18555;27443;38
18556;27458;15
18557;27476;18
18558;27495;19
18559;27513;18
18560;27525;12
18561;27539;14
18562;27553;14
18563;27565;12
18564;27579;14
18565;27585;6
18566;27595;10
18567;27601;6
18568;27610;9
18569;27622;12
18570;27630;8
18571;27644;14
18572;27652;8
18573;27658;6
18574;27665;7
18575;27669;4
18576;27671;2
18577;27675;4
18578;27676;1
18579;27682;6
18580;27711;29
18581;27749;38
18582;27758;9
18583;27777;19
18584;27785;8
18585;27792;7
18586;27806;14
18587;27821;15
18588;27834;13
18589;27843;9
18590;27853;10
18591;27865;12
18592;27873;8
18593;27886;13
18594;27892;6
18595;27902;10
18596;27912;10
18597;27923;11
18598;27939;16
18599;27949;10
18600;27956;7
18601;27965;9
18602;27972;7
18603;27987;15
18604;27993;6
18605;28000;7
18606;28011;11
18607;28025;14
18608;28030;5
18609;28037;7
18610;28048;11
18611;28060;12
18612;28072;12
18613;28093;21
18614;28126;33
18615;28168;42
18616;28198;30
18617;28219;21
18618;28237;18
18619;28262;25
18620;28274;12
18621;28297;23
18622;28308;11
18623;28337;29
18624;28349;12
18625;28381;32
18626;28405;24
18627;28425;20
18628;28460;35
18629;28484;24
18630;28504;20
18631;28517;13
18632;28536;19
18633;28546;10
18634;28571;25
18635;28582;11
18636;28595;13
18637;28614;19
18638;28634;20
18639;28650;16
18640;28660;10
18641;28669;9
18642;28689;20
18643;28708;19
18644;28721;13
18645;28731;10
18646;28740;9
18647;28749;9
18648;28755;6
18649;28760;5
18650;28766;6
18651;28777;11
18652;28780;3
18653;28786;6
18654;28794;8
18655;28799;5
18656;28806;7
18657;28811;5
18658;28818;7
18659;28823;5
18660;28829;6
18661;28838;9
18662;28842;4
18663;28848;6
18664;28851;3
18665;28857;6
18666;28860;3
18667;28871;11
18668;28879;8
18669;28887;8
18670;28892;5
18671;28898;6
18672;28900;2
18673;28905;5
18674;28911;6
18675;28912;1
18676;28918;6
18677;28920;2
18678;28926;6
18679;28930;4
18680;28937;7
18681;28939;2
18682;28947;8
18683;28957;10
18684;28965;8
18685;28970;5
18686;28978;8
18687;28986;8
18688;28996;10
18689;29007;11
18690;29021;14
18691;29029;8
18692;29034;5
18693;29046;12
18694;29061;15
18695;29074;13
18696;29090;16
18697;29102;12
18698;29112;10
18699;29117;5
18700;29130;13
18701;29137;7
18702;29154;17
18703;29166;12
18704;29183;17
18705;29192;9
18706;29196;4
18707;29206;10
18708;29211;5
18709;29221;10
18710;29230;9
18711;29239;9
18712;29252;13
18713;29259;7
18714;29276;17
18715;29296;20
18716;29304;8
18717;29322;18
18718;29333;11
18719;29341;8
18720;29348;7
18721;29357;9
18722;29365;8
18723;29379;14
18724;29385;6
18725;29390;5
18726;29396;6
18727;29405;9
18728;29419;14
18729;29429;10
18730;29450;21
18731;29469;19
18732;29484;15
18733;29499;15
18734;29519;20
18735;29533;14
18736;29556;23
18737;29576;20
18738;29594;18
18739;29638;44
18740;29653;15
18741;29663;10
18742;29680;17
18743;29717;37
18744;29750;33
18745;29773;23
18746;29798;25
18747;29811;13
18748;29824;13
18749;29838;14
18750;29850;12
18751;29865;15
18752;29884;19
18753;29893;9
18754;29906;13
18755;29922;16
18756;29931;9
18757;29938;7
18758;29946;8
18759;29955;9
18760;29957;2
18761;29964;7
18762;29975;11
18763;29978;3
18764;29983;5
