condition;measurement;ncases
18283;0;0
18284;0;0
18285;0;0
18286;0;0
18287;0;0
18288;0;0
18289;0;0
18290;0;0
18291;0;0
18292;0;0
18293;0;0
18294;0;0
18295;0;0
18296;0;0
18297;0;0
18298;0;0
18299;0;0
18300;0;0
18301;0;0
18302;0;0
18303;0;0
18304;0;0
18305;0;0
18306;0;0
18307;0;0
18308;0;0
18309;0;0
18310;0;0
18311;0;0
18312;0;0
18313;0;0
18314;0;0
18315;0;0
18316;0;0
18317;0;0
18318;0;0
18319;0;0
18320;1;1
18321;1;0
18322;1;0
18323;1;0
18324;1;0
18325;6;5
18326;6;0
18327;6;0
18328;6;0
18329;6;0
18330;6;0
18331;9;3
18332;9;0
18333;12;3
18334;27;15
18335;27;0
18336;27;0
18337;36;9
18338;36;0
18339;51;15
18340;51;0
18341;69;18
18342;76;7
18343;76;0
18344;81;5
18345;81;0
18346;86;5
18347;86;0
18348;94;8
18349;94;0
18350;94;0
18351;152;58
18352;152;0
18353;163;11
18354;304;141
18355;351;47
18356;440;89
18357;562;122
18358;700;138
18359;861;161
18360;1066;205
18361;1486;420
18362;1981;495
18363;2226;245
18364;2578;352
18365;2919;341
18366;3281;362
18367;3728;447
18368;4204;476
18369;4779;575
18370;5297;518
18371;5807;510
18372;6264;457
18373;6723;459
18374;7281;558
18375;8022;741
18376;8773;751
18377;9590;817
18378;10463;873
18379;11289;826
18380;12208;919
18381;13181;973
18382;14027;846
18383;14917;890
18384;15828;911
18385;16705;877
18386;17489;784
18387;18350;861
18388;19255;905
18389;20168;913
18390;21101;933
18391;22052;951
18392;22973;921
18393;23906;933
18394;24873;967
18395;25825;952
18396;26772;947
18397;27730;958
18398;28681;951
18399;29650;969
18400;30572;922
18401;31508;936
18402;32426;918
18403;33371;945
18404;34303;932
18405;35244;941
18406;36198;954
18407;37144;946
18408;38059;915
18409;38956;897
18410;39858;902
18411;40764;906
18412;41658;894
18413;42556;898
18414;43403;847
18415;44255;852
18416;45116;861
18417;45981;865
18418;46868;887
18419;47751;883
18420;48630;879
18421;49453;823
18422;50265;812
18423;51066;801
18424;51816;750
18425;52520;704
18426;53241;721
18427;53973;732
18428;54680;707
18429;55369;689
18430;56032;663
18431;56657;625
18432;57333;676
18433;57936;603
18434;58505;569
18435;59023;518
18436;59487;464
18437;59945;458
18438;60382;437
18439;60713;331
18440;61095;382
18441;61475;380
18442;61790;315
18443;62118;328
18444;62424;306
18445;62698;274
18446;62997;299
18447;63270;273
18448;63554;284
18449;63804;250
18450;64003;199
18451;64224;221
18452;64411;187
18453;64604;193
18454;64767;163
18455;64932;165
18456;65114;182
18457;65269;155
18458;65443;174
18459;65623;180
18460;65782;159
18461;65953;171
18462;66095;142
18463;66213;118
18464;66348;135
18465;66521;173
18466;66688;167
18467;66846;158
18468;67002;156
18469;67132;130
18470;67251;119
18471;67366;115
18472;67518;152
18473;67665;147
18474;67808;143
18475;67946;138
18476;68067;121
18477;68166;99
18478;68250;84
18479;68376;126
18480;68503;127
18481;68614;111
18482;68738;124
18483;68850;112
18484;68947;97
18485;69005;58
18486;69102;97
18487;69203;101
18488;69308;105
18489;69308;0
18490;69516;208
18491;69589;73
18492;69673;84
18493;69801;128
18494;69950;149
18495;70111;161
18496;70285;174
18497;70468;183
18498;70645;177
18499;70727;82
18500;70974;247
18501;71165;191
18502;71346;181
18503;71523;177
18504;71687;164
18505;71843;156
18506;71962;119
18507;72141;179
18508;72302;161
18509;72485;183
18510;72663;178
18511;72859;196
18512;73031;172
18513;73208;177
18514;73402;194
18515;73591;189
18516;73784;193
18517;73975;191
18518;74173;198
18519;74360;187
18520;74552;192
18521;74763;211
18522;74987;224
18523;75230;243
18524;75461;231
18525;75674;213
18526;75898;224
18527;76104;206
18528;76357;253
18529;76651;294
18530;76957;306
18531;77289;332
18532;77609;320
18533;77946;337
18534;78260;314
18535;78631;371
18536;79019;388
18537;79421;402
18538;79852;431
18539;79852;0
18540;80696;844
18541;81090;394
18542;81505;415
18543;81982;477
18544;82471;489
18545;82471;0
18546;83534;1063
18547;83998;464
18548;84524;526
18549;85121;597
18550;85734;613
18551;86392;658
18552;87063;671
18553;87698;635
18554;88290;592
18555;88909;619
18556;89642;733
18557;90380;738
18558;91167;787
18559;91978;811
18560;92823;845
18561;93707;884
18562;94609;902
18563;95545;936
18564;96529;984
18565;97499;970
18566;98482;983
18567;99459;977
18568;100400;941
18569;101329;929
18570;102313;984
18571;103295;982
18572;104286;991
18573;105283;997
18574;106279;996
18575;107262;983
18576;108300;1038
18577;109357;1057
18578;110455;1098
18579;111622;1167
18580;112870;1248
18581;114185;1315
18582;115448;1263
18583;116699;1251
18584;118008;1309
18585;119390;1382
18586;120847;1457
18587;122435;1588
18588;123999;1564
18589;125482;1483
18590;126953;1471
18591;128449;1496
18592;130012;1563
18593;131633;1621
18594;133324;1691
18595;135008;1684
18596;136647;1639
18597;138219;1572
18598;139908;1689
18599;141609;1701
18600;143383;1774
18601;145279;1896
18602;147157;1878
18603;148953;1796
18604;150602;1649
18605;152453;1851
18606;154392;1939
18607;156359;1967
18608;158334;1975
18609;160295;1961
18610;162148;1853
18611;164059;1911
18612;165897;1838
18613;167731;1834
18614;169648;1917
18615;171579;1931
18616;173523;1944
18617;175416;1893
18618;177274;1858
18619;179196;1922
18620;181113;1917
18621;183006;1893
18622;184922;1916
18623;186747;1825
18624;188588;1841
18625;190404;1816
18626;192361;1957
18627;194284;1923
18628;196223;1939
18629;198125;1902
18630;199962;1837
18631;201831;1869
18632;203104;1273
18633;204958;1854
18634;206796;1838
18635;208601;1805
18636;210368;1767
18637;212201;1833
18638;213993;1792
18639;215724;1731
18640;217696;1972
18641;219663;1967
18642;221604;1941
18643;223537;1933
18644;225461;1924
18645;227360;1899
18646;228716;1356
18647;230494;1778
18648;232298;1804
18649;234111;1813
18650;235859;1748
18651;237611;1752
18652;238635;1024
18653;239482;847
18654;241133;1651
18655;242851;1718
18656;244718;1867
18657;246570;1852
18658;248336;1766
18659;249295;959
18660;249994;699
18661;251705;1711
18662;253413;1708
18663;255172;1759
18664;256959;1787
18665;258691;1732
18666;259499;808
18667;260060;561
18668;261859;1799
18669;263551;1692
18670;265284;1733
18671;267029;1745
18672;268687;1658
18673;269787;1100
18674;270921;1134
18675;272273;1352
18676;273659;1386
18677;275322;1663
18678;276990;1668
18679;278312;1322
18680;279456;1144
18681;280428;972
18682;281707;1279
18683;282898;1191
18684;284500;1602
18685;285959;1459
18686;287306;1347
18687;288267;961
18688;289136;869
18689;290447;1311
18690;291621;1174
18691;293103;1482
18692;294432;1329
18693;295511;1079
18694;296441;930
18695;297514;1073
18696;298123;609
18697;298960;837
18698;300146;1186
18699;301328;1182
18700;302323;995
18701;303270;947
18702;304146;876
18703;305270;1124
18704;306524;1254
18705;307938;1414
18706;309293;1355
18707;310445;1152
18708;311428;983
18709;312474;1046
18710;313852;1378
18711;314993;1141
18712;316418;1425
18713;317631;1213
18714;318681;1050
18715;319599;918
18716;320594;995
18717;321807;1213
18718;323043;1236
18719;324694;1651
18720;326065;1371
18721;327304;1239
18722;328290;986
18723;329258;968
18724;330536;1278
18725;331808;1272
18726;333430;1622
18727;334863;1433
18728;336038;1175
18729;336881;843
18730;337635;754
18731;338801;1166
18732;340023;1222
18733;341539;1516
18734;342923;1384
18735;344223;1300
18736;345110;887
18737;345998;888
18738;347316;1318
18739;348486;1170
18740;350221;1735
18741;351674;1453
18742;352950;1276
18743;353846;896
18744;354669;823
18745;355924;1255
18746;357233;1309
18747;358738;1505
18748;359982;1244
18749;361063;1081
18750;361897;834
18751;362594;697
18752;363732;1138
18753;364951;1219
18754;366305;1354
18755;367674;1369
18756;368888;1214
18757;369767;879
18758;370509;742
18759;371405;896
18760;372242;837
18761;373351;1109
18762;374714;1363
18763;376341;1627
18764;377532;1191
