condition;measurement;ncases
18283;0;0
18284;0;0
18285;0;0
18286;0;0
18287;0;0
18288;0;0
18289;0;0
18290;0;0
18291;0;0
18292;0;0
18293;0;0
18294;0;0
18295;0;0
18296;0;0
18297;0;0
18298;0;0
18299;0;0
18300;0;0
18301;0;0
18302;0;0
18303;0;0
18304;0;0
18305;0;0
18306;0;0
18307;0;0
18308;0;0
18309;0;0
18310;0;0
18311;0;0
18312;0;0
18313;0;0
18314;0;0
18315;0;0
18316;0;0
18317;0;0
18318;0;0
18319;0;0
18320;0;0
18321;0;0
18322;0;0
18323;0;0
18324;0;0
18325;0;0
18326;0;0
18327;0;0
18328;0;0
18329;0;0
18330;0;0
18331;0;0
18332;2;2
18333;2;0
18334;3;1
18335;10;7
18336;10;0
18337;11;1
18338;11;0
18339;12;1
18340;12;0
18341;15;3
18342;19;4
18343;24;5
18344;27;3
18345;29;2
18346;32;3
18347;43;11
18348;61;18
18349;74;13
18350;81;7
18351;97;16
18352;107;10
18353;115;8
18354;123;8
18355;132;9
18356;139;7
18357;157;18
18358;183;26
18359;194;11
18360;210;16
18361;264;54
18362;268;4
18363;275;7
18364;300;25
18365;330;30
18366;354;24
18367;397;43
18368;441;44
18369;465;24
18370;493;28
18371;520;27
18372;564;44
18373;598;34
18374;609;11
18375;703;94
18376;807;104
18377;866;59
18378;950;84
18379;1014;64
18380;1053;39
18381;1110;57
18382;1167;57
18383;1229;62
18384;1470;241
18385;1594;124
18386;1681;87
18387;1802;121
18388;1886;84
18389;2081;195
18390;2266;185
18391;2437;171
18392;2556;119
18393;2831;275
18394;2964;133
18395;3148;184
18396;3372;224
18397;3577;205
18398;3826;249
18399;4088;262
18400;4263;175
18401;4481;218
18402;4919;438
18403;5187;268
18404;5579;392
18405;5915;336
18406;6263;348
18407;6660;397
18408;7136;476
18409;7768;632
18410;8387;619
18411;8731;344
18412;9592;861
18413;9982;390
18414;10531;549
18415;10991;460
18416;11638;647
18417;12245;607
18418;12728;483
18419;13358;630
18420;13643;285
18421;13949;306
18422;14644;695
18423;15281;637
18424;16165;884
18425;16929;764
18426;17842;913
18427;18459;617
18428;19073;614
18429;19883;810
18430;20685;802
18431;21499;814
18432;22476;977
18433;23512;1036
18434;24388;876
18435;25493;1105
18436;26389;896
18437;27487;1098
18438;28503;1016
18439;29423;920
18440;30676;1253
18441;31524;848
18442;32125;601
18443;33219;1094
18444;34227;1008
18445;35528;1301
18446;36818;1290
18447;38071;1253
18448;39297;1226
18449;40509;1212
18450;41545;1036
18451;42984;1439
18452;44113;1129
18453;45565;1452
18454;47200;1635
18455;48187;987
18456;49250;1063
18457;50867;1617
18458;52218;1351
18459;54156;1938
18460;56102;1946
18461;58138;2036
18462;59582;1444
18463;60991;1409
18464;62357;1366
18465;64135;1778
18466;65252;1117
18467;66456;1204
18468;68281;1825
18469;69429;1148
18470;71181;1752
18471;72327;1146
18472;73534;1207
18473;75234;1700
18474;76789;1555
18475;78793;2004
18476;80153;1360
18477;81846;1693
18478;83361;1515
18479;85141;1780
18480;86423;1282
18481;87891;1468
18482;89055;1164
18483;89999;944
18484;91635;1636
18485;93328;1693
18486;95071;1743
18487;96459;1388
18488;97950;1491
18489;99146;1196
18490;100344;1198
18491;101223;879
18492;103019;1796
18493;105050;2031
18494;106065;1015
18495;107435;1370
18496;108427;992
18497;109149;722
18498;110148;999
18499;110999;851
18500;112094;1095
18501;113129;1035
18502;114409;1280
18503;115354;945
18504;115968;614
18505;116598;630
18506;117267;669
18507;117928;661
18508;118781;853
18509;119580;799
18510;120241;661
18511;120769;528
18512;121604;835
18513;122308;704
18514;123345;1037
18515;124205;860
18516;125172;967
18517;125982;810
18518;126791;809
18519;127619;828
18520;128286;667
18521;128872;586
18522;129419;547
18523;130051;632
18524;130470;419
18525;130676;206
18526;130986;310
18527;131453;467
18528;131990;537
18529;132618;628
18530;133222;604
18531;133592;370
18532;133901;309
18533;134223;322
18534;134641;418
18535;135311;670
18536;135716;405
18537;136219;503
18538;136569;350
18539;136868;299
18540;137107;239
18541;137468;361
18542;137706;238
18543;137969;263
18544;138226;257
18545;138463;237
18546;138574;111
18547;138695;121
18548;138922;227
18549;139141;219
18550;139319;178
18551;139562;243
18552;139710;148
18553;139771;61
18554;139890;119
18555;140037;147
18556;140228;191
18557;140445;217
18558;140612;167
18559;140779;167
18560;140853;74
18561;140952;99
18562;141124;172
18563;141321;197
18564;141484;163
18565;141631;147
18566;141757;126
18567;141833;76
18568;141867;34
18569;141936;69
18570;142062;126
18571;142201;139
18572;142343;142
18573;142427;84
18574;142475;48
18575;142561;86
18576;142664;103
18577;142776;112
18578;142889;113
18579;143069;180
18580;143181;112
18581;143246;65
18582;143371;125
18583;143473;102
18584;143569;96
18585;143756;187
18586;143854;98
18587;143922;68
18588;143978;56
18589;144034;56
18590;144147;113
18591;144276;129
18592;144390;114
18593;144494;104
18594;144592;98
18595;144622;30
18596;144708;86
18597;144810;102
18598;144994;184
18599;145186;192
18600;145325;139
18601;145492;167
18602;145560;68
18603;145657;97
18604;145846;189
18605;146060;214
18606;146385;325
18607;146697;312
18608;147030;333
18609;147150;120
18610;147345;195
18611;147716;371
18612;148214;498
18613;148665;451
18614;149149;484
18615;149770;621
18616;150023;253
18617;150385;362
18618;151059;674
18619;152064;1005
18620;153121;1057
18621;153590;469
18622;154349;759
18623;154843;494
18624;155594;751
18625;156887;1293
18626;158372;1485
18627;160124;1752
18628;160985;861
18629;162055;1070
18630;162661;606
18631;163671;1010
18632;165268;1597
18633;166981;1713
18634;168891;1910
18635;171154;2263
18636;172798;1644
18637;173896;1098
18638;175288;1392
18639;176761;1473
18640;178818;2057
18641;181016;2198
18642;183589;2573
18643;185680;2091
18644;187183;1503
18645;188733;1550
18646;191090;2357
18647;193745;2655
18648;196393;2648
18649;198257;1864
18650;199989;1732
18651;201037;1048
18652;202818;1781
18653;205208;2390
18654;208074;2866
18655;210726;2652
18656;213392;2666
18657;215397;2005
18658;216835;1438
18659;218299;1464
18660;220426;2127
18661;222447;2021
18662;224234;1787
18663;225910;1676
18664;227128;1218
18665;227967;839
18666;229187;1220
18667;230731;1544
18668;232502;1771
18669;233854;1352
18670;235098;1244
18671;236036;938
18672;236732;696
18673;237144;412
18674;237706;562
18675;238495;789
18676;239524;1029
18677;240676;1152
18678;241771;1095
18679;242292;521
18680;243176;884
18681;244380;1204
18682;245719;1339
18683;246822;1103
18684;247891;1069
18685;248547;656
18686;249010;463
18687;249767;757
18688;250557;790
18689;251391;834
18690;252360;969
18691;253297;937
18692;253950;653
18693;254273;323
18694;254736;463
18695;255621;885
18696;256462;841
18697;257240;778
18698;258324;1084
18699;259004;680
18700;259389;385
18701;260059;670
18702;260988;929
18703;262056;1068
18704;262941;885
18705;263808;867
18706;264411;603
18707;264634;223
18708;265207;573
18709;266086;879
18710;267059;973
18711;267833;774
18712;268711;878
18713;269302;591
18714;269628;326
18715;270347;719
18716;271419;1072
18717;272411;992
18718;273327;916
18719;273947;620
18720;274467;520
18721;274934;467
18722;275392;458
18723;276890;1498
18724;277966;1076
18725;279207;1241
18726;280649;1442
18727;281570;921
18728;282095;525
18729;283084;989
18730;284183;1099
18731;285291;1108
18732;286114;823
18733;287360;1246
18734;287360;0
18735;289066;1706
18736;290362;1296
18737;291675;1313
18738;293061;1386
18739;294391;1330
18740;295892;1501
18741;297185;1293
18742;297659;474
18743;298778;1119
18744;300258;1480
18745;301831;1573
18746;301831;0
18747;303732;1901
18748;306527;2795
18749;306527;0
18750;308984;2457
18751;308984;0
18752;310572;1588
18753;314190;3618
18754;314190;0
18755;317547;3357
18756;317547;0
18757;318610;1063
18758;320209;1599
18759;322578;2369
18760;324868;2290
18761;327224;2356
18762;329733;2509
18763;332567;2834
18764;334824;2257
