condition;measurement;ncases
18283;0;0
18284;0;0
18285;0;0
18286;0;0
18287;0;0
18288;0;0
18289;0;0
18290;0;0
18291;0;0
18292;0;0
18293;0;0
18294;0;0
18295;0;0
18296;0;0
18297;0;0
18298;0;0
18299;0;0
18300;0;0
18301;0;0
18302;0;0
18303;0;0
18304;0;0
18305;0;0
18306;0;0
18307;0;0
18308;0;0
18309;0;0
18310;0;0
18311;0;0
18312;0;0
18313;0;0
18314;0;0
18315;0;0
18316;0;0
18317;0;0
18318;1;1
18319;1;0
18320;1;0
18321;2;1
18322;2;0
18323;2;0
18324;2;0
18325;4;2
18326;4;0
18327;13;9
18328;13;0
18329;20;7
18330;25;5
18331;31;6
18332;38;7
18333;52;14
18334;151;99
18335;151;0
18336;162;11
18337;200;38
18338;321;121
18339;372;51
18340;621;249
18341;793;172
18342;1021;228
18343;1546;525
18344;1924;378
18345;2247;323
18346;2554;307
18347;2985;431
18348;3417;432
18349;3904;487
18350;4256;352
18351;4579;323
18352;5717;1138
18353;6836;1119
18354;8044;1208
18355;9056;1012
18356;10360;1304
18357;11130;770
18358;12161;1031
18359;14034;1873
18360;16170;2136
18361;18092;1922
18362;19638;1546
18363;20727;1089
18364;22192;1465
18365;23430;1238
18366;25262;1832
18367;28320;3058
18368;30425;2105
18369;33682;3257
18370;36658;2976
18371;38654;1996
18372;40743;2089
18373;43079;2336
18374;45757;2678
18375;50036;4279
18376;54043;4007
18377;59324;5281
18378;63100;3776
18379;67446;4346
18380;73235;5789
18381;79685;6450
18382;87187;7502
18383;92202;5015
18384;97100;4898
18385;101826;4726
18386;108620;6794
18387;115455;6835
18388;126611;11156
18389;135773;9162
18390;146894;11121
18391;156061;9167
18392;162699;6638
18393;169594;6895
18394;178214;8620
18395;190137;11923
18396;203165;13028
18397;220291;17126
18398;233511;13220
18399;241080;7569
18400;255368;14288
18401;271885;16517
18402;291579;19694
18403;310087;18508
18404;330890;20803
18405;347398;16508
18406;363211;15813
18407;374898;11687
18408;391222;16324
18409;411821;20599
18410;438238;26417
18411;465166;26928
18412;498440;33274
18413;514849;16409
18414;526447;11598
18415;555383;28936
18416;584016;28633
18417;614941;30925
18418;645771;30830
18419;672846;27075
18420;691758;18912
18421;707412;15654
18422;739503;32091
18423;772416;32913
18424;802828;30412
18425;828810;25982
18426;850514;21704
18427;867624;17110
18428;888271;20647
18429;923189;34918
18430;955377;32188
18431;978142;22765
18432;1032913;54771
18433;1067579;34666
18434;1083341;15762
18435;1106470;23129
18436;1145906;39436
18437;1188631;42725
18438;1228114;39483
18439;1274974;46860
18440;1313667;38693
18441;1344143;30476
18442;1368195;24052
18443;1402041;33846
18444;1448753;46712
18445;1496858;48105
18446;1539081;42223
18447;1577004;37923
18448;1603055;26051
18449;1623284;20229
18450;1668589;45305
18451;1713160;44571
18452;1755779;42619
18453;1800827;45048
18454;1839850;39023
18455;1864681;24831
18456;1884967;20286
18457;1926824;41857
18458;1966748;39924
18459;2012151;45403
18460;2046328;34177
18461;2074860;28532
18462;2098389;23529
18463;2118646;20257
18464;2159654;41008
18465;2227514;67860
18466;2287475;59961
18467;2343366;55891
18468;2394513;51147
18469;2419091;24578
18470;2442375;23284
18471;2483191;40816
18472;2552265;69074
18473;2610102;57837
18474;2662485;52383
18475;2707877;45392
18476;2733677;25800
18477;2750318;16641
18478;2801921;51603
18479;2859073;57152
18480;2912212;53139
18481;2962442;50230
18482;3012412;49970
18483;3035422;23010
18484;3057470;22048
18485;3109630;52160
18486;3164785;55155
18487;3224876;60091
18488;3275520;50644
18489;3317096;41576
18490;3340197;23101
18491;3359570;19373
18492;3407354;47784
18493;3456652;49298
18494;3501975;45323
18495;3532330;30355
18496;3582362;50032
18497;3605783;23421
18498;3622861;17078
18499;3669995;47134
18500;3717156;47161
18501;3761391;44235
18502;3804803;43412
18503;3846153;41350
18504;3862311;16158
18505;3908272;45961
18506;3950931;42659
18507;3997865;46934
18508;4041638;43773
18509;4091801;50163
18510;4123000;31199
18511;4137521;14521
18512;4147794;10273
18513;4162073;14279
18514;4197889;35816
18515;4238446;40557
18516;4282164;43718
18517;4315687;33523
18518;4330455;14768
18519;4345610;15155
18520;4382263;36653
18521;4419083;36820
18522;4455386;36303
18523;4495183;39797
18524;4528240;33057
18525;4544629;16389
18526;4558040;13411
18527;4591364;33324
18528;4591364;0
18529;4657702;66338
18530;4689613;31911
18531;4717991;28378
18532;4732309;14318
18533;4745464;13155
18534;4777522;32058
18535;4810935;33413
18536;4847092;36157
18537;4847092;0
18538;4906833;59741
18539;4915289;8456
18540;4927235;11946
18541;4969141;41906
18542;5000694;31553
18543;5028444;27750
18544;5055888;27444
18545;5082637;26749
18546;5094979;12342
18547;5103408;8429
18548;5113628;10220
18549;5140863;27235
18550;5169386;28523
18551;5200300;30914
18552;5224362;24062
18553;5224362;0
18554;5250727;26365
18555;5273954;23227
18556;5298772;24818
18557;5323630;24858
18558;5353656;30026
18559;5380635;26979
18560;5394128;13493
18561;5409854;15726
18562;5439641;29787
18563;5468270;28629
18564;5494376;26106
18565;5516658;22282
18566;5535605;18947
18567;5545705;10100
18568;5554206;8501
18569;5566049;11843
18570;5590025;23976
18571;5590025;0
18572;5631181;41156
18573;5653561;22380
18574;5664115;10554
18575;5675032;10917
18576;5699005;23973
18577;5747660;48655
18578;5781582;33922
18579;5810652;29070
18580;5848959;38307
18581;5863093;14134
18582;5876464;13371
18583;5911758;35294
18584;5945849;34091
18585;5981767;35918
18586;6020164;38397
18587;6052786;32622
18588;6071401;18615
18589;6087608;16207
18590;6118708;31100
18591;6166606;47898
18592;6204220;37614
18593;6238350;34130
18594;6290272;51922
18595;6314740;24468
18596;6335878;21138
18597;6386787;50909
18598;6436650;49863
18599;6487084;50434
18600;6533968;46884
18601;6577177;43209
18602;6603540;26363
18603;6623911;20371
18604;6674999;51088
18605;6728452;53453
18606;6781799;53347
18607;6836227;54428
18608;6880127;43900
18609;6901952;21825
18610;6927145;25193
18611;6970034;42889
18612;7040608;70574
18613;7110434;69826
18614;7162978;52544
18615;7213155;50177
18616;7238600;25445
18617;7263619;25019
18618;7318821;55202
18619;7365517;46696
18620;7423945;58428
18621;7448560;24615
18622;7465806;17246
18623;7484285;18479
18624;7504833;20548
18625;7563551;58718
18626;7619200;55649
18627;7675973;56773
18628;7700578;24605
18629;7716405;15827
18630;7733746;17341
18631;7753752;20006
18632;7810400;56648
18633;7873830;63430
18634;7961673;87843
18635;8013708;52035
18636;8075998;62290
18637;8105790;29792
18638;8131612;25822
18639;8195637;64025
18640;8256536;60899
18641;8324294;67758
18642;8393492;69198
18643;8455059;61567
18644;8488099;33040
18645;8511770;23671
18646;8573864;62094
18647;8638249;64385
18648;8697368;59119
18649;8753920;56552
18650;8816254;62334
18651;8844577;28323
18652;8871393;26816
18653;8933356;61963
18654;8996876;63520
18655;9058687;61811
18656;9118513;59826
18657;9176975;58462
18658;9204731;27756
18659;9229322;24591
18660;9283418;54096
18661;9339420;56002
18662;9396293;56873
18663;9447165;50872
18664;9447165;0
18665;9524640;77475
18666;9524640;0
18667;9599565;74925
18668;9659167;59602
18669;9713909;54742
18670;9765455;51546
18671;9809754;44299
18672;9834513;24759
18673;9866710;32197
18674;9921981;55271
18675;9978747;56766
18676;10030626;51879
18677;10084208;53582
18678;10139148;54940
18679;10168174;29026
18680;10195160;26986
18681;10257875;62715
18682;10324463;66588
18683;10390461;65998
18684;10455630;65169
18685;10517232;61602
18686;10551259;34027
18687;10587001;35742
18688;10646926;59925
18689;10718630;71704
18690;10793732;75102
18691;10869227;75495
18692;10938836;69609
18693;11019344;80508
18694;11051665;32321
18695;11122429;70764
18696;11202305;79876
18697;11277717;75412
18698;11363380;85663
18699;11439558;76178
18700;11483370;43812
18701;11519609;36239
18702;11603535;83926
18703;11693838;90303
18704;11780820;86982
18705;11871390;90570
18706;11950459;79069
18707;11998233;47774
18708;12047526;49293
18709;12130019;82493
18710;12220011;89992
18711;12320169;100158
18712;12404414;84245
18713;12490362;85948
18714;12534688;44326
18715;12573615;38927
18716;12658109;84494
18717;12748747;90638
18718;12839844;91097
18719;12910082;70238
18720;12953597;43515
18721;12984956;31359
18722;13013601;28645
18723;13100580;86979
18724;13193205;92625
18725;13279857;86652
18726;13373174;93317
18727;13445006;71832
18728;13482023;37017
18729;13517808;35785
18730;13599994;82186
18731;13673507;73513
18732;13746681;73174
18733;13832455;85774
18734;13900091;67636
18735;13943071;42980
18736;13973695;30624
18737;14043076;69381
18738;14122795;79719
18739;14167973;45178
18740;14237078;69105
18741;14308215;71137
18742;14340787;32572
18743;14369423;28636
18744;14441563;72140
18745;14521289;79726
18746;14590678;69389
18747;14659011;68333
18748;14725975;66964
18749;14754910;28935
18750;14779529;24619
18751;14856888;77359
18752;14930183;73295
18753;15003563;73380
18754;15082449;78886
18755;15145879;63430
18756;15184790;38911
18757;15209990;25200
18758;15282705;72715
18759;15359397;76692
18760;15433989;74592
18761;15519525;85536
18762;15586534;67009
18763;15627243;40709
18764;15657391;30148
