condition;measurement;ncases
18283;0;0
18284;0;0
18285;0;0
18286;0;0
18287;0;0
18288;0;0
18289;0;0
18290;0;0
18291;0;0
18292;0;0
18293;0;0
18294;0;0
18295;0;0
18296;0;0
18297;0;0
18298;0;0
18299;0;0
18300;0;0
18301;0;0
18302;0;0
18303;0;0
18304;0;0
18305;0;0
18306;0;0
18307;0;0
18308;0;0
18309;0;0
18310;0;0
18311;0;0
18312;0;0
18313;0;0
18314;0;0
18315;0;0
18316;0;0
18317;0;0
18318;0;0
18319;0;0
18320;0;0
18321;0;0
18322;0;0
18323;0;0
18324;0;0
18325;0;0
18326;0;0
18327;0;0
18328;0;0
18329;4;4
18330;4;0
18331;4;0
18332;7;3
18333;7;0
18334;23;16
18335;41;18
18336;51;10
18337;52;1
18338;67;15
18339;92;25
18340;94;2
18341;127;33
18342;163;36
18343;187;24
18344;201;14
18345;218;17
18346;242;24
18347;264;22
18348;293;29
18349;331;38
18350;346;15
18351;359;13
18352;399;40
18353;422;23
18354;457;35
18355;485;28
18356;503;18
18357;531;28
18358;549;18
18359;577;28
18360;593;16
18361;618;25
18362;635;17
18363;661;26
18364;675;14
18365;685;10
18366;713;28
18367;747;34
18368;800;53
18369;846;46
18370;878;32
18371;894;16
18372;929;35
18373;975;46
18374;1024;49
18375;1097;73
18376;1234;137
18377;1247;13
18378;1300;53
18379;1363;63
18380;1399;36
18381;1447;48
18382;1506;59
18383;1555;49
18384;1594;39
18385;1618;24
18386;1652;34
18387;1704;52
18388;1778;74
18389;1829;51
18390;1872;43
18391;1921;49
18392;1965;44
18393;1990;25
18394;2023;33
18395;2069;46
18396;2100;31
18397;2138;38
18398;2175;37
18399;2211;36
18400;2235;24
18401;2259;24
18402;2292;33
18403;2331;39
18404;2372;41
18405;2408;36
18406;2427;19
18407;2433;6
18408;2443;10
18409;2460;17
18410;2477;17
18411;2485;8
18412;2499;14
18413;2513;14
18414;2519;6
18415;2538;19
18416;2560;22
18417;2585;25
18418;2627;42
18419;2711;84
18420;2727;16
18421;2810;83
18422;2889;79
18423;2993;104
18424;3086;93
18425;3191;105
18426;3266;75
18427;3290;24
18428;3341;51
18429;3453;112
18430;3542;89
18431;3674;132
18432;3755;81
18433;3872;117
18434;3905;33
18435;3984;79
18436;4114;130
18437;4242;128
18438;4408;166
18439;4513;105
18440;4625;112
18441;4691;66
18442;4831;140
18443;4989;158
18444;5154;165
18445;5315;161
18446;5497;182
18447;5677;180
18448;5740;63
18449;5914;174
18450;6102;188
18451;6342;240
18452;6672;330
18453;6964;292
18454;7175;211
18455;7252;77
18456;7411;159
18457;7645;234
18458;7877;232
18459;8144;267
18460;8442;298
18461;8638;196
18462;8733;95
18463;8929;196
18464;9254;325
18465;9584;330
18466;9853;269
18467;10123;270
18468;10312;189
18469;10427;115
18470;10621;194
18471;10871;250
18472;11155;284
18473;11420;265
18474;11690;270
18475;11836;146
18476;11955;119
18477;12159;204
18478;12414;255
18479;12717;303
18480;13014;297
18481;13209;195
18482;13343;134
18483;13396;53
18484;13512;116
18485;13722;210
18486;13893;171
18487;13893;0
18488;14243;350
18489;14333;90
18490;14365;32
18491;14500;135
18492;14669;169
18493;14820;151
18494;14962;142
18495;15131;169
18496;15131;0
18497;15287;156
18498;15386;99
18499;15589;203
18500;15751;162
18501;15908;157
18502;16065;157
18503;16164;99
18504;16190;26
18505;16266;76
18506;16454;188
18507;16617;163
18508;16775;158
18509;16954;179
18510;17050;96
18511;17089;39
18512;17146;57
18513;17313;167
18514;17435;122
18515;17598;163
18516;17799;201
18517;17891;92
18518;17918;27
18519;18061;143
18520;18216;155
18521;18390;174
18522;18544;154
18523;18733;189
18524;18819;86
18525;18863;44
18526;19014;151
18527;19123;109
18528;19283;160
18529;19573;290
18530;19828;255
18531;19997;169
18532;20055;58
18533;20271;216
18534;20547;276
18535;20833;286
18536;20833;0
18537;21336;503
18538;21518;182
18539;21587;69
18540;21870;283
18541;22306;436
18542;22743;437
18543;23259;516
18544;23871;612
18545;24319;448
18546;24402;83
18547;24989;587
18548;25774;785
18549;26593;819
18550;27507;914
18551;28505;998
18552;29108;603
18553;29503;395
18554;30527;1024
18555;31863;1336
18556;33335;1472
18557;34930;1595
18558;36519;1589
18559;37562;1043
18560;37889;327
18561;40132;2243
18562;42701;2569
18563;45461;2760
18564;48150;2689
18565;51041;2891
18566;52844;1803
18567;54069;1225
18568;56496;2427
18569;60537;4041
18570;64591;4054
18571;68345;3754
18572;72184;3839
18573;74485;2301
18574;75160;675
18575;78976;3816
18576;83366;4390
18577;87311;3945
18578;90725;3414
18579;94937;4212
18580;97435;2498
18581;98251;816
18582;101770;3519
18583;106598;4828
18584;110536;3938
18585;114435;3899
18586;118418;3983
18587;120697;2279
18588;121820;1123
18589;124966;3146
18590;129348;4382
18591;133060;3712
18592;136628;3568
18593;139955;3327
18594;141747;1792
18595;142486;739
18596;145300;2814
18597;148775;3475
18598;151913;3138
18599;155193;3280
18600;158807;3614
18601;160844;2037
18602;161421;577
18603;164185;2764
18604;168165;3980
18605;171493;3328
18606;174568;3075
18607;177665;3097
18608;178952;1287
18609;179449;497
18610;181544;2095
18611;184287;2743
18612;186246;1959
18613;188288;2042
18614;190027;1739
18615;191029;1002
18616;191195;166
18617;192472;1277
18618;194271;1799
18619;195886;1615
18620;196658;772
18621;196915;257
18622;197384;469
18623;197716;332
18624;198053;337
18625;199491;1438
18626;201220;1729
18627;202266;1046
18628;202540;274
18629;202880;340
18630;203051;171
18631;204080;1029
18632;205390;1310
18633;206392;1002
18634;207259;867
18635;208012;753
18636;208406;394
18637;208511;105
18638;209131;620
18639;209881;750
18640;210416;535
18641;210951;535
18642;211503;552
18643;211736;233
18644;211813;77
18645;212383;570
18646;212927;544
18647;213409;482
18648;213864;455
18649;214430;566
18650;214696;266
18651;214817;121
18652;215589;772
18653;216416;827
18654;217014;598
18655;217574;560
18656;218269;695
18657;218618;349
18658;218748;130
18659;219580;832
18660;220547;967
18661;221266;719
18662;222149;883
18663;223059;910
18664;223552;493
18665;223734;182
18666;224849;1115
18667;226061;1212
18668;226974;913
18669;228044;1070
18670;229010;966
18671;229516;506
18672;229679;163
18673;230747;1068
18674;232096;1349
18675;233342;1246
18676;234428;1086
18677;235891;1463
18678;236439;548
18679;236666;227
18680;238591;1925
18681;240391;1800
18682;242124;1733
18683;243946;1822
18684;245627;1681
18685;246706;1079
18686;247038;332
18687;249626;2588
18688;252029;2403
18689;253183;1154
18690;255381;2198
18691;258385;3004
18692;259811;1426
18693;260308;497
18694;263303;2995
18695;266805;3502
18696;269579;2774
18697;272700;3121
18698;275859;3159
18699;277878;2019
18700;278557;679
18701;283194;4637
18702;287568;4374
18703;291769;4201
18704;295777;4008
18705;299939;4162
18706;302480;2541
18707;303423;943
18708;307890;4467
18709;312741;4851
18710;317116;4375
18711;321104;3988
18712;325233;4129
18713;327770;2537
18714;328753;983
18715;333250;4497
18716;338426;5176
18717;342633;4207
18718;346327;3694
18719;350340;4013
18720;352259;1919
18721;352999;740
18722;356859;3860
18723;356859;0
18724;364419;7560
18725;367376;2957
18726;370179;2803
18727;371531;1352
18728;371993;462
18729;375115;3122
18730;378059;2944
18731;380576;2517
18732;382761;2185
18733;384887;2126
18734;385963;1076
18735;386381;418
18736;388815;2434
18737;390911;2096
18738;392913;2002
18739;392913;0
18740;396302;3389
18741;397100;798
18742;397500;400
18743;399259;1759
18744;401109;1850
18745;402491;1382
18746;403728;1237
18747;404380;652
18748;404846;466
18749;405194;348
18750;405825;631
18751;406192;367
18752;407827;1635
18753;408372;545
18754;409495;1123
18755;409961;466
18756;410202;241
18757;411280;1078
18758;412157;877
18759;412814;657
18760;413320;506
18761;413838;518
18762;414041;203
18763;414192;151
18764;414869;677
