condition;measurement;ncases
18283;0;0
18284;0;0
18285;0;0
18286;0;0
18287;0;0
18288;0;0
18289;0;0
18290;0;0
18291;0;0
18292;0;0
18293;0;0
18294;0;0
18295;0;0
18296;0;0
18297;0;0
18298;0;0
18299;0;0
18300;0;0
18301;0;0
18302;0;0
18303;0;0
18304;0;0
18305;0;0
18306;0;0
18307;0;0
18308;0;0
18309;0;0
18310;0;0
18311;0;0
18312;0;0
18313;0;0
18314;0;0
18315;2;2
18316;2;0
18317;2;0
18318;2;0
18319;2;0
18320;2;0
18321;2;0
18322;9;7
18323;9;0
18324;10;1
18325;10;0
18326;13;3
18327;13;0
18328;13;0
18329;20;7
18330;20;0
18331;25;5
18332;35;10
18333;35;0
18334;55;20
18335;88;33
18336;101;13
18337;182;81
18338;228;46
18339;265;37
18340;265;0
18341;461;196
18342;592;131
18343;687;95
18344;801;114
18345;977;176
18346;1197;220
18347;1361;164
18348;1665;304
18349;2015;350
18350;2245;230
18351;2555;310
18352;2844;289
18353;3137;293
18354;3510;373
18355;3843;333
18356;4355;512
18357;4665;310
18358;5009;344
18359;5310;301
18360;5740;430
18361;6166;426
18362;6695;529
18363;7366;671
18364;7652;286
18365;7964;312
18366;8356;392
18367;8712;356
18368;9246;534
18369;9691;445
18370;10598;907
18371;10956;358
18372;11375;419
18373;11700;325
18374;12164;464
18375;12680;516
18376;13174;494
18377;14537;1363
18378;15010;473
18379;15492;482
18380;16044;552
18381;16564;520
18382;17702;1138
18383;18687;985
18384;21213;2526
18385;22441;1228
18386;23421;980
18387;24794;1373
18388;25826;1032
18389;27359;1533
18390;28750;1391
18391;32208;3458
18392;33855;1647
18393;35052;1197
18394;36710;1658
18395;39370;2660
18396;42029;2659
18397;44531;2502
18398;50016;5485
18399;52369;2353
18400;54647;2278
18401;58167;3520
18402;62205;4038
18403;66169;3964
18404;70445;4276
18405;80287;9842
18406;83996;3709
18407;88891;4895
18408;92855;3964
18409;97183;4328
18410;101837;4654
18411;105532;3695
18412;118720;13188
18413;123550;4830
18414;129020;5470
18415;132548;3528
18416;137490;4942
18417;142154;4664
18418;146361;4207
18419;160351;13990
18420;166756;6405
18421;171452;4696
18422;175365;3913
18423;181062;5697
18424;186698;5636
18425;193452;6754
18426;201634;8182
18427;208572;6938
18428;213715;5143
18429;218728;5013
18430;220628;1900
18431;225103;4475
18432;231393;6290
18433;236748;5355
18434;242355;5607
18435;246963;4608
18436;250767;3804
18437;254416;3649
18438;259064;4648
18439;263360;4296
18440;267766;4406
18441;271982;4216
18442;275999;4017
18443;279393;3394
18444;282043;2650
18445;284541;2498
18446;288089;3548
18447;291847;3758
18448;295532;3685
18449;298557;3025
18450;301019;2462
18451;303083;2064
18452;306216;3133
18453;309274;3058
18454;312029;2755
18455;315041;3012
18456;317657;2616
18457;319493;1836
18458;321205;1712
18459;323698;2493
18460;326439;2741
18461;328846;2407
18462;330930;2084
18463;333029;2099
18464;334683;1654
18465;336402;1719
18466;338759;2357
18467;341304;2545
18468;343592;2288
18469;345790;2198
18470;347923;2133
18471;349800;1877
18472;351575;1775
18473;353536;1961
18474;355667;2131
18475;357658;1991
18476;359731;2073
18477;361493;1762
18478;362962;1469
18479;364723;1761
18480;366671;1948
18481;368825;2154
18482;371023;2198
18483;373056;2033
18484;375044;1988
18485;376616;1572
18486;378168;1552
18487;380034;1866
18488;382111;2077
18489;383902;1791
18490;385946;2044
18491;387502;1556
18492;388855;1353
18493;390037;1182
18494;391849;1812
18495;393769;1920
18496;395708;1939
18497;397665;1957
18498;399568;1903
18499;400985;1417
18500;402365;1380
18501;404102;1737
18502;405972;1870
18503;408009;2037
18504;409974;1965
18505;411726;1752
18506;413145;1419
18507;414739;1594
18508;416501;1762
18509;418469;1968
18510;420434;1965
18511;422510;2076
18512;424274;1764
18513;425541;1267
18514;427027;1486
18515;428669;1642
18516;430535;1866
18517;432666;2131
18518;434748;2082
18519;436433;1685
18520;437983;1550
18521;439287;1304
18522;441150;1863
18523;442827;1677
18524;444674;1847
18525;446274;1600
18526;447468;1194
18527;448523;1055
18528;449903;1380
18529;451634;1731
18530;453868;2234
18531;455979;2111
18532;457901;1922
18533;459671;1770
18534;461300;1629
18535;462991;1691
18536;464750;1759
18537;466590;1840
18538;468471;1881
18539;470179;1708
18540;471746;1567
18541;473306;1560
18542;474440;1134
18543;476016;1576
18544;477769;1753
18545;479595;1826
18546;481371;1776
18547;482832;1461
18548;484280;1448
18549;485372;1092
18550;486496;1124
18551;488190;1694
18552;490003;1813
18553;491760;1757
18554;493305;1545
18555;494478;1173
18556;495637;1159
18557;497131;1494
18558;498906;1775
18559;500542;1636
18560;502063;1521
18561;503598;1535
18562;504525;927
18563;505530;1005
18564;507050;1520
18565;508571;1521
18566;510256;1685
18567;511864;1608
18568;513140;1276
18569;514202;1062
18570;515042;840
18571;516582;1540
18572;518390;1808
18573;519977;1587
18574;521558;1581
18575;522879;1321
18576;523907;1028
18577;524804;897
18578;526438;1634
18579;528030;1592
18580;529676;1646
18581;531273;1597
18582;532604;1331
18583;533610;1006
18584;534558;948
18585;536012;1454
18586;537585;1573
18587;539143;1558
18588;540640;1497
18589;542080;1440
18590;543087;1007
18591;544092;1005
18592;545662;1570
18593;547243;1581
18594;548941;1698
18595;550430;1489
18596;551743;1313
18597;552864;1121
18598;553898;1034
18599;555406;1508
18600;557135;1729
18601;558668;1533
18602;560382;1714
18603;562142;1760
18604;563534;1392
18605;564778;1244
18606;566440;1662
18607;567974;1534
18608;569781;1807
18609;571919;2138
18610;573830;1911
18611;575329;1499
18612;576731;1402
18613;578732;2001
18614;581135;2403
18615;583355;2220
18616;585546;2191
18617;587993;2447
18618;589189;1196
18619;590914;1725
18620;594152;3238
18621;595831;1679
18622;598394;2563
18623;600105;1711
18624;602028;1923
18625;603986;1958
18626;606950;2964
18627;608973;2023
18628;612564;3591
18629;615902;3338
18630;618191;2289
18631;620641;2450
18632;623101;2460
18633;625483;2382
18634;629176;3693
18635;633381;4205
18636;637742;4361
18637;641923;4181
18638;645892;3969
18639;649135;3243
18640;652525;3390
18641;656712;4187
18642;661180;4468
18643;665493;4313
18644;669832;4339
18645;673750;3918
18646;677151;3401
18647;680740;3589
18648;685107;4367
18649;690066;4959
18650;694647;4581
18651;699110;4463
18652;703178;4068
18653;706500;3322
18654;709888;3388
18655;714143;4255
18656;718749;4606
18657;722900;4151
18658;727109;4209
18659;730888;3779
18660;734035;3147
18661;736645;2610
18662;740237;3592
18663;744019;3782
18664;748082;4063
18665;751886;3804
18666;755350;3464
18667;758189;2839
18668;760576;2387
18669;764307;3731
18670;768471;4164
18671;772396;3925
18672;776209;3813
18673;779541;3332
18674;782039;2498
18675;784314;2275
18676;788142;3828
18677;791939;3797
18678;795845;3906
18679;799460;3615
18680;803009;3549
18681;805317;2308
18682;807872;2555
18683;812344;4472
18684;816929;4585
18685;821418;4489
18686;824625;3207
18687;829770;5145
18688;832512;2742
18689;835552;3040
18690;840119;4567
18691;845450;5331
18692;850483;5033
18693;855785;5302
18694;860533;4748
18695;864064;3531
18696;867949;3885
18697;873512;5563
18698;879485;5973
18699;885379;5894
18700;891110;5731
18701;896231;5121
18702;900782;4551
18703;904212;3430
18704;911469;7257
18705;918053;6584
18706;925089;7036
18707;931939;6850
18708;938094;6155
18709;942958;4864
18710;947783;4825
18711;954843;7060
18712;962321;7478
18713;969913;7592
18714;977243;7330
18715;984484;7241
18716;989492;5008
18717;995538;6046
18718;1003406;7868
18719;1011485;8079
18720;1019478;7993
18721;1026785;7307
18722;1032612;5827
18723;1037780;5168
18724;1043022;5242
18725;1051270;8248
18726;1060421;9151
18727;1068522;8101
18728;1076499;7977
18729;1082920;6421
18730;1088710;5790
18731;1094267;5557
18732;1101698;7431
18733;1109311;7613
18734;1117348;8037
18735;1124718;7370
18736;1131340;6622
18737;1136189;4849
18738;1141403;5214
18739;1148320;6917
18740;1155902;7582
18741;1162811;6909
18742;1169536;6725
18743;1175614;6078
18744;1179772;4158
18745;1184271;4499
18746;1190991;6720
18747;1198245;7254
18748;1203755;5510
18749;1210920;7165
18750;1215815;4895
18751;1219064;3249
18752;1222949;3885
18753;1229248;6299
18754;1235778;6530
18755;1241976;6198
18756;1247469;5493
18757;1252808;5339
18758;1256546;3738
18759;1260448;3902
18760;1266601;6153
18761;1273516;6915
18762;1280252;6736
18763;1286548;6296
18764;1292096;5548
