condition;measurement;ncases
18283;548;548
18284;643;95
18285;920;277
18286;1406;486
18287;2075;669
18288;2877;802
18289;5509;2632
18290;6087;578
18291;8141;2054
18292;9802;1661
18293;11891;2089
18294;16630;4739
18295;19716;3086
18296;23707;3991
18297;27440;3733
18298;30587;3147
18299;34110;3523
18300;36814;2704
18301;39829;3015
18302;42354;2525
18303;44386;2032
18304;44759;373
18305;59895;15136
18306;66358;6463
18307;68413;2055
18308;70513;2100
18309;72434;1921
18310;74211;1777
18311;74619;408
18312;75077;458
18313;75550;473
18314;77001;1451
18315;77022;21
18316;77241;219
18317;77754;513
18318;78166;412
18319;78600;434
18320;78928;328
18321;79356;428
18322;79932;576
18323;80136;204
18324;80261;125
18325;80386;125
18326;80537;151
18327;80690;153
18328;80770;80
18329;80823;53
18330;80860;37
18331;80887;27
18332;80921;34
18333;80932;11
18334;80945;13
18335;80977;32
18336;81003;26
18337;81033;30
18338;81058;25
18339;81102;44
18340;81156;54
18341;81250;94
18342;81305;55
18343;81435;130
18344;81498;63
18345;81591;93
18346;81661;70
18347;81782;121
18348;81897;115
18349;81999;102
18350;82122;123
18351;82198;76
18352;82279;81
18353;82361;82
18354;82432;71
18355;82511;79
18356;82543;32
18357;82602;59
18358;82665;63
18359;82718;53
18360;82809;91
18361;82883;74
18362;82941;58
18363;83014;73
18364;83134;120
18365;83213;79
18366;83306;93
18367;83356;50
18368;83403;47
18369;83760;357
18370;83787;27
18371;83805;18
18372;83817;12
18373;83853;36
18374;83868;15
18375;83884;16
18376;83899;15
18377;83909;10
18378;83912;3
18379;83918;6
18380;83940;22
18381;83944;4
18382;83956;12
18383;83959;3
18384;83959;0
18385;83964;5
18386;83966;2
18387;83968;2
18388;83970;2
18389;83975;5
18390;83976;1
18391;83990;14
18392;84010;20
18393;84011;1
18394;84018;7
18395;84024;6
18396;84029;5
18397;84038;9
18398;84044;6
18399;84054;10
18400;84063;9
18401;84063;0
18402;84063;0
18403;84063;0
18404;84081;18
18405;84084;3
18406;84095;11
18407;84102;7
18408;84103;1
18409;84106;3
18410;84106;0
18411;84123;17
18412;84128;5
18413;84146;18
18414;84154;8
18415;84161;7
18416;84160;-1
18417;84171;11
18418;84177;6
18419;84186;9
18420;84191;5
18421;84195;4
18422;84198;3
18423;84209;11
18424;84216;7
18425;84228;12
18426;84286;58
18427;84335;49
18428;84378;43
18429;84422;44
18430;84458;36
18431;84494;36
18432;84494;0
18433;84553;59
18434;84572;19
18435;84624;52
18436;84653;29
18437;84673;20
18438;84701;28
18439;84725;24
18440;84743;18
18441;84757;14
18442;84780;23
18443;84785;5
18444;84816;31
18445;84830;14
18446;84838;8
18447;84857;19
18448;84871;14
18449;84889;18
18450;84917;28
18451;84950;33
18452;84992;42
18453;84992;0
18454;85071;79
18455;85117;46
18456;85117;0
18457;85226;109
18458;85246;20
18459;85327;81
18460;85402;75
18461;85418;16
18462;85503;85
18463;85622;119
18464;85708;86
18465;85906;198
18466;86045;139
18467;86202;157
18468;86381;179
18469;86570;189
18470;86783;213
18471;86990;207
18472;87213;223
18473;87489;276
18474;87655;166
18475;87827;172
18476;87985;158
18477;88099;114
18478;88206;107
18479;88328;122
18480;88460;132
18481;88580;120
18482;88672;92
18483;88793;121
18484;88906;113
18485;88958;52
18486;89045;87
18487;89144;99
18488;89214;70
18489;89279;65
18490;89375;96
18491;89441;66
18492;89494;53
18493;89527;33
18494;89567;40
18495;89616;49
18496;89654;38
18497;89695;41
18498;89718;23
18499;89752;34
18500;89784;32
18501;89814;30
18502;89836;22
18503;89863;27
18504;89895;32
18505;89914;19
18506;89933;19
18507;89953;20
18508;89986;33
18509;90008;22
18510;90025;17
18511;90058;33
18512;90078;20
18513;90087;9
18514;90100;13
18515;90127;27
18516;90145;18
18517;90168;23
18518;90197;29
18519;90219;22
18520;90235;16
18521;90253;18
18522;90294;41
18523;90311;17
18524;90334;23
18525;90369;35
18526;90381;12
18527;90399;18
18528;90409;10
18529;90424;15
18530;90441;17
18531;90456;15
18532;90483;27
18533;90505;22
18534;90528;23
18535;90545;17
18536;90567;22
18537;90584;17
18538;90604;20
18539;90629;25
18540;90652;23
18541;90667;15
18542;90687;20
18543;90728;41
18544;90751;23
18545;90778;27
18546;90812;34
18547;90830;18
18548;90858;28
18549;90869;11
18550;90905;36
18551;90925;20
18552;90955;30
18553;90972;17
18554;91006;34
18555;91022;16
18556;91044;22
18557;91073;29
18558;91108;35
18559;91128;20
18560;91151;23
18561;91175;24
18562;91222;47
18563;91271;49
18564;91299;28
18565;91339;40
18566;91366;27
18567;91397;31
18568;91452;55
18569;91478;26
18570;91509;31
18571;91552;43
18572;91591;39
18573;91622;31
18574;91665;43
18575;91693;28
18576;91719;26
18577;91752;33
18578;91783;31
18579;91807;24
18580;91828;21
18581;91850;22
18582;91872;22
18583;91885;13
18584;91906;21
18585;91935;29
18586;91977;42
18587;92037;60
18588;92116;79
18589;92211;95
18590;92296;85
18591;92402;106
18592;92488;86
18593;92586;98
18594;92681;95
18595;92814;133
18596;92902;88
18597;92993;91
18598;93113;120
18599;93221;108
18600;93348;127
18601;93467;119
18602;93577;110
18603;93670;93
18604;93782;112
18605;93898;116
18606;94025;127
18607;94124;99
18608;94217;93
18609;94328;111
18610;94427;99
18611;94537;110
18612;94626;89
18613;94734;108
18614;94821;87
18615;94953;132
18616;95050;97
18617;95150;100
18618;95228;78
18619;95298;70
18620;95383;85
18621;95460;77
18622;95541;81
18623;95632;91
18624;95720;88
18625;95797;77
18626;95876;79
18627;95963;87
18628;96023;60
18629;96086;63
18630;96160;74
18631;96246;86
18632;96310;64
18633;96398;88
18634;96484;86
18635;96562;78
18636;96690;128
18637;96824;134
18638;96920;96
18639;97095;175
18640;97275;180
18641;97448;173
18642;97616;168
18643;97775;159
18644;97939;164
18645;98164;225
18646;98323;159
18647;98544;221
18648;98786;242
18649;98886;100
18650;99047;161
18651;99247;200
18652;99402;155
18653;99541;139
18654;99655;114
18655;99746;91
18656;99848;102
18657;99968;120
18658;100063;95
18659;100127;64
18660;100177;50
18661;100226;49
18662;100268;42
18663;100318;50
18664;100348;30
18665;100389;41
18666;100435;46
18667;100475;40
18668;100494;19
18669;100527;33
18670;100559;32
18671;100578;19
18672;100599;21
18673;100624;25
18674;100639;15
18675;100666;27
18676;100684;18
18677;100705;21
18678;100727;22
18679;100758;31
18680;100784;26
18681;100808;24
18682;100832;24
18683;100851;19
18684;100885;34
18685;100924;39
18686;100965;41
18687;100990;25
18688;101013;23
18689;101037;24
18690;101055;18
18691;101076;21
18692;101097;21
18693;101132;35
18694;101149;17
18695;101175;26
18696;101194;19
18697;101225;31
18698;101292;67
18699;101349;57
18700;101378;29
18701;101421;43
18702;101443;22
18703;101460;17
18704;101481;21
18705;101498;17
18706;101518;20
18707;101533;15
18708;101560;27
18709;101582;22
18710;101603;21
18711;101623;20
18712;101646;23
18713;101663;17
18714;101676;13
18715;101692;16
18716;101710;18
18717;101732;22
18718;101754;22
18719;101799;45
18720;101821;22
18721;101861;40
18722;101901;40
18723;101920;19
18724;101953;33
18725;101984;31
18726;102012;28
18727;102027;15
18728;102056;29
18729;102078;22
18730;102103;25
18731;102118;15
18732;102135;17
18733;102167;32
18734;102201;34
18735;102242;41
18736;102264;22
18737;102293;29
18738;102300;7
18739;102333;33
18740;102351;18
18741;102367;16
18742;102384;17
18743;102399;15
18744;102419;20
18745;102446;27
18746;102474;28
18747;102494;20
18748;102517;23
18749;102530;13
18750;102549;19
18751;102560;11
18752;102571;11
18753;102586;15
18754;102596;10
18755;102613;17
18756;102625;12
18757;102643;18
18758;102660;17
18759;102671;11
18760;102681;10
18761;102696;15
18762;102717;21
18763;102746;29
18764;102769;23
