condition;measurement;ncases
18283;0;0
18284;0;0
18285;0;0
18286;0;0
18287;0;0
18288;0;0
18289;0;0
18290;0;0
18291;0;0
18292;0;0
18293;0;0
18294;0;0
18295;0;0
18296;0;0
18297;0;0
18298;0;0
18299;0;0
18300;0;0
18301;0;0
18302;0;0
18303;0;0
18304;0;0
18305;0;0
18306;0;0
18307;0;0
18308;0;0
18309;0;0
18310;0;0
18311;0;0
18312;0;0
18313;0;0
18314;0;0
18315;0;0
18316;0;0
18317;0;0
18318;0;0
18319;0;0
18320;0;0
18321;0;0
18322;0;0
18323;0;0
18324;0;0
18325;0;0
18326;0;0
18327;0;0
18328;0;0
18329;0;0
18330;0;0
18331;0;0
18332;1;1
18333;1;0
18334;2;1
18335;2;0
18336;2;0
18337;2;0
18338;3;1
18339;4;1
18340;14;10
18341;18;4
18342;23;5
18343;30;7
18344;36;6
18345;45;9
18346;48;3
18347;51;3
18348;51;0
18349;65;14
18350;65;0
18351;81;16
18352;98;17
18353;109;11
18354;134;25
18355;134;0
18356;154;20
18357;154;0
18358;161;7
18359;180;19
18360;180;0
18361;180;0
18362;215;35
18363;223;8
18364;234;11
18365;235;1
18366;241;6
18367;254;13
18368;267;13
18369;287;20
18370;307;20
18371;327;20
18372;332;5
18373;350;18
18374;359;9
18375;377;18
18376;394;17
18377;416;22
18378;442;26
18379;459;17
18380;471;12
18381;491;20
18382;572;81
18383;604;32
18384;674;70
18385;674;0
18386;682;8
18387;705;23
18388;797;92
18389;863;66
18390;937;74
18391;937;0
18392;991;54
18393;1024;33
18394;1102;78
18395;1169;67
18396;1242;73
18397;1298;56
18398;1455;157
18399;1455;0
18400;1538;83
18401;1629;91
18402;1731;102
18403;1835;104
18404;1945;110
18405;2025;80
18406;2141;116
18407;2297;156
18408;2403;106
18409;2546;143
18410;2660;114
18411;2833;173
18412;2966;133
18413;3070;104
18414;3195;125
18415;3326;131
18416;3495;169
18417;3644;149
18418;3764;120
18419;3878;114
18420;4016;138
18421;4106;90
18422;4259;153
18423;4390;131
18424;4515;125
18425;4637;122
18426;4724;87
18427;4778;54
18428;4837;59
18429;4974;137
18430;5100;126
18431;5283;183
18432;5477;194
18433;5672;195
18434;5826;154
18435;5924;98
18436;6027;103
18437;6213;186
18438;6411;198
18439;6552;141
18440;6690;138
18441;6827;137
18442;6939;112
18443;7039;100
18444;7122;83
18445;7189;67
18446;7311;122
18447;7379;68
18448;7411;32
18449;7432;21
18450;7432;0
18451;7432;0
18452;7846;414
18453;7905;59
18454;7971;66
18455;8033;62
18456;8075;42
18457;8135;60
18458;8163;28
18459;8199;36
18460;8249;50
18461;8324;75
18462;8403;79
18463;8443;40
18464;8534;91
18465;8626;92
18466;8720;94
18467;8767;47
18468;8801;34
18469;8831;30
18470;8844;13
18471;8873;29
18472;8931;58
18473;9010;79
18474;9070;60
18475;9084;14
18476;9115;31
18477;9133;18
18478;9178;45
18479;9253;75
18480;9309;56
18481;9355;46
18482;9436;81
18483;9454;18
18484;9489;35
18485;9499;10
18486;9538;39
18487;9589;51
18488;9605;16
18489;9638;33
18490;9676;38
18491;9706;30
18492;9721;15
18493;9741;20
18494;9757;16
18495;9802;45
18496;9811;9
18497;9830;19
18498;9842;12
18499;9891;49
18500;9912;21
18501;9915;3
18502;9994;79
18503;10007;13
18504;10045;38
18505;10097;52
18506;10104;7
18507;10114;10
18508;10125;11
18509;10149;24
18510;10178;29
18511;10210;32
18512;10233;23
18513;10292;59
18514;10324;32
18515;10343;19
18516;10361;18
18517;10385;24
18518;10390;5
18519;10390;0
18520;10401;11
18521;10414;13
18522;10442;28
18523;10456;14
18524;10488;32
18525;10515;27
18526;10519;4
18527;10523;4
18528;10537;14
18529;10555;18
18530;10578;23
18531;10593;15
18532;10612;19
18533;10624;12
18534;10631;7
18535;10659;28
18536;10685;26
18537;10729;44
18538;10752;23
18539;10760;8
18540;10778;18
18541;10789;11
18542;10804;15
18543;10822;18
18544;10835;13
18545;10841;6
18546;10851;10
18547;10868;17
18548;10872;4
18549;10935;63
18550;10935;0
18551;10999;64
18552;11000;1
18553;11006;6
18554;11052;46
18555;11066;14
18556;11066;0
18557;11097;31
18558;11122;25
18559;11143;21
18560;11143;0
18561;11174;31
18562;11191;17
18563;11211;20
18564;11211;0
18565;11306;95
18566;11306;0
18567;11373;67
18568;11395;22
18569;11427;32
18570;11450;23
18571;11450;0
18572;11517;67
18573;11550;33
18574;11591;41
18575;11608;17
18576;11642;34
18577;11656;14
18578;11692;36
18579;11692;0
18580;11760;68
18581;11760;0
18582;11839;79
18583;11866;27
18584;11918;52
18585;12008;90
18586;12129;121
18587;12180;51
18588;12180;0
18589;12278;98
18590;12310;32
18591;12365;55
18592;12470;105
18593;12470;0
18594;12608;138
18595;12702;94
18596;12772;70
18597;12859;87
18598;12987;128
18599;13132;145
18600;13281;149
18601;13413;132
18602;13527;114
18603;13595;68
18604;13750;155
18605;13843;93
18606;13997;154
18607;14169;172
18608;14342;173
18609;14461;119
18610;14513;52
18611;14597;84
18612;14930;333
18613;15089;159
18614;15089;0
18615;15397;308
18616;15495;98
18617;15669;174
18618;15810;141
18619;16039;229
18620;16282;243
18621;16472;190
18622;16763;291
18623;16839;76
18624;16917;78
18625;17182;265
18626;17376;194
18627;17658;282
18628;17849;191
18629;17998;149
18630;18102;104
18631;18153;51
18632;18248;95
18633;18487;239
18634;18738;251
18635;18969;231
18636;19159;190
18637;19436;277
18638;19496;60
18639;19707;211
18640;20003;296
18641;20479;476
18642;20556;77
18643;20693;137
18644;20908;215
18645;21060;152
18646;21140;80
18647;21302;162
18648;21398;96
18649;21597;199
18650;21713;116
18651;21869;156
18652;21954;85
18653;22048;94
18654;22178;130
18655;22322;144
18656;22455;133
18657;22604;149
18658;22771;167
18659;22842;71
18660;23043;201
18661;23182;139
18662;23222;40
18663;23371;149
18664;23485;114
18665;23599;114
18666;23671;72
18667;23771;100
18668;23890;119
18669;24026;136
18670;24152;126
18671;24240;88
18672;24295;55
18673;24386;91
18674;24423;37
18675;24602;179
18676;24794;192
18677;24964;170
18678;25080;116
18679;25080;0
18680;25144;64
18681;25144;0
18682;25144;0
18683;25144;0
18684;25691;547
18685;25792;101
18686;25913;121
18687;25962;49
18688;26050;88
18689;26247;197
18690;26340;93
18691;26340;0
18692;26469;129
18693;26541;72
18694;26627;86
18695;26684;57
18696;26738;54
18697;26759;21
18698;26846;87
18699;26938;92
18700;27014;76
18701;27077;63
18702;27100;23
18703;27252;152
18704;27290;38
18705;27356;66
18706;27468;112
18707;27553;85
18708;27572;19
18709;27580;8
18710;27660;80
18711;27729;69
18712;27794;65
18713;27887;93
18714;27930;43
18715;28012;82
18716;28076;64
18717;28142;66
18718;28199;57
18719;28217;18
18720;28292;75
18721;28325;33
18722;28354;29
18723;28377;23
18724;28410;33
18725;28474;64
18726;28511;37
18727;28542;31
18728;28542;0
18729;28542;0
18730;28665;123
18731;28714;49
18732;28769;55
18733;28859;90
18734;28894;35
18735;28956;62
18736;28956;0
18737;29084;128
18738;29233;149
18739;29350;117
18740;29405;55
18741;29498;93
18742;29576;78
18743;29611;35
18744;29701;90
18745;29768;67
18746;29812;44
18747;29853;41
18748;29904;51
18749;29965;61
18750;30004;39
18751;30071;67
18752;30130;59
18753;30201;71
18754;30240;39
18755;30285;45
18756;30323;38
18757;30350;27
18758;30392;42
18759;30429;37
18760;30478;49
18761;30511;33
18762;30546;35
18763;30562;16
18764;30609;47
