condition;measurement;ncases
18283;0;0
18284;0;0
18285;0;0
18286;0;0
18287;0;0
18288;0;0
18289;0;0
18290;0;0
18291;0;0
18292;0;0
18293;0;0
18294;0;0
18295;0;0
18296;0;0
18297;0;0
18298;0;0
18299;0;0
18300;0;0
18301;0;0
18302;0;0
18303;0;0
18304;0;0
18305;0;0
18306;0;0
18307;0;0
18308;0;0
18309;0;0
18310;0;0
18311;0;0
18312;0;0
18313;0;0
18314;0;0
18315;0;0
18316;0;0
18317;0;0
18318;0;0
18319;0;0
18320;0;0
18321;0;0
18322;0;0
18323;0;0
18324;0;0
18325;0;0
18326;0;0
18327;0;0
18328;0;0
18329;0;0
18330;0;0
18331;0;0
18332;1;1
18333;1;0
18334;1;0
18335;1;0
18336;1;0
18337;1;0
18338;5;4
18339;6;1
18340;9;3
18341;9;0
18342;14;5
18343;14;0
18344;25;11
18345;73;48
18346;80;7
18347;96;16
18348;101;5
18349;101;0
18350;165;64
18351;168;3
18352;179;11
18353;190;11
18354;194;4
18355;218;24
18356;245;27
18357;261;16
18358;323;62
18359;349;26
18360;384;35
18361;444;60
18362;444;0
18363;533;89
18364;574;41
18365;626;52
18366;638;12
18367;638;0
18368;654;16
18369;688;34
18370;801;113
18371;847;46
18372;847;0
18373;916;69
18374;952;36
18375;1004;52
18376;1077;73
18377;1077;0
18378;1150;73
18379;1164;14
18380;1183;19
18381;1238;55
18382;1275;37
18383;1333;58
18384;1362;29
18385;1398;36
18386;1432;34
18387;1464;32
18388;1516;52
18389;1571;55
18390;1602;31
18391;1667;65
18392;1700;33
18393;1730;30
18394;1857;127
18395;1912;55
18396;1971;59
18397;2017;46
18398;2061;44
18399;2109;48
18400;2119;10
18401;2153;34
18402;2231;78
18403;2301;70
18404;2341;40
18405;2366;25
18406;2376;10
18407;2423;47
18408;2477;54
18409;2556;79
18410;2641;85
18411;2750;109
18412;2799;49
18413;2833;34
18414;2951;118
18415;3024;73
18416;3110;86
18417;3262;152
18418;3431;169
18419;3557;126
18420;3739;182
18421;3881;142
18422;3995;114
18423;4181;186
18424;4404;223
18425;4684;280
18426;4848;164
18427;5084;236
18428;5439;355
18429;5679;240
18430;6063;384
18431;6444;381
18432;6874;430
18433;7276;402
18434;7492;216
18435;7677;185
18436;7904;227
18437;8164;260
18438;8334;170
18439;8739;405
18440;8944;205
18441;9101;157
18442;9214;113
18443;9499;285
18444;9702;203
18445;9992;290
18446;10244;252
18447;10462;218
18448;10772;310
18449;10966;194
18450;11194;228
18451;11504;310
18452;11750;246
18453;12052;302
18454;12443;391
18455;12766;323
18456;12872;106
18457;13037;165
18458;13403;366
18459;13554;151
18460;13696;142
18461;13912;216
18462;14119;207
18463;14312;193
18464;14531;219
18465;14733;202
18466;15001;268
18467;15253;252
18468;15494;241
18469;15596;102
18470;15655;59
18471;15713;58
18472;15813;100
18473;15978;165
18474;16047;69
18475;16109;62
18476;16182;73
18477;16220;38
18478;16293;73
18479;16349;56
18480;16447;98
18481;16524;77
18482;16620;96
18483;16715;95
18484;16798;83
18485;16847;49
18486;16847;0
18487;16889;42
18488;16935;46
18489;16993;58
18490;17026;33
18491;17107;81
18492;17150;43
18493;17232;82
18494;17249;17
18495;17310;61
18496;17374;64
18497;17471;97
18498;17506;35
18499;17562;56
18500;17603;41
18501;17702;99
18502;17797;95
18503;17893;96
18504;17948;55
18505;18067;119
18506;18103;36
18507;18161;58
18508;18208;47
18509;18269;61
18510;18472;203
18511;18588;116
18512;18701;113
18513;18778;77
18514;18815;37
18515;18869;54
18516;18916;47
18517;18916;0
18518;19013;97
18519;19066;53
18520;19100;34
18521;19132;32
18522;19158;26
18523;19200;42
18524;19269;69
18525;19320;51
18526;19327;7
18527;19343;16
18528;19430;87
18529;19501;71
18530;19556;55
18531;19600;44
18532;19629;29
18533;19641;12
18534;19669;28
18535;19724;55
18536;19755;31
18537;19793;38
18538;19849;56
18539;19882;33
18540;19885;3
18541;19903;18
18542;19935;32
18543;19982;47
18544;20036;54
18545;20128;92
18546;20154;26
18547;20155;1
18548;20183;28
18549;20217;34
18550;20257;40
18551;20275;18
18552;20301;26
18553;20323;22
18554;20324;1
18555;20342;18
18556;20363;21
18557;20390;27
18558;20405;15
18559;20429;24
18560;20470;41
18561;20486;16
18562;20488;2
18563;20555;67
18564;20628;73
18565;20692;64
18566;20716;24
18567;20716;0
18568;20753;37
18569;20765;12
18570;20778;13
18571;20789;11
18572;20801;12
18573;20813;12
18574;20832;19
18575;20835;3
18576;20847;12
18577;20855;8
18578;20882;27
18579;20899;17
18580;20945;46
18581;20976;31
18582;20988;12
18583;21004;16
18584;21045;41
18585;21083;38
18586;21099;16
18587;21126;27
18588;21138;12
18589;21148;10
18590;21156;8
18591;21168;12
18592;21199;31
18593;21232;33
18594;21261;29
18595;21310;49
18596;21331;21
18597;21334;3
18598;21361;27
18599;21389;28
18600;21412;23
18601;21441;29
18602;21485;44
18603;21507;22
18604;21513;6
18605;21547;34
18606;21590;43
18607;21618;28
18608;21639;21
18609;21680;41
18610;21705;25
18611;21775;70
18612;21741;-34
18613;21772;31
18614;21845;73
18615;21890;45
18616;21918;28
18617;21932;14
18618;21942;10
18619;21984;42
18620;22071;87
18621;22081;10
18622;22081;0
18623;22152;71
18624;22176;24
18625;22250;74
18626;22366;116
18627;22490;124
18628;22563;73
18629;22563;0
18630;22648;85
18631;22800;152
18632;22855;55
18633;22963;108
18634;23173;210
18635;23254;81
18636;23482;228
18637;23750;268
18638;23894;144
18639;24186;292
18640;24369;183
18641;24578;209
18642;24856;278
18643;24856;0
18644;25241;385
18645;25304;63
18646;25383;79
18647;25597;214
18648;25751;154
18649;26315;564
18650;26612;297
18651;26850;238
18652;27096;246
18653;27237;141
18654;27455;218
18655;27694;239
18656;27934;240
18657;28178;244
18658;28399;221
18659;28475;76
18660;28607;132
18661;28739;132
18662;29102;363
18663;29295;193
18664;29567;272
18665;29825;258
18666;29967;142
18667;29967;0
18668;30240;273
18669;30526;286
18670;30717;191
18671;30884;167
18672;31140;256
18673;31235;95
18674;31365;130
18675;31497;132
18676;31612;115
18677;31825;213
18678;31914;89
18679;32026;112
18680;32039;13
18681;32124;85
18682;32295;171
18683;32295;0
18684;32478;183
18685;32631;153
18686;32754;123
18687;32791;37
18688;32929;138
18689;33285;356
18690;33976;691
18691;34412;436
18692;34935;523
18693;35187;252
18694;35331;144
18695;35477;146
18696;36028;551
18697;36511;483
18698;36824;313
18699;37304;480
18700;37653;349
18701;37908;255
18702;38120;212
18703;38282;162
18704;38923;641
18705;39434;511
18706;39913;479
18707;40310;397
18708;40601;291
18709;40868;267
18710;41307;439
18711;42074;767
18712;42468;394
18713;42861;393
18714;43180;319
18715;43422;242
18716;43542;120
18717;43889;347
18718;43889;0
18719;44445;556
18720;44618;173
18721;44749;131
18722;44841;92
18723;44854;13
18724;44880;26
18725;44975;95
18726;45089;114
18727;45089;0
18728;45206;117
18729;45227;21
18730;45265;38
18731;45388;123
18732;45444;56
18733;45474;30
18734;45519;45
18735;45560;41
18736;45570;10
18737;45614;44
18738;45697;83
18739;45715;18
18740;45765;50
18741;45820;55
18742;45852;32
18743;45863;11
18744;45885;22
18745;45943;58
18746;45998;55
18747;46036;38
18748;46114;78
18749;46114;0
18750;46154;40
18751;46173;19
18752;46231;58
18753;46315;84
18754;46344;29
18755;46385;41
18756;46442;57
18757;46443;1
18758;46484;41
18759;46516;32
18760;46520;4
18761;46535;15
18762;46535;0
18763;46656;121
18764;46661;5
