condition;measurement;ncases
18283;0;0
18284;0;0
18285;0;0
18286;0;0
18287;0;0
18288;0;0
18289;0;0
18290;0;0
18291;0;0
18292;0;0
18293;0;0
18294;0;0
18295;0;0
18296;0;0
18297;0;0
18298;0;0
18299;0;0
18300;0;0
18301;0;0
18302;0;0
18303;0;0
18304;0;0
18305;0;0
18306;0;0
18307;0;0
18308;0;0
18309;0;0
18310;0;0
18311;0;0
18312;0;0
18313;0;0
18314;0;0
18315;0;0
18316;0;0
18317;0;0
18318;0;0
18319;0;0
18320;0;0
18321;0;0
18322;0;0
18323;0;0
18324;0;0
18325;0;0
18326;0;0
18327;0;0
18328;0;0
18329;0;0
18330;0;0
18331;0;0
18332;0;0
18333;3;3
18334;4;1
18335;4;0
18336;4;0
18337;4;0
18338;5;1
18339;7;2
18340;11;4
18341;16;5
18342;21;5
18343;35;14
18344;40;5
18345;48;8
18346;57;9
18347;67;10
18348;80;13
18349;119;39
18350;139;20
18351;170;31
18352;186;16
18353;212;26
18354;233;21
18355;269;36
18356;288;19
18357;320;32
18358;350;30
18359;396;46
18360;457;61
18361;515;58
18362;564;49
18363;620;56
18364;669;49
18365;726;57
18366;766;40
18367;814;48
18368;862;48
18369;923;61
18370;986;63
18371;1035;49
18372;1087;52
18373;1137;50
18374;1189;52
18375;1235;46
18376;1285;50
18377;1337;52
18378;1369;32
18379;1389;20
18380;1437;48
18381;1467;30
18382;1501;34
18383;1537;36
18384;1611;74
18385;1649;38
18386;1668;19
18387;1685;17
18388;1703;18
18389;1729;26
18390;1741;12
18391;1754;13
18392;1766;12
18393;1783;17
18394;1804;21
18395;1810;6
18396;1830;20
18397;1840;10
18398;1862;22
18399;1872;10
18400;1881;9
18401;1887;6
18402;1900;13
18403;1908;8
18404;1916;8
18405;1931;15
18406;1941;10
18407;1947;6
18408;1963;16
18409;1974;11
18410;1983;9
18411;2005;22
18412;2025;20
18413;2045;20
18414;2083;38
18415;2092;9
18416;2107;15
18417;2119;12
18418;2133;14
18419;2173;40
18420;2191;18
18421;2200;9
18422;2205;5
18423;2211;6
18424;2219;8
18425;2233;14
18426;2238;5
18427;2248;10
18428;2262;14
18429;2273;11
18430;2280;7
18431;2295;15
18432;2305;10
18433;2309;4
18434;2312;3
18435;2315;3
18436;2318;3
18437;2319;1
18438;2321;2
18439;2325;4
18440;2330;5
18441;2332;2
18442;2340;8
18443;2341;1
18444;2348;7
18445;2353;5
18446;2361;8
18447;2369;8
18448;2372;3
18449;2380;8
18450;2395;15
18451;2399;4
18452;2403;4
18453;2413;10
18454;2420;7
18455;2426;6
18456;2428;2
18457;2432;4
18458;2438;6
18459;2440;2
18460;2444;4
18461;2445;1
18462;2446;1
18463;2446;0
18464;2449;3
18465;2462;13
18466;2466;4
18467;2469;3
18468;2478;9
18469;2495;17
18470;2532;37
18471;2555;23
18472;2588;33
18473;2597;9
18474;2608;11
18475;2633;25
18476;2646;13
18477;2670;24
18478;2701;31
18479;2726;25
18480;2775;49
18481;2829;54
18482;2888;59
18483;2953;65
18484;3046;93
18485;3093;47
18486;3128;35
18487;3174;46
18488;3229;55
18489;3292;63
18490;3316;24
18491;3364;48
18492;3408;44
18493;3482;74
18494;3565;83
18495;3582;17
18496;3617;35
18497;3682;65
18498;3717;35
18499;3744;27
18500;3759;15
18501;3806;47
18502;3866;60
18503;3925;59
18504;3973;48
18505;4032;59
18506;4065;33
18507;4126;61
18508;4214;88
18509;4266;52
18510;4298;32
18511;4309;11
18512;4352;43
18513;4377;25
18514;4459;82
18515;4551;92
18516;4593;42
18517;4653;60
18518;4684;31
18519;4726;42
18520;4803;77
18521;4876;73
18522;4933;57
18523;5004;71
18524;5055;51
18525;5091;36
18526;5141;50
18527;5222;81
18528;5270;48
18529;5310;40
18530;5350;40
18531;5412;62
18532;5457;45
18533;5483;26
18534;5531;48
18535;5597;66
18536;5670;73
18537;5718;48
18538;5780;62
18539;5809;29
18540;5845;36
18541;5883;38
18542;5898;15
18543;5917;19
18544;5943;26
18545;5948;5
18546;5978;30
18547;6000;22
18548;6017;17
18549;6035;18
18550;6062;27
18551;6118;56
18552;6170;52
18553;6220;50
18554;6258;38
18555;6305;47
18556;6368;63
18557;6421;53
18558;6479;58
18559;6534;55
18560;6566;32
18561;6595;29
18562;6678;83
18563;6727;49
18564;6766;39
18565;6801;35
18566;6887;86
18567;6935;48
18568;6970;35
18569;7035;65
18570;7144;109
18571;7184;40
18572;7228;44
18573;7267;39
18574;7297;30
18575;7349;52
18576;7392;43
18577;7429;37
18578;7487;58
18579;7541;54
18580;7568;27
18581;7590;22
18582;7639;49
18583;7667;28
18584;7704;37
18585;7725;21
18586;7763;38
18587;7798;35
18588;7846;48
18589;7879;33
18590;7950;71
18591;8026;76
18592;8075;49
18593;8110;35
18594;8173;63
18595;8233;60
18596;8284;51
18597;8381;97
18598;8456;75
18599;8531;75
18600;8610;79
18601;8714;104
18602;8782;68
18603;8906;124
18604;8982;76
18605;9106;124
18606;9181;75
18607;9267;86
18608;9354;87
18609;9423;69
18610;9492;69
18611;9588;96
18612;9671;83
18613;9771;100
18614;9893;122
18615;10024;131
18616;10127;103
18617;10242;115
18618;10384;142
18619;10500;116
18620;10717;217
18621;10900;183
18622;11038;138
18623;11205;167
18624;11434;229
18625;11601;167
18626;11687;86
18627;11863;176
18628;12056;193
18629;12225;169
18630;12424;199
18631;12740;316
18632;12964;224
18633;13165;201
18634;13479;314
18635;13823;344
18636;14188;365
18637;14576;388
18638;15007;431
18639;15494;487
18640;16044;550
18641;16549;505
18642;17096;547
18643;17501;405
18644;18151;650
18645;18443;292
18646;18773;330
18647;19122;349
18648;19530;408
18649;20060;530
18650;20627;567
18651;21261;634
18652;21828;567
18653;22614;786
18654;23439;825
18655;24105;666
18656;24764;659
18657;25674;910
18658;26686;1012
18659;27592;906
18660;28636;1044
18661;29529;893
18662;30345;816
18663;31190;845
18664;32011;821
18665;32831;820
18666;33484;653
18667;34064;580
18668;34922;858
18669;35772;850
18670;36595;823
18671;37483;888
18672;38289;806
18673;39004;715
18674;39941;937
18675;40765;824
18676;41688;923
18677;42547;859
18678;43484;937
18679;44523;1039
18680;45361;838
18681;46197;836
18682;46896;699
18683;47566;670
18684;48441;875
18685;49161;720
18686;49779;618
18687;50590;811
18688;51587;997
18689;52501;914
18690;53308;807
18691;54085;777
18692;54835;750
18693;55693;858
18694;56566;873
18695;57607;1041
18696;58379;772
18697;59157;778
18698;59919;762
18699;60558;639
18700;61472;914
18701;62206;734
18702;62998;792
18703;63725;727
18704;64414;689
18705;65149;735
18706;65962;813
18707;66758;796
18708;67476;718
18709;68250;774
18710;68986;736
18711;69802;816
18712;70634;832
18713;71584;950
18714;72503;919
18715;73204;701
18716;74212;1008
18717;75263;1051
18718;76276;1013
18719;77353;1077
18720;78382;1029
18721;79544;1162
18722;80610;1066
18723;81640;1030
18724;82601;961
18725;83515;914
18726;84532;1017
18727;85572;1040
18728;86531;959
18729;87385;854
18730;88445;1060
18731;89404;959
18732;90408;1004
18733;91448;1040
18734;92474;1026
18735;93511;1037
18736;94571;1060
18737;95754;1183
18738;96760;1006
18739;97967;1207
18740;99208;1241
18741;100318;1110
18742;101503;1185
18743;102441;938
18744;103524;1083
18745;104512;988
18746;105661;1149
18747;106707;1046
18748;107622;915
18749;108693;1071
18750;109625;932
18751;110644;1019
18752;111654;1010
18753;112714;1060
18754;113876;1162
18755;114912;1036
18756;115981;1069
18757;117097;1116
18758;118168;1071
18759;119375;1207
18760;120561;1186
18761;121838;1277
18762;123221;1383
18763;124454;1233
18764;125511;1057
