condition;measurement;ncases
18283;0;0
18284;0;0
18285;0;0
18286;0;0
18287;0;0
18288;0;0
18289;0;0
18290;0;0
18291;0;0
18292;0;0
18293;0;0
18294;0;0
18295;0;0
18296;0;0
18297;0;0
18298;0;0
18299;0;0
18300;0;0
18301;0;0
18302;0;0
18303;0;0
18304;0;0
18305;0;0
18306;0;0
18307;0;0
18308;0;0
18309;0;0
18310;0;0
18311;0;0
18312;0;0
18313;0;0
18314;0;0
18315;0;0
18316;0;0
18317;0;0
18318;0;0
18319;0;0
18320;0;0
18321;0;0
18322;0;0
18323;0;0
18324;0;0
18325;0;0
18326;0;0
18327;0;0
18328;0;0
18329;0;0
18330;2;2
18331;3;1
18332;6;3
18333;6;0
18334;14;8
18335;26;12
18336;26;0
18337;33;7
18338;46;13
18339;49;3
18340;67;18
18341;67;0
18342;84;17
18343;95;11
18344;116;21
18345;124;8
18346;132;8
18347;146;14
18348;162;16
18349;179;17
18350;214;35
18351;230;16
18352;262;32
18353;320;58
18354;356;36
18355;396;40
18356;426;30
18357;446;20
18358;465;19
18359;494;29
18360;526;32
18361;564;38
18362;595;31
18363;616;21
18364;633;17
18365;662;29
18366;695;33
18367;715;20
18368;735;20
18369;750;15
18370;761;11
18371;767;6
18372;772;5
18373;784;12
18374;790;6
18375;795;5
18376;804;9
18377;810;6
18378;817;7
18379;822;5
18380;837;15
18381;843;6
18382;850;7
18383;857;7
18384;864;7
18385;872;8
18386;874;2
18387;878;4
18388;883;5
18389;889;6
18390;891;2
18391;892;1
18392;898;6
18393;901;3
18394;903;2
18395;905;2
18396;907;2
18397;910;3
18398;914;4
18399;916;2
18400;917;1
18401;918;1
18402;922;4
18403;923;1
18404;927;4
18405;927;0
18406;935;8
18407;937;2
18408;939;2
18409;939;0
18410;941;2
18411;942;1
18412;944;2
18413;944;0
18414;949;5
18415;952;3
18416;958;6
18417;958;0
18418;960;2
18419;960;0
18420;964;4
18421;970;6
18422;972;2
18423;974;2
18424;975;1
18425;980;5
18426;980;0
18427;983;3
18428;985;2
18429;985;0
18430;985;0
18431;985;0
18432;985;0
18433;985;0
18434;986;1
18435;988;2
18436;990;2
18437;991;1
18438;992;1
18439;992;0
18440;994;2
18441;994;0
18442;996;2
18443;998;2
18444;999;1
18445;999;0
18446;999;0
18447;1002;3
18448;1003;1
18449;1004;1
18450;1005;1
18451;1008;3
18452;1010;2
18453;1013;3
18454;1014;1
18455;1021;7
18456;1022;1
18457;1023;1
18458;1025;2
18459;1031;6
18460;1033;2
18461;1037;4
18462;1038;1
18463;1038;0
18464;1040;2
18465;1040;0
18466;1045;5
18467;1047;2
18468;1053;6
18469;1057;4
18470;1060;3
18471;1067;7
18472;1080;13
18473;1090;10
18474;1114;24
18475;1124;10
18476;1150;26
18477;1155;5
18478;1180;25
18479;1195;15
18480;1208;13
18481;1222;14
18482;1233;11
18483;1242;9
18484;1252;10
18485;1277;25
18486;1291;14
18487;1305;14
18488;1318;13
18489;1332;14
18490;1339;7
18491;1351;12
18492;1359;8
18493;1385;26
18494;1395;10
18495;1406;11
18496;1417;11
18497;1421;4
18498;1451;30
18499;1474;23
18500;1484;10
18501;1467;-17
18502;1481;14
18503;1483;2
18504;1487;4
18505;1488;1
18506;1490;2
18507;1495;5
18508;1498;3
18509;1502;4
18510;1507;5
18511;1509;2
18512;1510;1
18513;1511;1
18514;1514;3
18515;1517;3
18516;1520;3
18517;1523;3
18518;1526;3
18519;1534;8
18520;1540;6
18521;1548;8
18522;1558;10
18523;1565;7
18524;1590;25
18525;1600;10
18526;1603;3
18527;1618;15
18528;1654;36
18529;1663;9
18530;1671;8
18531;1684;13
18532;1696;12
18533;1713;17
18534;1743;30
18535;1755;12
18536;1772;17
18537;1789;17
18538;1811;22
18539;1824;13
18540;1847;23
18541;1876;29
18542;1897;21
18543;1918;21
18544;1951;33
18545;1986;35
18546;2006;20
18547;2047;41
18548;2130;83
18549;2181;51
18550;2285;104
18551;2379;94
18552;2581;202
18553;2644;63
18554;2687;43
18555;2839;152
18556;2966;127
18557;3154;188
18558;3314;160
18559;3444;130
18560;3545;101
18561;3636;91
18562;3817;181
18563;3930;113
18564;4051;121
18565;4217;166
18566;4366;149
18567;4563;197
18568;4760;197
18569;4934;174
18570;5100;166
18571;5333;233
18572;5557;224
18573;5871;314
18574;5987;116
18575;6098;111
18576;6296;198
18577;6461;165
18578;6646;185
18579;6853;207
18580;7051;198
18581;7178;127
18582;7285;107
18583;7513;228
18584;7711;198
18585;7979;268
18586;8211;232
18587;8456;245
18588;8643;187
18589;8947;304
18590;9199;252
18591;9453;254
18592;9673;220
18593;9983;310
18594;10231;248
18595;10383;152
18596;10565;182
18597;10883;318
18598;11175;292
18599;11523;348
18600;11812;289
18601;12181;369
18602;12451;270
18603;12867;416
18604;13286;419
18605;13286;0
18606;13649;363
18607;13649;0
18608;14476;827
18609;15101;625
18610;15450;349
18611;15789;339
18612;16190;401
18613;16190;0
18614;16647;457
18615;17476;829
18616;17688;212
18617;18004;316
18618;18004;0
18619;18883;879
18620;19316;433
18621;19366;50
18622;19391;25
18623;19657;266
18624;20408;751
18625;21315;907
18626;22019;704
18627;22019;0
18628;22818;799
18629;23445;627
18630;23974;529
18631;24639;665
18632;25208;569
18633;25781;573
18634;26208;427
18635;26674;466
18636;27011;337
18637;27350;339
18638;27638;288
18639;27897;259
18640;28124;227
18641;28124;0
18642;28609;485
18643;28811;202
18644;28968;157
18645;29130;162
18646;29294;164
18647;29472;178
18648;29636;164
18649;29758;122
18650;29887;129
18651;30017;130
18652;30143;126
18653;30252;109
18654;30380;128
18655;30538;158
18656;30657;119
18657;30770;113
18658;30876;106
18659;30996;120
18660;31124;128
18661;31263;139
18662;31379;116
18663;31512;133
18664;31644;132
18665;31759;115
18666;31864;105
18667;31959;95
18668;32072;113
18669;32175;103
18670;32288;113
18671;32390;102
18672;32513;123
18673;32626;113
18674;32707;81
18675;32828;121
18676;32935;107
18677;33046;111
18678;33153;107
18679;33260;107
18680;33391;131
18681;33567;176
18682;33710;143
18683;33909;199
18684;34181;272
18685;34424;243
18686;34707;283
18687;35009;302
18688;35297;288
18689;35620;323
18690;36004;384
18691;36277;273
18692;36575;298
18693;36878;303
18694;37230;352
18695;37650;420
18696;38065;415
18697;38496;431
18698;38879;383
18699;39277;398
18700;39651;374
18701;39869;218
18702;40344;475
18703;40726;382
18704;41111;385
18705;41475;364
18706;41882;407
18707;42218;336
18708;42628;410
18709;42993;365
18710;43286;293
18711;43610;324
18712;43971;361
18713;44305;334
18714;44631;326
18715;44991;360
18716;45430;439
18717;45864;434
18718;46173;309
18719;46878;705
18720;47282;404
18721;47713;431
18722;48278;565
18723;48837;559
18724;49366;529
18725;49988;622
18726;50589;601
18727;51035;446
18728;51505;470
18729;52033;528
18730;52652;619
18731;53254;602
18732;53944;690
18733;54621;677
18734;55407;786
18735;56259;852
18736;57081;822
18737;58022;941
18738;58865;843
18739;59792;927
18740;60681;889
18741;61576;895
18742;62349;773
18743;62960;611
18744;63720;760
18745;64565;845
18746;65233;668
18747;65233;0
18748;65909;676
18749;66372;463
18750;66911;539
18751;67420;509
18752;67982;562
18753;68442;460
18754;68766;324
18755;69163;397
18756;69432;269
18757;69708;276
18758;70098;390
18759;70358;260
18760;70571;213
18761;70742;171
18762;70899;157
18763;71064;165
18764;71231;167
