condition;measurement;ncases
18283;0;0
18284;0;0
18285;0;0
18286;0;0
18287;0;0
18288;0;0
18289;0;0
18290;0;0
18291;0;0
18292;0;0
18293;0;0
18294;0;0
18295;0;0
18296;0;0
18297;0;0
18298;0;0
18299;0;0
18300;0;0
18301;0;0
18302;0;0
18303;0;0
18304;0;0
18305;0;0
18306;0;0
18307;0;0
18308;0;0
18309;0;0
18310;0;0
18311;0;0
18312;0;0
18313;0;0
18314;0;0
18315;0;0
18316;0;0
18317;0;0
18318;0;0
18319;0;0
18320;0;0
18321;0;0
18322;3;3
18323;3;0
18324;5;2
18325;8;3
18326;12;4
18327;18;6
18328;19;1
18329;31;12
18330;31;0
18331;41;10
18332;91;50
18333;94;3
18334;141;47
18335;189;48
18336;253;64
18337;298;45
18338;396;98
18339;464;68
18340;694;230
18341;833;139
18342;995;162
18343;1120;125
18344;1236;116
18345;1394;158
18346;1654;260
18347;1925;271
18348;2279;354
18349;2631;352
18350;2817;186
18351;3001;184
18352;3308;307
18353;3508;200
18354;3858;350
18355;4091;233
18356;4472;381
18357;4587;115
18358;4822;235
18359;5017;195
18360;5312;295
18361;5569;257
18362;5732;163
18363;5831;99
18364;5991;160
18365;6059;68
18366;6111;52
18367;6216;105
18368;6433;217
18369;6549;116
18370;6606;57
18371;6746;140
18372;6900;154
18373;7033;133
18374;7132;99
18375;7187;55
18376;7273;86
18377;7352;79
18378;7404;52
18379;7445;41
18380;7504;59
18381;7579;75
18382;7682;103
18383;7737;55
18384;7755;18
18385;7781;26
18386;7819;38
18387;7896;77
18388;7974;78
18389;8031;57
18390;8077;46
18391;8095;18
18392;8123;28
18393;8176;53
18394;8221;45
18395;8269;48
18396;8351;82
18397;8406;55
18398;8455;49
18399;8475;20
18400;8586;111
18401;8647;61
18402;8721;74
18403;8754;33
18404;8813;59
18405;8890;77
18406;8955;65
18407;9002;47
18408;9050;48
18409;9086;36
18410;9140;54
18411;9196;56
18412;9230;34
18413;9268;38
18414;9302;34
18415;9364;62
18416;9438;74
18417;9494;56
18418;9529;35
18419;9567;38
18420;9628;61
18421;9697;69
18422;9751;54
18423;9824;73
18424;9855;31
18425;9938;83
18426;9991;53
18427;10024;33
18428;10064;40
18429;10111;47
18430;10162;51
18431;10280;118
18432;10406;126
18433;10448;42
18434;10498;50
18435;10523;25
18436;10650;127
18437;10777;127
18438;10870;93
18439;11038;168
18440;11298;260
18441;11603;305
18442;11805;202
18443;11954;149
18444;12046;92
18445;12178;132
18446;12319;141
18447;12440;121
18448;12515;75
18449;12566;51
18450;12685;119
18451;12814;129
18452;12919;105
18453;13001;82
18454;13115;114
18455;13174;59
18456;13238;64
18457;13341;103
18458;13475;134
18459;13612;137
18460;13742;130
18461;13855;113
18462;13945;90
18463;14098;153
18464;14324;226
18465;14570;246
18466;14800;230
18467;15081;281
18468;15212;131
18469;15324;112
18470;15516;192
18471;15799;283
18472;16093;294
18473;16371;278
18474;16574;203
18475;16699;125
18476;16800;101
18477;17008;208
18478;17286;278
18479;17529;243
18480;17731;202
18481;18060;329
18482;18235;175
18483;18353;118
18484;18494;141
18485;18783;289
18486;19075;292
18487;19401;326
18488;19693;292
18489;19891;198
18490;20012;121
18491;20202;190
18492;20483;281
18493;20798;315
18494;21045;247
18495;21551;506
18496;21790;239
18497;21923;133
18498;22181;258
18499;22548;367
18500;22951;403
18501;23169;218
18502;23777;608
18503;24094;317
18504;24367;273
18505;24618;251
18506;25117;499
18507;25773;656
18508;26452;679
18509;27249;797
18510;27752;503
18511;28156;404
18512;28716;560
18513;29877;1161
18514;31036;1159
18515;32413;1377
18516;33860;1447
18517;35401;1541
18518;36188;787
18519;37222;1034
18520;38896;1674
18521;41032;2136
18522;44155;3123
18523;46262;2107
18524;48306;2044
18525;49290;984
18526;50764;1474
18527;53158;2394
18528;55464;2306
18529;58374;2910
18530;61318;2944
18531;63294;1976
18532;64597;1303
18533;65883;1286
18534;67843;1960
18535;70763;2920
18536;74255;3492
18537;78051;3796
18538;80605;2554
18539;82446;1841
18540;85566;3120
18541;90022;4456
18542;95360;5338
18543;100757;5397
18544;109374;8617
18545;114005;4631
18546;117110;3105
18547;121421;4311
18548;129747;8326
18549;139290;9543
18550;149010;9720
18551;160112;11102
18552;168827;8715
18553;173885;5058
18554;181962;8077
18555;193946;11984
18556;208915;14969
18557;223065;14150
18558;238323;15258
18559;250797;12474
18560;258097;7300
18561;268370;10273
18562;284033;15663
18563;297013;12980
18564;310068;13055
18565;323673;13605
18566;335102;11429
18567;341644;6542
18568;350896;9252
18569;362985;12089
18570;378716;15731
18571;391945;13229
18572;403497;11552
18573;411220;7723
18574;414828;3608
18575;417181;2353
18576;429880;12699
18577;438805;8925
18578;446675;7870
18579;454030;7355
18580;458229;4199
18581;460116;1887
18582;465523;5407
18583;469769;4246
18584;475284;5515
18585;481755;6471
18586;487563;5808
18587;490750;3187
18588;492263;1513
18589;496638;4375
18590;502534;5896
18591;505215;2681
18592;511520;6305
18593;515984;4464
18594;518649;2665
18595;519723;1074
18596;523298;3575
18597;528474;5176
18598;533042;4568
18599;537663;4621
18600;542406;4743
18601;544179;1773
18602;546833;2654
18603;546833;0
18604;551070;4237
18605;556927;5857
18606;563333;6406
18607;569205;5872
18608;575422;6217
18609;579079;3657
18610;581079;2000
18611;586251;5172
18612;594148;7897
18613;602404;8256
18614;610006;7602
18615;618836;8830
18616;624140;5304
18617;627523;3383
18618;635414;7891
18619;646312;10898
18620;660461;14149
18621;664863;4402
18622;667569;2706
18623;670599;3030
18624;674340;3741
18625;685202;10862
18626;701622;16420
18627;718661;17039
18628;732022;13361
18629;735469;3447
18630;740481;5012
18631;746714;6233
18632;759635;12921
18633;776967;17332
18634;794740;17773
18635;809601;14861
18636;822716;13115
18637;831165;8449
18638;835454;4289
18639;844799;9345
18640;855600;10801
18641;866522;10922
18642;874605;8083
18643;883906;9301
18644;889159;5253
18645;891852;2693
18646;899503;7651
18647;909131;9628
18648;917359;8228
18649;924847;7488
18650;933361;8514
18651;937617;4256
18652;940004;2387
18653;946946;6942
18654;956155;9209
18655;964660;8505
18656;972642;7982
18657;980714;8072
18658;984774;4060
18659;987329;2555
18660;994514;7185
18661;1003657;9143
18662;1013352;9695
18663;1021477;8125
18664;1030112;8635
18665;1034975;4863
18666;1037405;2430
18667;1045132;7727
18668;1055415;10283
18669;1064952;9537
18670;1073966;9014
18671;1082849;8883
18672;1088009;5160
18673;1090860;2851
18674;1099654;8794
18675;1112322;12668
18676;1123252;10930
18677;1134957;11705
18678;1146321;11364
18679;1153159;6838
18680;1157180;4021
18681;1168491;11311
18682;1184352;15861
18683;1198168;13816
18684;1212780;14612
18685;1227595;14815
18686;1235480;7885
18687;1240051;4571
18688;1252242;12191
18689;1269058;16816
18690;1284288;15230
18691;1299002;14714
18692;1312164;13162
18693;1321331;9167
18694;1325291;3960
18695;1335815;10524
18696;1351195;15380
18697;1365724;14529
18698;1376998;11274
18699;1392108;15110
18700;1399078;6970
18701;1402420;3342
18702;1412962;10542
18703;1426991;14029
18704;1439019;12028
18705;1449696;10677
18706;1459406;9710
18707;1469547;10141
18708;1467333;-2214
18709;1475538;8205
18710;1486510;10972
18711;1495361;8851
18712;1503307;7946
18713;1511021;7714
18714;1515029;4008
18715;1516772;1743
18716;1523668;6896
18717;1532332;8664
18718;1539617;7285
18719;1545865;6248
18720;1549734;3869
18721;1551896;2162
18722;1553820;1924
18723;1555245;1425
18724;1560777;5532
18725;1567848;7071
18726;1573153;5305
18727;1577972;4819
18728;1580189;2217
18729;1581184;995
18730;1585037;3853
18731;1590124;5087
18732;1593847;3723
18733;1597103;3256
18734;1600341;3238
18735;1601881;1540
18736;1602711;830
18737;1606030;3319
18738;1609861;3831
18739;1612832;2971
18740;1615461;2629
18741;1618068;2607
18742;1619383;1315
18743;1620206;823
18744;1622777;2571
18745;1626033;3256
18746;1628536;2503
18747;1630758;2222
18748;1632932;2174
18749;1634114;1182
18750;1634619;505
18751;1636836;2217
18752;1639248;2412
18753;1641120;1872
18754;1642696;1576
18755;1644335;1639
18756;1645061;726
18757;1645448;387
18758;1646981;1533
18759;1648667;1686
18760;1649947;1280
18761;1651178;1231
18762;1652238;1060
18763;1652840;602
18764;1653099;259
