condition;measurement;ncases
18283;0;0
18284;0;0
18285;0;0
18286;0;0
18287;0;0
18288;0;0
18289;0;0
18290;0;0
18291;0;0
18292;0;0
18293;0;0
18294;0;0
18295;0;0
18296;0;0
18297;0;0
18298;0;0
18299;0;0
18300;0;0
18301;0;0
18302;0;0
18303;0;0
18304;0;0
18305;0;0
18306;0;0
18307;0;0
18308;0;0
18309;0;0
18310;0;0
18311;0;0
18312;0;0
18313;0;0
18314;0;0
18315;0;0
18316;0;0
18317;0;0
18318;0;0
18319;0;0
18320;0;0
18321;0;0
18322;0;0
18323;0;0
18324;0;0
18325;0;0
18326;0;0
18327;0;0
18328;0;0
18329;0;0
18330;0;0
18331;0;0
18332;0;0
18333;0;0
18334;0;0
18335;0;0
18336;0;0
18337;0;0
18338;0;0
18339;1;1
18340;1;0
18341;1;0
18342;1;0
18343;1;0
18344;3;2
18345;3;0
18346;11;8
18347;11;0
18348;12;1
18349;14;2
18350;18;4
18351;18;0
18352;30;12
18353;33;3
18354;40;7
18355;49;9
18356;50;1
18357;59;9
18358;90;31
18359;90;0
18360;135;45
18361;135;0
18362;150;15
18363;187;37
18364;214;27
18365;298;84
18366;363;65
18367;435;72
18368;591;156
18369;732;141
18370;732;0
18371;846;114
18372;846;0
18373;945;99
18374;974;29
18375;986;12
18376;999;13
18377;1008;9
18378;1023;15
18379;1035;12
18380;1072;37
18381;1077;5
18382;1089;12
18383;1097;8
18384;1112;15
18385;1112;0
18386;1116;4
18387;1120;4
18388;1124;4
18389;1133;9
18390;1135;2
18391;1189;54
18392;1210;21
18393;1227;17
18394;1256;29
18395;1268;12
18396;1284;16
18397;1309;25
18398;1331;22
18399;1401;70
18400;1518;117
18401;1618;100
18402;1828;210
18403;2047;219
18404;2270;223
18405;2270;0
18406;2270;0
18407;2468;198
18408;2468;0
18409;2697;229
18410;2914;217
18411;2914;0
18412;3194;280
18413;3354;160
18414;3569;215
18415;3779;210
18416;3935;156
18417;4054;119
18418;4123;69
18419;4169;46
18420;4207;38
18421;4278;71
18422;4331;53
18423;4373;42
18424;4398;25
18425;4441;43
18426;4449;8
18427;4465;16
18428;4501;36
18429;4539;38
18430;4545;6
18431;4557;12
18432;4565;8
18433;4565;0
18434;4582;17
18435;4599;17
18436;4617;18
18437;4630;13
18438;4635;5
18439;4643;8
18440;4643;0
18441;4643;0
18442;4656;13
18443;4682;26
18444;4704;22
18445;4715;11
18446;4736;21
18447;4736;0
18448;4792;56
18449;4822;30
18450;4878;56
18451;4889;11
18452;4955;66
18453;4968;13
18454;4968;0
18455;4972;4
18456;4977;5
18457;4979;2
18458;4985;6
18459;4993;8
18460;5003;10
18461;5003;0
18462;5011;8
18463;5020;9
18464;5027;7
18465;5030;3
18466;5031;1
18467;5039;8
18468;5039;0
18469;5050;11
18470;5059;9
18471;5068;9
18472;5081;13
18473;5081;0
18474;5084;3
18475;5084;0
18476;5161;77
18477;5240;79
18478;5248;8
18479;5330;82
18480;5330;0
18481;5338;8
18482;5338;0
18483;5344;6
18484;5347;3
18485;5348;1
18486;5358;10
18487;5358;0
18488;5367;9
18489;5367;0
18490;5369;2
18491;5372;3
18492;5374;2
18493;5374;0
18494;5374;0
18495;5382;8
18496;5382;0
18497;5382;0
18498;5383;1
18499;5383;0
18500;5383;0
18501;5383;0
18502;5383;0
18503;5385;2
18504;5385;0
18505;5387;2
18506;5387;0
18507;5387;0
18508;5387;0
18509;5387;0
18510;5387;0
18511;5388;1
18512;5388;0
18513;5388;0
18514;5391;3
18515;5394;3
18516;5394;0
18517;5394;0
18518;5395;1
18519;5396;1
18520;5396;0
18521;5399;3
18522;5399;0
18523;5403;4
18524;5403;0
18525;5403;0
18526;5404;1
18527;5407;3
18528;5407;0
18529;5407;0
18530;5409;2
18531;5409;0
18532;5409;0
18533;5410;1
18534;5416;6
18535;5416;0
18536;5417;1
18537;5417;0
18538;5418;1
18539;5419;1
18540;5421;2
18541;5423;2
18542;5423;0
18543;5423;0
18544;5423;0
18545;5423;0
18546;5423;0
18547;5426;3
18548;5428;2
18549;5440;12
18550;5443;3
18551;5449;6
18552;5452;3
18553;5459;7
18554;5469;10
18555;5499;30
18556;5512;13
18557;5522;10
18558;5528;6
18559;5530;2
18560;5536;6
18561;5541;5
18562;5544;3
18563;5555;11
18564;5558;3
18565;5559;1
18566;5561;2
18567;5563;2
18568;5573;10
18569;5575;2
18570;5580;5
18571;5599;19
18572;5604;5
18573;5605;1
18574;5608;3
18575;5627;19
18576;5633;6
18577;5635;2
18578;5641;6
18579;5641;0
18580;5645;4
18581;5649;4
18582;5655;6
18583;5656;1
18584;5658;2
18585;5658;0
18586;5660;2
18587;5661;1
18588;5668;7
18589;5668;0
18590;5669;1
18591;5670;1
18592;5676;6
18593;5676;0
18594;5676;0
18595;5677;1
18596;5679;2
18597;5680;1
18598;5682;2
18599;5689;7
18600;5690;1
18601;5692;2
18602;5701;9
18603;5708;7
18604;5714;6
18605;5717;3
18606;5717;0
18607;5721;4
18608;5725;4
18609;5728;3
18610;5733;5
18611;5749;16
18612;5759;10
18613;5770;11
18614;5780;10
18615;5781;1
18616;5781;0
18617;5783;2
18618;5786;3
18619;5789;3
18620;5800;11
18621;5804;4
18622;5805;1
18623;5813;8
18624;5813;0
18625;5813;0
18626;5824;11
18627;5831;7
18628;5840;9
18629;5841;1
18630;5842;1
18631;5846;4
18632;5854;8
18633;5855;1
18634;5857;2
18635;5865;8
18636;5866;1
18637;5871;5
18638;5877;6
18639;5879;2
18640;5891;12
18641;5900;9
18642;5903;3
18643;5903;0
18644;5905;2
18645;5905;0
18646;5910;5
18647;5913;3
18648;5916;3
18649;5917;1
18650;5918;1
18651;5919;1
18652;5920;1
18653;5923;3
18654;5926;3
18655;5929;3
18656;5930;1
18657;5931;1
18658;5932;1
18659;5932;0
18660;5935;3
18661;5936;1
18662;5936;0
18663;5941;5
18664;5941;0
18665;5947;6
18666;5950;3
18667;5959;9
18668;5962;3
18669;5966;4
18670;5967;1
18671;5968;1
18672;5971;3
18673;5980;9
18674;5981;1
18675;6006;25
18676;6008;2
18677;6022;14
18678;6022;0
18679;6024;2
18680;6026;2
18681;6052;26
18682;6052;0
18683;6060;8
18684;6062;2
18685;6065;3
18686;6066;1
18687;6087;21
18688;6089;2
18689;6102;13
18690;6110;8
18691;6130;20
18692;6134;4
18693;6146;12
18694;6157;11
18695;6181;24
18696;6227;46
18697;6234;7
18698;6236;2
18699;6252;16
18700;6268;16
18701;6294;26
18702;6336;42
18703;6385;49
18704;6452;67
18705;6501;49
18706;6518;17
18707;6588;70
18708;6658;70
18709;6771;113
18710;6895;124
18711;7016;121
18712;7169;153
18713;7249;80
18714;7361;112
18715;7610;249
18716;7790;180
18717;8002;212
18718;8180;178
18719;8431;251
18720;8509;78
18721;8509;0
18722;8696;187
18723;9111;415
18724;9306;195
18725;9479;173
18726;9662;183
18727;9722;60
18728;9876;154
18729;9975;99
18730;10077;102
18731;10202;125
18732;10275;73
18733;10385;110
18734;10412;27
18735;10460;48
18736;10510;50
18737;10557;47
18738;10633;76
18739;10697;64
18740;10738;41
18741;10746;8
18742;10802;56
18743;10885;83
18744;10931;46
18745;10986;55
18746;11026;40
18747;11100;74
18748;11121;21
18749;11157;36
18750;11201;44
18751;11247;46
18752;11268;21
18753;11307;39
18754;11319;12
18755;11335;16
18756;11335;0
18757;11355;20
18758;11369;14
18759;11389;20
18760;11389;0
18761;11402;13
18762;11414;12
18763;11434;20
18764;11434;0
