condition;measurement;ncases
18283;0;0
18284;0;0
18285;0;0
18286;0;0
18287;0;0
18288;0;0
18289;0;0
18290;0;0
18291;0;0
18292;0;0
18293;0;0
18294;0;0
18295;0;0
18296;0;0
18297;0;0
18298;0;0
18299;0;0
18300;0;0
18301;0;0
18302;0;0
18303;0;0
18304;0;0
18305;0;0
18306;0;0
18307;0;0
18308;0;0
18309;0;0
18310;0;0
18311;0;0
18312;0;0
18313;0;0
18314;0;0
18315;0;0
18316;0;0
18317;0;0
18318;0;0
18319;0;0
18320;0;0
18321;0;0
18322;1;1
18323;1;0
18324;1;0
18325;1;0
18326;1;0
18327;2;1
18328;2;0
18329;5;3
18330;5;0
18331;5;0
18332;5;0
18333;5;0
18334;5;0
18335;11;6
18336;11;0
18337;11;0
18338;21;10
18339;21;0
18340;34;13
18341;72;38
18342;112;40
18343;202;90
18344;245;43
18345;312;67
18346;392;80
18347;488;96
18348;581;93
18349;719;138
18350;859;140
18351;901;42
18352;1109;208
18353;1284;175
18354;1380;96
18355;1488;108
18356;1488;0
18357;1745;257
18358;1828;83
18359;1956;128
18360;2111;155
18361;2349;238
18362;2620;271
18363;2759;139
18364;2967;208
18365;3167;200
18366;3286;119
18367;3614;328
18368;3755;141
18369;4126;371
18370;4335;209
18371;4680;345
18372;4964;284
18373;5044;80
18374;5300;256
18375;5543;243
18376;5749;206
18377;5926;177
18378;6135;209
18379;6293;158
18380;6416;123
18381;6652;236
18382;6972;320
18383;7288;316
18384;7578;290
18385;7954;376
18386;8235;281
18387;8480;245
18388;8807;327
18389;9095;288
18390;9376;281
18391;9882;506
18392;10347;465
18393;10634;287
18394;10900;266
18395;11196;296
18396;11320;124
18397;11739;419
18398;12110;371
18399;12314;204
18400;12725;411
18401;13223;498
18402;13477;254
18403;13657;180
18404;13989;332
18405;14422;433
18406;14801;379
18407;15073;272
18408;15264;191
18409;15723;459
18410;16068;345
18411;16531;463
18412;16908;377
18413;17285;377
18414;17572;287
18415;17752;180
18416;18040;288
18417;18319;279
18418;18708;389
18419;19195;487
18420;19600;405
18421;20126;526
18422;20415;289
18423;20808;393
18424;21437;629
18425;22008;571
18426;22572;564
18427;22962;390
18428;23271;309
18429;23686;415
18430;24105;419
18431;24645;540
18432;25068;423
18433;25778;710
18434;26677;899
18435;27370;693
18436;27936;566
18437;28631;695
18438;29141;510
18439;29764;623
18440;30619;855
18441;31373;754
18442;31816;443
18443;32568;752
18444;33387;819
18445;34197;810
18446;35148;951
18447;36184;1036
18448;37425;1241
18449;38128;703
18450;38430;302
18451;39588;1158
18452;40790;1202
18453;41915;1125
18454;43114;1199
18455;44532;1418
18456;45506;974
18457;46305;799
18458;47671;1366
18459;48743;1072
18460;50113;1370
18461;51519;1406
18462;52855;1336
18463;53956;1101
18464;54797;841
18465;56043;1246
18466;57615;1572
18467;59077;1462
18468;60896;1819
18469;62908;2012
18470;64156;1248
18471;64690;534
18472;66182;1492
18473;67915;1733
18474;69649;1734
18475;71415;1766
18476;72243;828
18477;73117;874
18478;74295;1178
18479;75660;1365
18480;76536;876
18481;77709;1173
18482;78778;1069
18483;79732;954
18484;80499;767
18485;81094;595
18486;82224;1130
18487;83134;910
18488;84488;1354
18489;85545;1057
18490;86309;764
18491;86737;428
18492;87123;386
18493;88127;1004
18494;89010;883
18495;89867;857
18496;90561;694
18497;91161;600
18498;91608;447
18499;92217;609
18500;92557;340
18501;92964;407
18502;93390;426
18503;93732;342
18504;94241;509
18505;94715;474
18506;94979;264
18507;95627;648
18508;96629;1002
18509;96629;0
18510;98776;2147
18511;99333;557
18512;99898;565
18513;100131;233
18514;100937;806
18515;101716;779
18516;102232;516
18517;103092;860
18518;103660;568
18519;104110;450
18520;104803;693
18521;105521;718
18522;106136;615
18523;106732;596
18524;107700;968
18525;108289;589
18526;108783;494
18527;109269;486
18528;109737;468
18529;110122;385
18530;110597;475
18531;110957;360
18532;111386;429
18533;111666;280
18534;111900;234
18535;112209;309
18536;112728;519
18537;113350;622
18538;113926;576
18539;114480;554
18540;115054;574
18541;115371;317
18542;116148;777
18543;116872;724
18544;117457;585
18545;118014;557
18546;118477;463
18547;118843;366
18548;119008;165
18549;119662;654
18550;120066;404
18551;120450;384
18552;120925;475
18553;121347;422
18554;121667;320
18555;121973;306
18556;122398;425
18557;122873;475
18558;122873;0
18559;124018;1145
18560;124527;509
18561;124843;316
18562;125008;165
18563;125570;562
18564;125913;343
18565;126332;419
18566;127018;686
18567;127332;314
18568;127591;259
18569;127848;257
18570;128278;430
18571;128824;546
18572;129300;476
18573;129645;345
18574;130182;537
18575;130603;421
18576;131131;528
18577;131265;134
18578;131636;371
18579;132554;918
18580;133225;671
18581;133724;499
18582;134203;479
18583;134697;494
18584;135157;460
18585;136183;1026
18586;136784;601
18587;137770;986
18588;138410;640
18589;138829;419
18590;139111;282
18591;139396;285
18592;140922;1526
18593;141777;855
18594;142653;876
18595;143473;820
18596;143988;515
18597;144302;314
18598;145197;895
18599;146009;812
18600;146680;671
18601;147655;975
18602;148453;798
18603;149138;685
18604;149630;492
18605;150161;531
18606;151721;1560
18607;152452;731
18608;153585;1133
18609;154692;1107
18610;155184;492
18611;155797;613
18612;156585;788
18613;157305;720
18614;157929;624
18615;159064;1135
18616;160386;1322
18617;161052;666
18618;161930;878
18619;162496;566
18620;163654;1158
18621;165035;1381
18622;165940;905
18623;166764;824
18624;167405;641
18625;168265;860
18626;169579;1314
18627;170785;1206
18628;172218;1433
18629;172965;747
18630;173331;366
18631;175374;2043
18632;175849;475
18633;176378;529
18634;177493;1115
18635;178538;1045
18636;180644;2106
18637;182103;1459
18638;183282;1179
18639;184788;1506
18640;186383;1595
18641;187487;1104
18642;188969;1482
18643;191339;2370
18644;193118;1779
18645;194966;1848
18646;196591;1625
18647;198123;1532
18648;199672;1549
18649;201145;1473
18650;202507;1362
18651;203946;1439
18652;205162;1216
18653;206305;1143
18654;207455;1150
18655;208610;1155
18656;210412;1802
18657;212553;2141
18658;214060;1507
18659;215086;1026
18660;215920;834
18661;217277;1357
18662;218948;1671
18663;220426;1478
18664;222148;1722
18665;223398;1250
18666;224119;721
18667;224538;419
18668;225472;934
18669;226714;1242
18670;227764;1050
18671;228895;1131
18672;229768;873
18673;230563;795
18674;231095;532
18675;231737;642
18676;232780;1043
18677;233598;818
18678;234502;904
18679;235462;960
18680;235882;420
18681;236210;328
18682;236883;673
18683;237629;746
18684;238205;576
18685;239009;804
18686;239617;608
18687;239998;381
18688;240201;203
18689;240773;572
18690;241392;619
18691;242087;695
18692;242660;573
18693;243247;587
18694;243526;279
18695;243778;252
18696;244168;390
18697;244923;755
18698;245452;529
18699;245616;164
18700;246045;429
18701;246299;254
18702;246794;495
18703;247364;570
18704;247979;615
18705;248502;523
18706;248989;487
18707;249463;474
18708;249776;313
18709;250177;401
18710;250579;402
18711;250968;389
18712;251332;364
18713;251582;250
18714;251983;401
18715;252182;199
18716;252384;202
18717;252727;343
18718;253196;469
18719;253781;585
18720;254136;355
18721;254295;159
18722;254435;140
18723;254603;168
18724;254937;334
18725;256031;1094
18726;256563;532
18727;257186;623
18728;257698;512
18729;258039;341
18730;258637;598
18731;259260;623
18732;259639;379
18733;260133;494
18734;260627;494
18735;261129;502
18736;261531;402
18737;261848;317
18738;262404;556
18739;262935;531
18740;263470;535
18741;263944;474
18742;264863;919
18743;265403;540
18744;265481;78
18745;265819;338
18746;266214;395
18747;266561;347
18748;266861;300
18749;267455;594
18750;267681;226
18751;268070;389
18752;268561;491
18753;269184;623
18754;269958;774
18755;270600;642
18756;271548;948
18757;272108;560
18758;272809;701
18759;273497;688
18760;274319;822
18761;275378;1059
18762;276272;894
18763;277188;916
18764;277919;731
