condition;measurement;ncases
18283;0;0
18284;0;0
18285;0;0
18286;0;0
18287;0;0
18288;0;0
18289;0;0
18290;0;0
18291;0;0
18292;0;0
18293;0;0
18294;0;0
18295;0;0
18296;0;0
18297;0;0
18298;0;0
18299;0;0
18300;0;0
18301;0;0
18302;0;0
18303;0;0
18304;0;0
18305;0;0
18306;1;1
18307;1;0
18308;1;0
18309;1;0
18310;1;0
18311;1;0
18312;1;0
18313;1;0
18314;1;0
18315;1;0
18316;1;0
18317;1;0
18318;1;0
18319;1;0
18320;1;0
18321;1;0
18322;2;1
18323;2;0
18324;2;0
18325;2;0
18326;3;1
18327;15;12
18328;15;0
18329;49;34
18330;55;6
18331;59;4
18332;60;1
18333;67;7
18334;80;13
18335;109;29
18336;110;1
18337;150;40
18338;196;46
18339;196;0
18340;256;60
18341;285;29
18342;294;9
18343;327;33
18344;366;39
18345;402;36
18346;456;54
18347;495;39
18348;536;41
18349;576;40
18350;609;33
18351;656;47
18352;710;54
18353;779;69
18354;865;86
18355;985;120
18356;1070;85
18357;1173;103
18358;1322;149
18359;1450;128
18360;1560;110
18361;1699;139
18362;1794;95
18363;1939;145
18364;2065;126
18365;2190;125
18366;2350;160
18367;2505;155
18368;2673;168
18369;2844;171
18370;3032;188
18371;3144;112
18372;3333;189
18373;3490;157
18374;3659;169
18375;3891;232
18376;4092;201
18377;4319;227
18378;4534;215
18379;4782;248
18380;5042;260
18381;5268;226
18382;5537;269
18383;5895;358
18384;6193;298
18385;6465;272
18386;6813;348
18387;7201;388
18388;7588;387
18389;7981;393
18390;8476;495
18391;8964;488
18392;9400;436
18393;9746;346
18394;10093;347
18395;10431;338
18396;10829;398
18397;11228;399
18398;11719;491
18399;12229;510
18400;12764;535
18401;13484;720
18402;14229;745
18403;15003;774
18404;15786;783
18405;16513;727
18406;17265;752
18407;17967;702
18408;18756;789
18409;19666;910
18410;20793;1127
18411;22082;1289
18412;23449;1367
18413;24985;1536
18414;26384;1399
18415;27536;1152
18416;28615;1079
18417;29767;1152
18418;31115;1348
18419;32612;1497
18420;34079;1467
18421;35444;1365
18422;36829;1385
18423;38284;1455
18424;39726;1442
18425;41303;1577
18426;42980;1677
18427;44598;1618
18428;46289;1691
18429;47856;1567
18430;49219;1363
18431;50437;1218
18432;52211;1774
18433;53758;1547
18434;55233;1475
18435;56809;1576
18436;58141;1332
18437;59561;1420
18438;61130;1569
18439;62755;1625
18440;63923;1168
18441;65188;1265
18442;66754;1566
18443;68311;1557
18444;69814;1503
18445;71299;1485
18446;72711;1412
18447;74035;1324
18448;75253;1218
18449;76222;969
18450;77279;1057
18451;78304;1025
18452;79254;950
18453;80235;981
18454;81158;923
18455;82070;912
18456;83001;931
18457;83930;929
18458;84843;913
18459;85771;928
18460;86474;703
18461;87172;698
18462;87775;603
18463;88402;627
18464;89078;676
18465;89745;667
18466;90413;668
18467;91072;659
18468;91583;511
18469;92062;479
18470;92482;420
18471;92947;465
18472;93356;409
18473;93757;401
18474;94078;321
18475;94316;238
18476;94483;167
18477;94640;157
18478;94752;112
18479;94875;123
18480;95006;131
18481;95147;141
18482;95314;167
18483;95492;178
18484;95666;174
18485;95834;168
18486;95963;129
18487;96108;145
18488;96220;112
18489;96336;116
18490;96475;139
18491;96590;115
18492;96753;163
18493;96914;161
18494;97025;111
18495;97148;123
18496;97237;89
18497;97340;103
18498;97478;138
18499;97619;141
18500;97825;206
18501;98062;237
18502;98285;223
18503;98497;212
18504;98727;230
18505;98939;212
18506;99115;176
18507;99280;165
18508;99425;145
18509;99582;157
18510;99712;130
18511;99863;151
18512;100041;178
18513;100228;187
18514;100403;175
18515;100557;154
18516;100708;151
18517;100856;148
18518;101009;153
18519;101177;168
18520;101340;163
18521;101500;160
18522;101641;141
18523;101772;131
18524;101900;128
18525;102015;115
18526;102141;126
18527;102254;113
18528;102375;121
18529;102513;138
18530;102625;112
18531;102736;111
18532;102840;104
18533;102955;115
18534;103079;124
18535;103198;119
18536;103317;119
18537;103466;149
18538;103575;109
18539;103683;108
18540;103781;98
18541;103902;121
18542;104035;133
18543;104156;121
18544;104262;106
18545;104387;125
18546;104516;129
18547;104648;132
18548;104787;139
18549;104915;128
18550;105033;118
18551;105159;126
18552;105297;138
18553;105424;127
18554;105547;123
18555;105705;158
18556;105883;178
18557;106060;177
18558;106230;170
18559;106397;167
18560;106540;143
18561;106707;167
18562;106877;170
18563;107030;153
18564;107209;179
18565;107376;167
18566;107555;179
18567;107736;181
18568;107925;189
18569;108122;197
18570;108329;207
18571;108530;201
18572;108754;224
18573;108962;208
18574;109201;239
18575;109422;221
18576;109654;232
18577;109881;227
18578;110095;214
18579;110319;224
18580;110547;228
18581;110767;220
18582;111009;242
18583;111284;275
18584;111613;329
18585;111955;342
18586;112318;363
18587;112676;358
18588;113027;351
18589;113381;354
18590;113742;361
18591;114107;365
18592;114475;368
18593;114832;357
18594;115183;351
18595;115541;358
18596;115911;370
18597;116303;392
18598;116724;421
18599;117156;432
18600;117583;427
18601;118014;431
18602;118432;418
18603;118847;415
18604;119281;434
18605;119702;421
18606;120147;445
18607;120611;464
18608;121089;478
18609;121575;486
18610;122086;511
18611;122609;523
18612;123153;544
18613;123701;548
18614;124280;579
18615;124891;611
18616;125555;664
18617;126273;718
18618;127061;788
18619;127972;911
18620;128993;1021
18621;130126;1133
18622;131315;1189
18623;132541;1226
18624;133900;1359
18625;135233;1333
18626;136644;1411
18627;138062;1418
18628;139471;1409
18629;140878;1407
18630;142187;1309
18631;143464;1277
18632;144583;1119
18633;145590;1007
18634;146809;1219
18635;147810;1001
18636;148799;989
18637;149792;993
18638;150753;961
18639;151723;970
18640;152719;996
18641;153741;1022
18642;154620;879
18643;155507;887
18644;156397;890
18645;157275;878
18646;158174;899
18647;158963;789
18648;159715;752
18649;160463;748
18650;161143;680
18651;161817;674
18652;162486;669
18653;163129;643
18654;163761;632
18655;164282;521
18656;164871;589
18657;165418;547
18658;165951;533
18659;166492;541
18660;167013;521
18661;167525;512
18662;168057;532
18663;168597;540
18664;169106;509
18665;169640;534
18666;170207;567
18667;170780;573
18668;171390;610
18669;171993;603
18670;172602;609
18671;173202;600
18672;173813;611
18673;174426;613
18674;175059;633
18675;175677;618
18676;176333;656
18677;176943;610
18678;177543;600
18679;178151;608
18680;178774;623
18681;179407;633
18682;180051;644
18683;180640;589
18684;181241;601
18685;181829;588
18686;182424;595
18687;183010;586
18688;183591;581
18689;184168;577
18690;184755;587
18691;185334;579
18692;185922;588
18693;186503;581
18694;187094;591
18695;187716;622
18696;188361;645
18697;189000;639
18698;189639;639
18699;190280;641
18700;190924;644
18701;191555;631
18702;192195;640
18703;192840;645
18704;193482;642
18705;194127;645
18706;194771;644
18707;195418;647
18708;196061;643
18709;196709;648
18710;197350;641
18711;198011;661
18712;198681;670
18713;199364;683
18714;200050;686
18715;200739;689
18716;201432;693
18717;202131;699
18718;202843;712
18719;203546;703
18720;204256;710
18721;204965;709
18722;205732;767
18723;206510;778
18724;207293;783
18725;208082;789
18726;208876;794
18727;209677;801
18728;210489;812
18729;211307;818
18730;212130;823
18731;212961;831
18732;213798;837
18733;214639;841
18734;215484;845
18735;216334;850
18736;217186;852
18737;218041;855
18738;218902;861
18739;219774;872
18740;220658;884
18741;221570;912
18742;222523;953
18743;223514;991
18744;224517;1003
18745;225528;1011
18746;226531;1003
18747;227552;1021
18748;228584;1032
18749;229635;1051
18750;230713;1078
18751;231803;1090
18752;232905;1102
18753;234015;1110
18754;235140;1125
18755;236272;1132
18756;237410;1138
18757;238560;1150
18758;239740;1180
18759;240927;1187
18760;242120;1193
18761;243317;1197
18762;244520;1203
18763;245721;1201
18764;246909;1188
