condition;measurement;ncases
18283;0;0
18284;0;0
18285;0;0
18286;0;0
18287;0;0
18288;0;0
18289;0;0
18290;0;0
18291;0;0
18292;0;0
18293;0;0
18294;0;0
18295;0;0
18296;0;0
18297;0;0
18298;0;0
18299;0;0
18300;0;0
18301;0;0
18302;0;0
18303;0;0
18304;0;0
18305;0;0
18306;0;0
18307;0;0
18308;0;0
18309;0;0
18310;0;0
18311;0;0
18312;0;0
18313;0;0
18314;0;0
18315;0;0
18316;0;0
18317;0;0
18318;0;0
18319;1;1
18320;1;0
18321;1;0
18322;1;0
18323;1;0
18324;2;1
18325;2;0
18326;3;1
18327;10;7
18328;10;0
18329;10;0
18330;10;0
18331;12;2
18332;16;4
18333;16;0
18334;79;63
18335;115;36
18336;171;56
18337;205;34
18338;225;20
18339;258;33
18340;267;9
18341;283;16
18342;306;23
18343;326;20
18344;352;26
18345;369;17
18346;404;35
18347;538;134
18348;575;37
18349;645;70
18350;679;34
18351;715;36
18352;745;30
18353;779;34
18354;858;79
18355;961;103
18356;1039;78
18357;1097;58
18358;1108;11
18359;1149;41
18360;1185;36
18361;1207;22
18362;1258;51
18363;1304;46
18364;1309;5
18365;1332;23
18366;1373;41
18367;1400;27
18368;1434;34
18369;1459;25
18370;1512;53
18371;1528;16
18372;1535;7
18373;1552;17
18374;1559;7
18375;1592;33
18376;1605;13
18377;1635;30
18378;1643;8
18379;1647;4
18380;1660;13
18381;1666;6
18382;1689;23
18383;1694;5
18384;1699;5
18385;1700;1
18386;1703;3
18387;1711;8
18388;1713;2
18389;1720;7
18390;1725;5
18391;1733;8
18392;1739;6
18393;1741;2
18394;1746;5
18395;1751;5
18396;1758;7
18397;1766;8
18398;1770;4
18399;1774;4
18400;1784;10
18401;1791;7
18402;1794;3
18403;1800;6
18404;1807;7
18405;1821;14
18406;1823;2
18407;1824;1
18408;1834;10
18409;1840;6
18410;1851;11
18411;1859;8
18412;1865;6
18413;1869;4
18414;1870;1
18415;1870;0
18416;1880;10
18417;1890;10
18418;1910;20
18419;1931;21
18420;1939;8
18421;1940;1
18422;1947;7
18423;1958;11
18424;1965;7
18425;1970;5
18426;1973;3
18427;1973;0
18428;1974;1
18429;1975;1
18430;1977;2
18431;1977;0
18432;1979;2
18433;1981;2
18434;1981;0
18435;1981;0
18436;1982;1
18437;1983;1
18438;1984;1
18439;1986;2
18440;1986;0
18441;1987;1
18442;1987;0
18443;1989;2
18444;1989;0
18445;1990;1
18446;1991;1
18447;1993;2
18448;1993;0
18449;1994;1
18450;1995;1
18451;2003;8
18452;2011;8
18453;2013;2
18454;2014;1
18455;2014;0
18456;2014;0
18457;2015;1
18458;2016;1
18459;2016;0
18460;2020;4
18461;2021;1
18462;2021;0
18463;2021;0
18464;2022;1
18465;2025;3
18466;2027;2
18467;2028;1
18468;2033;5
18469;2034;1
18470;2034;0
18471;2038;4
18472;2042;4
18473;2051;9
18474;2064;13
18475;2072;8
18476;2079;7
18477;2080;1
18478;2091;11
18479;2113;22
18480;2124;11
18481;2133;9
18482;2147;14
18483;2152;5
18484;2158;6
18485;2167;9
18486;2174;7
18487;2174;0
18488;2177;3
18489;2184;7
18490;2190;6
18491;2192;2
18492;2200;8
18493;2207;7
18494;2227;20
18495;2244;17
18496;2265;21
18497;2272;7
18498;2275;3
18499;2294;19
18500;2311;17
18501;2325;14
18502;2343;18
18503;2363;20
18504;2373;10
18505;2375;2
18506;2395;20
18507;2415;20
18508;2441;26
18509;2456;15
18510;2491;35
18511;2516;25
18512;2532;16
18513;2564;32
18514;2585;21
18515;2600;15
18516;2632;32
18517;2655;23
18518;2676;21
18519;2698;22
18520;2722;24
18521;2756;34
18522;2778;22
18523;2814;36
18524;2875;61
18525;2924;49
18526;2941;17
18527;2976;35
18528;3033;57
18529;3076;43
18530;3118;42
18531;3165;47
18532;3200;35
18533;3267;67
18534;3315;48
18535;3371;56
18536;3450;79
18537;3507;57
18538;3577;70
18539;3607;30
18540;3617;10
18541;3659;42
18542;3715;56
18543;3760;45
18544;3809;49
18545;3846;37
18546;3865;19
18547;3883;18
18548;3908;25
18549;3947;39
18550;3980;33
18551;4017;37
18552;4052;35
18553;4078;26
18554;4085;7
18555;4127;42
18556;4171;44
18557;4247;76
18558;4300;53
18559;4351;51
18560;4411;60
18561;4428;17
18562;4465;37
18563;4590;125
18564;4671;81
18565;4771;100
18566;4905;134
18567;4985;80
18568;5046;61
18569;5125;79
18570;5333;208
18571;5464;131
18572;5705;241
18573;5933;228
18574;6125;192
18575;6250;125
18576;6376;126
18577;6508;132
18578;6881;373
18579;7148;267
18580;7412;264
18581;7637;225
18582;7848;211
18583;8033;185
18584;8304;271
18585;8715;411
18586;9076;361
18587;9375;299
18588;9724;349
18589;9956;232
18590;10159;203
18591;10541;382
18592;10955;414
18593;11323;368
18594;11698;375
18595;12052;354
18596;12308;256
18597;12497;189
18598;13019;522
18599;13469;450
18600;13939;470
18601;14500;561
18602;14978;478
18603;15226;248
18604;15510;284
18605;16054;544
18606;16598;544
18607;16956;358
18608;17713;757
18609;18055;342
18610;18385;330
18611;18682;297
18612;19271;589
18613;20004;733
18614;20658;654
18615;21219;561
18616;21794;575
18617;22083;289
18618;22647;564
18619;23309;662
18620;24009;700
18621;24582;573
18622;25027;445
18623;25392;365
18624;25808;416
18625;26283;475
18626;27256;973
18627;27990;734
18628;28406;416
18629;28789;383
18630;29131;342
18631;29521;390
18632;29950;429
18633;30667;717
18634;31751;1084
18635;32537;786
18636;33089;552
18637;33516;427
18638;33805;289
18639;34138;333
18640;34991;853
18641;35621;630
18642;36096;475
18643;36691;595
18644;37079;388
18645;37344;265
18646;37941;597
18647;38544;603
18648;39212;668
18649;39701;489
18650;40184;483
18651;40716;532
18652;40975;259
18653;41330;355
18654;41966;636
18655;42656;690
18656;43343;687
18657;43747;404
18658;44208;461
18659;44575;367
18660;44978;403
18661;45663;685
18662;46334;671
18663;46925;591
18664;47512;587
18665;47928;416
18666;48267;339
18667;48809;542
18668;49605;796
18669;50280;675
18670;50993;713
18671;51749;756
18672;52416;667
18673;52827;411
18674;53444;617
18675;54300;856
18676;55295;995
18677;56246;951
18678;57033;787
18679;57616;583
18680;58445;829
18681;59407;962
18682;60475;1068
18683;61627;1152
18684;62830;1203
18685;64399;1569
18686;65600;1201
18687;66628;1028
18688;67739;1111
18689;69193;1454
18690;70610;1417
18691;72144;1534
18692;73684;1540
18693;75003;1319
18694;76183;1180
18695;77491;1308
18696;78973;1482
18697;80929;1956
18698;82286;1357
18699;83872;1586
18700;84807;935
18701;86086;1279
18702;87548;1462
18703;89331;1783
18704;91031;1700
18705;92780;1749
18706;94028;1248
18707;95401;1373
18708;96394;993
18709;97456;1062
18710;99008;1552
18711;100437;1429
18712;101587;1150
18713;102738;1151
18714;103630;892
18715;104214;584
18716;105416;1202
18717;106424;1008
18718;107253;829
18719;108418;1165
18720;108937;519
18721;109399;462
18722;109781;382
18723;110680;899
18724;111664;984
18725;112421;757
18726;113098;677
18727;113736;638
18728;114174;438
18729;114443;269
18730;115080;637
18731;115629;549
18732;116200;571
18733;116678;478
18734;117011;333
18735;117554;543
18736;117782;228
18737;118317;535
18738;118789;472
18739;119218;429
18740;119610;392
18741;120000;390
18742;120215;215
18743;120378;163
18744;120836;458
18745;121232;396
18746;121657;425
18747;122019;362
18748;122450;431
18749;122685;235
18750;122943;258
18751;123344;401
18752;123781;437
18753;124147;366
18754;124529;382
18755;124901;372
18756;125126;225
18757;125337;211
18758;125696;359
18759;126064;368
18760;126364;300
18761;126642;278
18762;126922;280
18763;127053;131
18764;127206;153
