condition;measurement;ncases
18283;0;0
18284;0;0
18285;0;0
18286;0;0
18287;0;0
18288;0;0
18289;0;0
18290;0;0
18291;0;0
18292;0;0
18293;0;0
18294;0;0
18295;0;0
18296;0;0
18297;0;0
18298;0;0
18299;0;0
18300;0;0
18301;0;0
18302;0;0
18303;0;0
18304;0;0
18305;0;0
18306;0;0
18307;0;0
18308;0;0
18309;0;0
18310;0;0
18311;0;0
18312;0;0
18313;0;0
18314;0;0
18315;0;0
18316;0;0
18317;0;0
18318;0;0
18319;0;0
18320;0;0
18321;0;0
18322;0;0
18323;0;0
18324;0;0
18325;0;0
18326;0;0
18327;0;0
18328;0;0
18329;0;0
18330;0;0
18331;0;0
18332;0;0
18333;0;0
18334;1;1
18335;1;0
18336;1;0
18337;5;4
18338;5;0
18339;6;1
18340;6;0
18341;9;3
18342;9;0
18343;11;2
18344;11;0
18345;12;1
18346;12;0
18347;12;0
18348;16;4
18349;16;0
18350;21;5
18351;23;2
18352;26;3
18353;29;3
18354;29;0
18355;35;6
18356;38;3
18357;43;5
18358;44;1
18359;52;8
18360;55;3
18361;56;1
18362;65;9
18363;69;4
18364;71;2
18365;74;3
18366;82;8
18367;85;3
18368;92;7
18369;96;4
18370;105;9
18371;108;3
18372;111;3
18373;114;3
18374;116;2
18375;116;0
18376;117;1
18377;122;5
18378;123;1
18379;124;1
18380;126;2
18381;130;4
18382;131;1
18383;133;2
18384;133;0
18385;135;2
18386;140;5
18387;145;5
18388;162;17
18389;191;29
18390;194;3
18391;210;16
18392;239;29
18393;250;11
18394;261;11
18395;263;2
18396;272;9
18397;287;15
18398;306;19
18399;317;11
18400;352;35
18401;365;13
18402;389;24
18403;399;10
18404;433;34
18405;494;61
18406;582;88
18407;655;73
18408;701;46
18409;731;30
18410;831;100
18411;968;137
18412;1063;95
18413;1172;109
18414;1257;85
18415;1344;87
18416;1486;142
18417;1636;150
18418;1805;169
18419;1934;129
18420;2020;86
18421;2156;136
18422;2336;180
18423;2506;170
18424;2670;164
18425;2915;245
18426;3166;251
18427;3345;179
18428;3521;176
18429;3630;109
18430;3759;129
18431;3954;195
18432;4070;116
18433;4469;399
18434;4532;63
18435;4663;131
18436;4848;185
18437;5034;186
18438;5175;141
18439;5425;250
18440;5570;145
18441;5689;119
18442;5846;157
18443;5846;0
18444;5846;0
18445;5846;0
18446;5846;0
18447;5846;0
18448;5846;0
18449;5846;0
18450;5846;0
18451;6774;928
18452;6973;199
18453;7120;147
18454;7402;282
18455;7560;158
18456;7766;206
18457;7969;203
18458;8181;212
18459;8475;294
18460;8803;328
18461;9147;344
18462;9503;356
18463;10207;704
18464;11072;865
18465;11524;452
18466;11933;409
18467;12693;760
18468;13248;555
18469;13968;720
18470;14547;579
18471;15200;653
18472;15810;610
18473;16615;805
18474;17530;915
18475;17999;469
18476;18706;707
18477;19289;583
18478;19877;588
18479;20336;459
18480;20900;564
18481;21452;552
18482;22253;801
18483;22818;565
18484;23591;773
18485;24175;584
18486;25118;943
18487;26204;1086
18488;27242;1038
18489;28894;1652
18490;29876;982
18491;31336;1460
18492;32722;1386
18493;34058;1336
18494;35836;1778
18495;37665;1829
18496;39033;1368
18497;40671;1638
18498;42143;1472
18499;43688;1545
18500;45221;1533
18501;46407;1186
18502;48140;1733
18503;49654;1514
18504;51122;1468
18505;52131;1009
18506;53304;1173
18507;54409;1105
18508;55213;804
18509;56516;1303
18510;57466;950
18511;58672;1206
18512;59648;976
18513;60784;1136
18514;61700;916
18515;62578;878
18516;63367;789
18517;63888;521
18518;64301;413
18519;64786;485
18520;65486;700
18521;66224;738
18522;66913;689
18523;67515;602
18524;68131;616
18525;68820;689
18526;69709;889
18527;70422;713
18528;71083;661
18529;71687;604
18530;72173;486
18531;72700;527
18532;73332;632
18533;73944;612
18534;74584;640
18535;75368;784
18536;76098;730
18537;76988;890
18538;77860;872
18539;78819;959
18540;79437;618
18541;80003;566
18542;80895;892
18543;81797;902
18544;82662;865
18545;83429;767
18546;84295;866
18547;85136;841
18548;85718;582
18549;86430;712
18550;87169;739
18551;87834;665
18552;88434;600
18553;89137;703
18554;89860;723
18555;90490;630
18556;91118;628
18557;91693;575
18558;92229;536
18559;92858;629
18560;93343;485
18561;93707;364
18562;94218;511
18563;94820;602
18564;95301;481
18565;95789;488
18566;96169;380
18567;96583;414
18568;96942;359
18569;97502;560
18570;97881;379
18571;98391;510
18572;98746;355
18573;99201;455
18574;99675;474
18575;99982;307
18576;100327;345
18577;100727;400
18578;101248;521
18579;101757;509
18580;102321;564
18581;102720;399
18582;103056;336
18583;103395;339
18584;103928;533
18585;104427;499
18586;104879;452
18587;105352;473
18588;105785;433
18589;106203;418
18590;106591;388
18591;107109;518
18592;107669;560
18593;108438;769
18594;108930;492
18595;109534;604
18596;110074;540
18597;110554;480
18598;110984;430
18599;111579;595
18600;112091;512
18601;112740;649
18602;113295;555
18603;113735;440
18604;114266;531
18605;114834;568
18606;115360;526
18607;115782;422
18608;116297;515
18609;116769;472
18610;117242;473
18611;117542;300
18612;118006;464
18613;118481;475
18614;119025;544
18615;119494;469
18616;119951;457
18617;120348;397
18618;120638;290
18619;120989;351
18620;121399;410
18621;121880;481
18622;122413;533
18623;122864;451
18624;123145;281
18625;123388;243
18626;123856;468
18627;124264;408
18628;124652;388
18629;125049;397
18630;125622;573
18631;125919;297
18632;126241;322
18633;126786;545
18634;127227;441
18635;127572;345
18636;127792;220
18637;128316;524
18638;128616;300
18639;128992;376
18640;129455;463
18641;129922;467
18642;130326;404
18643;130772;446
18644;131195;423
18645;131546;351
18646;131727;181
18647;132034;307
18648;132326;292
18649;132881;555
18650;133298;417
18651;133767;469
18652;134132;365
18653;134569;437
18654;135045;476
18655;135594;549
18656;136365;771
18657;137021;656
18658;137650;629
18659;138384;734
18660;138861;477
18661;139408;547
18662;140157;749
18663;140883;726
18664;141453;570
18665;142338;885
18666;142994;656
18667;143566;572
18668;144249;683
18669;144862;613
18670;145548;686
18671;145704;156
18672;147092;1388
18673;147825;733
18674;148490;665
18675;149308;818
18676;150179;871
18677;151016;837
18678;151857;841
18679;152806;949
18680;153541;735
18681;154257;716
18682;155234;977
18683;156112;878
18684;157047;935
18685;158053;1006
18686;159072;1019
18687;159972;900
18688;160813;841
18689;161974;1161
18690;162954;980
18691;164073;1119
18692;165029;956
18693;166138;1109
18694;167133;995
18695;168335;1202
18696;169878;1543
18697;171210;1332
18698;172571;1361
18699;174054;1483
18700;175467;1413
18701;176618;1151
18702;178108;1490
18703;179812;1704
18704;181869;2057
18705;183863;1994
18706;185641;1778
18707;187365;1724
18708;188902;1537
18709;190594;1692
18710;192575;1981
18711;194524;1949
18712;196621;2097
18713;198794;2173
18714;200563;1769
18715;202545;1982
18716;204521;1976
18717;206589;2068
18718;208961;2372
18719;211314;2353
18720;213311;1997
18721;215189;1878
18722;217327;2138
18723;219381;2054
18724;221544;2163
18725;223665;2121
18726;225516;1851
18727;227255;1739
18728;228996;1741
18729;230944;1948
18730;232512;1568
18731;234405;1893
18732;236554;2149
18733;238527;1973
18734;240236;1709
18735;242028;1792
18736;243631;1603
18737;245155;1524
18738;246484;1329
18739;247989;1505
18740;249292;1303
18741;250955;1663
18742;252279;1324
18743;253120;841
18744;254044;924
18745;255288;1244
18746;256418;1130
18747;257442;1024
18748;258062;620
18749;258384;322
18750;258813;429
18751;259354;541
18752;260139;785
18753;260802;663
18754;261580;778
18755;262217;637
18756;262702;485
18757;263120;418
18758;263672;552
18759;264367;695
18760;264960;593
18761;265413;453
18762;265832;419
18763;266264;432
18764;266646;382
