condition;measurement;ncases
18283;0;0
18284;0;0
18285;0;0
18286;0;0
18287;0;0
18288;0;0
18289;0;0
18290;1;1
18291;1;0
18292;1;0
18293;1;0
18294;1;0
18295;1;0
18296;1;0
18297;1;0
18298;1;0
18299;1;0
18300;1;0
18301;1;0
18302;1;0
18303;1;0
18304;1;0
18305;1;0
18306;1;0
18307;1;0
18308;1;0
18309;1;0
18310;1;0
18311;1;0
18312;1;0
18313;1;0
18314;1;0
18315;1;0
18316;1;0
18317;1;0
18318;2;1
18319;2;0
18320;2;0
18321;3;1
18322;6;3
18323;6;0
18324;6;0
18325;6;0
18326;12;6
18327;15;3
18328;15;0
18329;23;8
18330;30;7
18331;40;10
18332;59;19
18333;59;0
18334;155;96
18335;225;70
18336;244;19
18337;277;33
18338;321;44
18339;336;15
18340;400;64
18341;450;50
18342;523;73
18343;626;103
18344;700;74
18345;792;92
18346;880;88
18347;958;78
18348;1041;83
18349;1167;126
18350;1240;73
18351;1352;112
18352;1418;66
18353;1446;28
18354;1518;72
18355;1615;97
18356;1882;267
18357;1927;45
18358;2176;249
18359;2308;132
18360;2487;179
18361;2605;118
18362;2769;164
18363;2905;136
18364;2974;69
18365;3064;90
18366;3161;97
18367;3237;76
18368;3369;132
18369;3489;120
18370;3681;192
18371;3783;102
18372;3868;85
18373;4014;146
18374;4129;115
18375;4284;155
18376;4395;111
18377;4475;80
18378;4576;101
18379;4695;119
18380;4740;45
18381;4906;166
18382;4995;89
18383;5051;56
18384;5176;125
18385;5254;78
18386;5327;73
18387;5412;85
18388;5573;161
18389;5673;100
18390;5738;65
18391;5880;142
18392;5962;82
18393;5984;22
18394;6003;19
18395;6054;51
18396;6145;91
18397;6228;83
18398;6286;58
18399;6347;61
18400;6380;33
18401;6399;19
18402;6443;44
18403;6493;50
18404;6537;44
18405;6568;31
18406;6579;11
18407;6599;20
18408;6628;29
18409;6692;64
18410;6743;51
18411;6776;33
18412;6826;50
18413;6859;33
18414;6885;26
18415;6887;2
18416;6911;24
18417;6911;0
18418;6941;30
18419;6964;23
18420;6981;17
18421;7001;20
18422;7025;24
18423;7040;15
18424;7064;24
18425;7073;9
18426;7087;14
18427;7104;17
18428;7108;4
18429;7112;4
18430;7117;5
18431;7119;2
18432;7133;14
18433;7142;9
18434;7143;1
18435;7144;1
18436;7155;11
18437;7167;12
18438;7172;5
18439;7191;19
18440;7198;7
18441;7198;0
18442;7209;11
18443;7214;5
18444;7236;22
18445;7241;5
18446;7242;1
18447;7248;6
18448;7253;5
18449;7257;4
18450;7262;5
18451;7265;3
18452;7273;8
18453;7279;6
18454;7291;12
18455;7294;3
18456;7295;1
18457;7301;6
18458;7296;-5
18459;7293;-3
18460;7301;8
18461;7318;17
18462;7335;17
18463;7340;5
18464;7351;11
18465;7362;11
18466;7372;10
18467;7380;8
18468;7388;8
18469;7393;5
18470;7398;5
18471;7404;6
18472;7414;10
18473;7423;9
18474;7432;9
18475;7443;11
18476;7453;10
18477;7466;13
18478;7483;17
18479;7512;29
18480;7532;20
18481;7554;22
18482;7568;14
18483;7584;16
18484;7601;17
18485;7623;22
18486;7642;19
18487;7683;41
18488;7700;17
18489;7720;20
18490;7731;11
18491;7752;21
18492;7776;24
18493;7805;29
18494;7842;37
18495;7871;29
18496;7906;35
18497;7920;14
18498;7938;18
18499;7981;43
18500;8002;21
18501;8019;17
18502;8042;23
18503;8049;7
18504;8077;28
18505;8086;9
18506;8142;56
18507;8161;19
18508;8200;39
18509;8225;25
18510;8261;36
18511;8291;30
18512;8327;36
18513;8337;10
18514;8430;93
18515;8469;39
18516;8512;43
18517;8557;45
18518;8580;23
18519;8627;47
18520;8725;98
18521;8750;25
18522;8799;49
18523;8858;59
18524;8922;64
18525;8980;58
18526;9046;66
18527;9195;149
18528;9288;93
18529;9379;91
18530;9484;105
18531;9577;93
18532;9682;105
18533;9743;61
18534;9892;149
18535;9992;100
18536;10103;111
18537;10244;141
18538;10391;147
18539;10538;147
18540;10702;164
18541;10929;227
18542;11049;120
18543;11345;296
18544;11580;235
18545;11849;269
18546;11998;149
18547;12212;214
18548;12499;287
18549;12703;204
18550;12944;241
18551;13133;189
18552;13293;160
18553;13424;131
18554;13555;131
18555;13849;294
18556;14071;222
18557;14255;184
18558;14474;219
18559;14652;178
18560;14848;196
18561;14970;122
18562;15163;193
18563;15378;215
18564;15566;188
18565;15910;344
18566;16113;203
18567;16291;178
18568;16400;109
18569;16637;237
18570;16930;293
18571;17119;189
18572;17385;266
18573;17385;0
18574;17797;412
18575;17887;90
18576;18107;220
18577;18345;238
18578;18542;197
18579;18858;316
18580;19102;244
18581;19315;213
18582;19419;104
18583;19647;228
18584;19935;288
18585;20286;351
18586;20747;461
18587;21216;469
18588;21639;423
18589;21936;297
18590;22289;353
18591;22652;363
18592;23148;496
18593;23766;618
18594;24307;541
18595;24629;322
18596;24912;283
18597;25462;550
18598;25882;420
18599;26422;540
18600;26758;336
18601;27218;460
18602;27631;413
18603;27881;250
18604;28242;361
18605;28732;490
18606;29572;840
18607;30073;501
18608;30450;377
18609;30810;360
18610;31110;300
18611;31459;349
18612;31870;411
18613;32228;358
18614;32582;354
18615;32853;271
18616;33162;309
18617;33414;252
18618;33717;303
18619;34084;367
18620;34447;363
18621;34648;201
18622;34821;173
18623;34977;156
18624;35137;160
18625;35420;283
18626;35858;438
18627;36107;249
18628;36403;296
18629;36604;201
18630;36772;168
18631;36919;147
18632;37218;299
18633;37549;331
18634;37772;223
18635;38068;296
18636;38392;324
18637;38590;198
18638;38790;200
18639;39011;221
18640;39335;324
18641;39593;258
18642;39911;318
18643;40101;190
18644;40337;236
18645;40505;168
18646;40722;217
18647;41166;444
18648;41565;399
18649;41915;350
18650;42334;419
18651;42580;246
18652;42772;192
18653;43120;348
18654;43616;496
18655;44039;423
18656;44402;363
18657;44871;469
18658;45238;367
18659;45482;244
18660;45784;302
18661;46049;265
18662;46493;444
18663;46894;401
18664;47262;368
18665;47616;354
18666;47969;353
18667;48407;438
18668;48807;400
18669;49165;358
18670;49572;407
18671;50007;435
18672;50319;312
18673;50662;343
18674;51047;385
18675;51595;548
18676;52209;614
18677;52653;444
18678;53285;632
18679;53742;457
18680;54132;390
18681;54532;400
18682;55122;590
18683;55687;565
18684;56407;720
18685;57052;645
18686;57672;620
18687;58064;392
18688;58645;581
18689;59442;797
18690;60200;758
18691;60904;704
18692;61552;648
18693;62063;511
18694;62522;459
18695;63110;588
18696;63889;779
18697;64609;720
18698;65315;706
18699;66006;691
18700;66869;863
18701;67334;465
18702;67851;517
18703;68693;842
18704;69497;804
18705;70267;770
18706;71123;856
18707;71643;520
18708;72073;430
18709;72713;640
18710;73516;803
18711;74242;726
18712;74754;512
18713;75545;791
18714;76003;458
18715;76425;422
18716;76845;420
18717;77452;607
18718;78106;654
18719;78672;566
18720;79094;422
18721;79396;302
18722;79737;341
18723;80068;331
18724;80416;348
18725;80842;426
18726;81261;419
18727;81707;446
18728;82053;346
18729;82278;225
18730;82564;286
18731;82964;400
18732;83253;289
18733;83633;380
18734;83633;0
18735;84131;498
18736;84287;156
18737;84501;214
18738;84797;296
18739;85077;280
18740;85344;267
18741;85607;263
18742;85804;197
18743;85937;133
18744;86161;224
18745;86405;244
18746;86613;208
18747;86808;195
18748;87096;288
18749;87228;132
18750;87345;117
18751;87529;184
18752;87798;269
18753;88078;280
18754;88332;254
18755;88561;229
18756;88723;162
18757;88866;143
18758;88990;124
18759;89270;280
18760;89532;262
18761;89686;154
18762;89878;192
18763;90105;227
18764;90249;144
