condition;measurement;ncases
18283;0;0
18284;0;0
18285;0;0
18286;0;0
18287;0;0
18288;0;0
18289;0;0
18290;0;0
18291;0;0
18292;0;0
18293;0;0
18294;0;0
18295;0;0
18296;0;0
18297;0;0
18298;0;0
18299;0;0
18300;0;0
18301;0;0
18302;0;0
18303;0;0
18304;0;0
18305;0;0
18306;0;0
18307;0;0
18308;0;0
18309;0;0
18310;0;0
18311;0;0
18312;0;0
18313;0;0
18314;0;0
18315;0;0
18316;0;0
18317;0;0
18318;1;1
18319;1;0
18320;1;0
18321;1;0
18322;3;2
18323;3;0
18324;3;0
18325;3;0
18326;4;1
18327;4;0
18328;4;0
18329;13;9
18330;15;2
18331;15;0
18332;24;9
18333;24;0
18334;25;1
18335;30;5
18336;33;3
18337;33;0
18338;34;1
18339;38;4
18340;40;2
18341;43;3
18342;49;6
18343;54;5
18344;61;7
18345;70;9
18346;75;5
18347;79;4
18348;83;4
18349;90;7
18350;91;1
18351;103;12
18352;110;7
18353;117;7
18354;134;17
18355;155;21
18356;162;7
18357;174;12
18358;188;14
18359;196;8
18360;211;15
18361;218;7
18362;234;16
18363;242;8
18364;257;15
18365;272;15
18366;300;28
18367;306;6
18368;348;42
18369;370;22
18370;388;18
18371;394;6
18372;402;8
18373;408;6
18374;416;8
18375;425;9
18376;444;19
18377;456;12
18378;486;30
18379;497;11
18380;511;14
18381;517;6
18382;539;22
18383;566;27
18384;582;16
18385;589;7
18386;593;4
18387;604;11
18388;610;6
18389;615;5
18390;623;8
18391;626;3
18392;635;9
18393;638;3
18394;642;4
18395;647;5
18396;667;20
18397;671;4
18398;683;12
18399;695;12
18400;701;6
18401;707;6
18402;713;6
18403;721;8
18404;723;2
18405;728;5
18406;730;2
18407;731;1
18408;732;1
18409;735;3
18410;738;3
18411;746;8
18412;757;11
18413;783;26
18414;794;11
18415;796;2
18416;800;4
18417;801;1
18418;805;4
18419;808;3
18420;809;1
18421;812;3
18422;818;6
18423;827;9
18424;831;4
18425;843;12
18426;851;8
18427;864;13
18428;879;15
18429;879;0
18430;888;9
18431;893;5
18432;896;3
18433;898;2
18434;906;8
18435;908;2
18436;911;3
18437;914;3
18438;917;3
18439;919;2
18440;921;2
18441;924;3
18442;926;2
18443;928;2
18444;931;3
18445;939;8
18446;943;4
18447;948;5
18448;951;3
18449;953;2
18450;958;5
18451;963;5
18452;968;5
18453;973;5
18454;981;8
18455;986;5
18456;995;9
18457;999;4
18458;1004;5
18459;1006;2
18460;1010;4
18461;1018;8
18462;1028;10
18463;1039;11
18464;1049;10
18465;1073;24
18466;1085;12
18467;1104;19
18468;1117;13
18469;1131;14
18470;1137;6
18471;1145;8
18472;1155;10
18473;1160;5
18474;1168;8
18475;1171;3
18476;1177;6
18477;1179;2
18478;1182;3
18479;1197;15
18480;1206;9
18481;1213;7
18482;1216;3
18483;1225;9
18484;1250;25
18485;1264;14
18486;1278;14
18487;1283;5
18488;1306;23
18489;1321;15
18490;1336;15
18491;1341;5
18492;1351;10
18493;1361;10
18494;1370;9
18495;1385;15
18496;1394;9
18497;1411;17
18498;1421;10
18499;1429;8
18500;1436;7
18501;1447;11
18502;1455;8
18503;1462;7
18504;1469;7
18505;1487;18
18506;1510;23
18507;1548;38
18508;1568;20
18509;1596;28
18510;1621;25
18511;1650;29
18512;1684;34
18513;1729;45
18514;1773;44
18515;1830;57
18516;1917;87
18517;2075;158
18518;2227;152
18519;2392;165
18520;2562;170
18521;2758;196
18522;2937;179
18523;3119;182
18524;3306;187
18525;3502;196
18526;3695;193
18527;3913;218
18528;4140;227
18529;4399;259
18530;4664;265
18531;4960;296
18532;5254;294
18533;5552;298
18534;5866;314
18535;6192;326
18536;6640;448
18537;7093;453
18538;7564;471
18539;8118;554
18540;8696;578
18541;9245;549
18542;9753;508
18543;10225;472
18544;10752;527
18545;11271;519
18546;11794;523
18547;12272;478
18548;12841;569
18549;13521;680
18550;14440;919
18551;15327;887
18552;16285;958
18553;17477;1192
18554;18663;1186
18555;19857;1194
18556;21208;1351
18557;22803;1595
18558;24562;1759
18559;26503;1941
18560;28431;1928
18561;30303;1872
18562;32127;1824
18563;33858;1731
18564;35567;1709
18565;37263;1696
18566;38936;1673
18567;40727;1791
18568;42579;1852
18569;44522;1943
18570;46817;2295
18571;49218;2401
18572;51993;2775
18573;54852;2859
18574;57753;2901
18575;60680;2927
18576;63650;2970
18577;66561;2911
18578;69681;3120
18579;73154;3473
18580;76658;3504
18581;79678;3020
18582;82835;3157
18583;85952;3117
18584;89395;3443
18585;93092;3697
18586;96860;3768
18587;100684;3824
18588;104732;4048
18589;108690;3958
18590;111818;3128
18591;114889;3071
18592;118690;3801
18593;123470;4780
18594;127942;4472
18595;132368;4426
18596;135584;3216
18597;139343;3759
18598;143376;4033
18599;147636;4260
18600;152704;5068
18601;158154;5450
18602;162475;4321
18603;164976;2501
18604;169649;4673
18605;174383;4734
18606;178953;4570
18607;183099;4146
18608;187006;3907
18609;189726;2720
18610;191063;1337
18611;194900;3837
18612;198387;3487
18613;201368;2981
18614;204003;2635
18615;206907;2904
18616;208638;1731
18617;209462;824
18618;212526;3064
18619;214871;2345
18620;216843;1972
18621;218724;1881
18622;220508;1784
18623;221605;1097
18624;222143;538
18625;224155;2012
18626;225893;1738
18627;227420;1527
18628;228410;990
18629;228752;342
18630;229169;417
18631;229763;594
18632;232079;2316
18633;233879;1800
18634;235491;1612
18635;236028;537
18636;238086;2058
18637;239229;1143
18638;239780;551
18639;241637;1857
18640;243255;1618
18641;244612;1357
18642;245789;1177
18643;247025;1236
18644;247805;780
18645;247915;110
18646;249465;1550
18647;249934;469
18648;251071;1137
18649;251974;903
18650;252972;998
18651;253518;546
18652;253816;298
18653;254822;1006
18654;255564;742
18655;256287;723
18656;256956;669
18657;257632;676
18658;258111;479
18659;258351;240
18660;259209;858
18661;259897;688
18662;260480;583
18663;261018;538
18664;261620;602
18665;262024;404
18666;262228;204
18667;263057;829
18668;263601;544
18669;264158;557
18670;264665;507
18671;265200;535
18672;265557;357
18673;265722;165
18674;266462;740
18675;266948;486
18676;267313;365
18677;267701;388
18678;268097;396
18679;268355;258
18680;268502;147
18681;268995;493
18682;269438;443
18683;269800;362
18684;270137;337
18685;270510;373
18686;270758;248
18687;270918;160
18688;271379;461
18689;271739;360
18690;271872;133
18691;272262;390
18692;272617;355
18693;272851;234
18694;272998;147
18695;273137;139
18696;273650;513
18697;274045;395
18698;274377;332
18699;274721;344
18700;274989;268
18701;275148;159
18702;275685;537
18703;276067;382
18704;276436;369
18705;276796;360
18706;277218;422
18707;277480;262
18708;277650;170
18709;278178;528
18710;278628;450
18711;279027;399
18712;279446;419
18713;279936;490
18714;280301;365
18715;280472;171
18716;281145;673
18717;281761;616
18718;282260;499
18719;282789;529
18720;283369;580
18721;283833;464
18722;284061;228
18723;284958;897
18724;285645;687
18725;286406;761
18726;287183;777
18727;287689;506
18728;288396;707
18729;288755;359
18730;290129;1374
18731;291214;1085
18732;292244;1030
18733;293321;1077
18734;294540;1219
18735;295358;818
18736;295936;578
18737;297728;1792
18738;299038;1310
18739;300264;1226
18740;301535;1271
18741;302785;1250
18742;303751;966
18743;304272;521
18744;305850;1578
18745;307401;1551
18746;308834;1433
18747;310310;1476
18748;311457;1147
18749;312445;988
18750;312954;509
18751;313742;788
18752;315913;2171
18753;317719;1806
18754;319266;1547
18755;320830;1564
18756;321919;1089
18757;322468;549
18758;324256;1788
18759;325665;1409
18760;326441;776
18761;327831;1390
18762;329407;1576
18763;330375;968
18764;330879;504
