condition;measurement;ncases
18283;0;0
18284;0;0
18285;0;0
18286;0;0
18287;0;0
18288;0;0
18289;0;0
18290;0;0
18291;0;0
18292;0;0
18293;0;0
18294;0;0
18295;0;0
18296;0;0
18297;0;0
18298;0;0
18299;0;0
18300;0;0
18301;0;0
18302;0;0
18303;0;0
18304;0;0
18305;0;0
18306;0;0
18307;0;0
18308;0;0
18309;0;0
18310;0;0
18311;0;0
18312;0;0
18313;0;0
18314;0;0
18315;0;0
18316;0;0
18317;0;0
18318;0;0
18319;0;0
18320;0;0
18321;0;0
18322;0;0
18323;0;0
18324;0;0
18325;0;0
18326;0;0
18327;0;0
18328;0;0
18329;0;0
18330;0;0
18331;0;0
18332;0;0
18333;0;0
18334;1;1
18335;1;0
18336;1;0
18337;1;0
18338;1;0
18339;1;0
18340;1;0
18341;1;0
18342;2;1
18343;2;0
18344;4;2
18345;4;0
18346;4;0
18347;4;0
18348;8;4
18349;8;0
18350;16;8
18351;22;6
18352;22;0
18353;30;8
18354;52;22
18355;73;21
18356;111;38
18357;121;10
18358;128;7
18359;144;16
18360;164;20
18361;194;30
18362;212;18
18363;250;38
18364;250;0
18365;319;69
18366;363;44
18367;404;41
18368;438;34
18369;477;39
18370;518;41
18371;579;61
18372;622;43
18373;688;66
18374;761;73
18375;862;101
18376;954;92
18377;996;42
18378;996;0
18379;1163;167
18380;1240;77
18381;1351;111
18382;1495;144
18383;1537;42
18384;1586;49
18385;1586;0
18386;1710;124
18387;1811;101
18388;1856;45
18389;1927;71
18390;2009;82
18391;2042;33
18392;2146;104
18393;2146;0
18394;2298;152
18395;2374;76
18396;2473;99
18397;2473;0
18398;2658;185
18399;2658;0
18400;2796;138
18401;2863;67
18402;2863;0
18403;3067;204
18404;3067;0
18405;3176;109
18406;3275;99
18407;3275;0
18408;3275;0
18409;3275;0
18410;3553;278
18411;3656;103
18412;3706;50
18413;3706;0
18414;3844;138
18415;3886;42
18416;3933;47
18417;3991;58
18418;4060;69
18419;4117;57
18420;4117;0
18421;4216;99
18422;4258;42
18423;4258;0
18424;4372;114
18425;4426;54
18426;4484;58
18427;4532;48
18428;4572;40
18429;4639;67
18430;4668;29
18431;4841;173
18432;4904;63
18433;4960;56
18434;4988;28
18435;4988;0
18436;5040;52
18437;5174;134
18438;5174;0
18439;5260;86
18440;5291;31
18441;5342;51
18442;5351;9
18443;5391;40
18444;5404;13
18445;5450;46
18446;5521;71
18447;5570;49
18448;5610;40
18449;5610;0
18450;5636;26
18451;5697;61
18452;5881;184
18453;5969;88
18454;6044;75
18455;6141;97
18456;6141;0
18457;6200;59
18458;6276;76
18459;6359;83
18460;6430;71
18461;6491;61
18462;6544;53
18463;6590;46
18464;6652;62
18465;6747;95
18466;6806;59
18467;6867;61
18468;6927;60
18469;7008;81
18470;7055;47
18471;7126;71
18472;7183;57
18473;7242;59
18474;7308;66
18475;7308;0
18476;7317;9
18477;7364;47
18478;7489;125
18479;7575;86
18480;7664;89
18481;7777;113
18482;7875;98
18483;7930;55
18484;7930;0
18485;8018;88
18486;8116;98
18487;8198;82
18488;8260;62
18489;8343;83
18490;8482;139
18491;8620;138
18492;8715;95
18493;8792;77
18494;8876;84
18495;8932;56
18496;8932;0
18497;8967;35
18498;9076;109
18499;9128;52
18500;9167;39
18501;9213;46
18502;9251;38
18503;9251;0
18504;9371;120
18505;9409;38
18506;9479;70
18507;9479;0
18508;9579;100
18509;9649;70
18510;9649;0
18511;9798;149
18512;9816;18
18513;9848;32
18514;9885;37
18515;9946;61
18516;9979;33
18517;10020;41
18518;10045;25
18519;10061;16
18520;10111;50
18521;10154;43
18522;10154;0
18523;10231;77
18524;10286;55
18525;10325;39
18526;10344;19
18527;10387;43
18528;10434;47
18529;10434;0
18530;10478;44
18531;10512;34
18532;10580;68
18533;10598;18
18534;10634;36
18535;10652;18
18536;10652;0
18537;10735;83
18538;10735;0
18539;10754;19
18540;10800;46
18541;10863;63
18542;10863;0
18543;10901;38
18544;10954;53
18545;10996;42
18546;11022;26
18547;11062;40
18548;11134;72
18549;11188;54
18550;11255;67
18551;11362;107
18552;11478;116
18553;11518;40
18554;11518;0
18555;11538;20
18556;11599;61
18557;11635;36
18558;11635;0
18559;11635;0
18560;11635;0
18561;11635;0
18562;11819;184
18563;11819;0
18564;12020;201
18565;12072;52
18566;12072;0
18567;12195;123
18568;12213;18
18569;12213;0
18570;12331;118
18571;12363;32
18572;12363;0
18573;12400;37
18574;12414;14
18575;12459;45
18576;12484;25
18577;12516;32
18578;12537;21
18579;12537;0
18580;12585;48
18581;12611;26
18582;12624;13
18583;12654;30
18584;12713;59
18585;12713;0
18586;12743;30
18587;12798;55
18588;12826;28
18589;12841;15
18590;12863;22
18591;12929;66
18592;12949;20
18593;13039;90
18594;13039;0
18595;13039;0
18596;13119;80
18597;13119;0
18598;13143;24
18599;13167;24
18600;13186;19
18601;13233;47
18602;13233;0
18603;13264;31
18604;13264;0
18605;13325;61
18606;13368;43
18607;13398;30
18608;13420;22
18609;13420;0
18610;13457;37
18611;13457;0
18612;13474;17
18613;13485;11
18614;13511;26
18615;13532;21
18616;13545;13
18617;13578;33
18618;13578;0
18619;13598;20
18620;13630;32
18621;13646;16
18622;13646;0
18623;13674;28
18624;13688;14
18625;13688;0
18626;13707;19
18627;13722;15
18628;13738;16
18629;13784;46
18630;13784;0
18631;13799;15
18632;13845;46
18633;13845;0
18634;13904;59
18635;13904;0
18636;13942;38
18637;13942;0
18638;13980;38
18639;14025;45
18640;14051;26
18641;14051;0
18642;14065;14
18643;14098;33
18644;14114;16
18645;14165;51
18646;14207;42
18647;14207;0
18648;14236;29
18649;14262;26
18650;14300;38
18651;14319;19
18652;14375;56
18653;14379;4
18654;14435;56
18655;14435;0
18656;14451;16
18657;14475;24
18658;14546;71
18659;14555;9
18660;14555;0
18661;14555;0
18662;14629;74
18663;14629;0
18664;14665;36
18665;14687;22
18666;14764;77
18667;14791;27
18668;14791;0
18669;14860;69
18670;14860;0
18671;14895;35
18672;14967;72
18673;14967;0
18674;15020;53
18675;15088;68
18676;15154;66
18677;15216;62
18678;15395;179
18679;15395;0
18680;15427;32
18681;15487;60
18682;15680;193
18683;15789;109
18684;15894;105
18685;15894;0
18686;15992;98
18687;16005;13
18688;16081;76
18689;16291;210
18690;16420;129
18691;16420;0
18692;16540;120
18693;16670;130
18694;16912;242
18695;16912;0
18696;17208;296
18697;17372;164
18698;17592;220
18699;17592;0
18700;17742;150
18701;17851;109
18702;17982;131
18703;18285;303
18704;18285;0
18705;18562;277
18706;18562;0
18707;18877;315
18708;18945;68
18709;18945;0
18710;19084;139
18711;19232;148
18712;19403;171
18713;19501;98
18714;19670;169
18715;19773;103
18716;19793;20
18717;19908;115
18718;20083;175
18719;20228;145
18720;20319;91
18721;20405;86
18722;20506;101
18723;20510;4
18724;20554;44
18725;20554;0
18726;20746;192
18727;20807;61
18728;20949;142
18729;21032;83
18730;21106;74
18731;21299;193
18732;21299;0
18733;21392;93
18734;21460;68
18735;21460;0
18736;21612;152
18737;21633;21
18738;21666;33
18739;21745;79
18740;21803;58
18741;21885;82
18742;21953;68
18743;21985;32
18744;22046;61
18745;22087;41
18746;22215;128
18747;22215;0
18748;22247;32
18749;22304;57
18750;22333;29
18751;22368;35
18752;22468;100
18753;22505;37
18754;22553;48
18755;22602;49
18756;22633;31
18757;22633;0
18758;22719;86
18759;22719;0
18760;22719;0
18761;22746;27
18762;22746;0
18763;22746;0
18764;22830;84
