condition;measurement;ncases
18283;0;0
18284;0;0
18285;0;0
18286;0;0
18287;0;0
18288;0;0
18289;0;0
18290;0;0
18291;0;0
18292;0;0
18293;0;0
18294;0;0
18295;0;0
18296;0;0
18297;0;0
18298;0;0
18299;0;0
18300;0;0
18301;0;0
18302;0;0
18303;0;0
18304;0;0
18305;0;0
18306;0;0
18307;0;0
18308;0;0
18309;0;0
18310;0;0
18311;0;0
18312;0;0
18313;0;0
18314;0;0
18315;0;0
18316;0;0
18317;0;0
18318;0;0
18319;0;0
18320;0;0
18321;0;0
18322;0;0
18323;0;0
18324;0;0
18325;0;0
18326;0;0
18327;0;0
18328;0;0
18329;0;0
18330;0;0
18331;0;0
18332;0;0
18333;0;0
18334;0;0
18335;0;0
18336;0;0
18337;0;0
18338;0;0
18339;0;0
18340;0;0
18341;2;2
18342;2;0
18343;2;0
18344;2;0
18345;7;5
18346;7;0
18347;8;1
18348;8;0
18349;8;0
18350;8;0
18351;15;7
18352;15;0
18353;15;0
18354;16;1
18355;16;0
18356;18;2
18357;18;0
18358;21;3
18359;24;3
18360;25;1
18361;27;2
18362;30;3
18363;30;0
18364;31;1
18365;31;0
18366;40;9
18367;40;0
18368;41;1
18369;41;0
18370;43;2
18371;44;1
18372;44;0
18373;47;3
18374;57;10
18375;58;1
18376;62;4
18377;72;10
18378;72;0
18379;72;0
18380;74;2
18381;76;2
18382;76;0
18383;76;0
18384;81;5
18385;85;4
18386;85;0
18387;88;3
18388;100;12
18389;101;1
18390;108;7
18391;129;21
18392;146;17
18393;151;5
18394;172;21
18395;209;37
18396;219;10
18397;234;15
18398;273;39
18399;310;37
18400;358;48
18401;456;98
18402;533;77
18403;596;63
18404;663;67
18405;734;71
18406;812;78
18407;865;53
18408;958;93
18409;1063;105
18410;1174;111
18411;1320;146
18412;1443;123
18413;1584;141
18414;1865;281
18415;2124;259
18416;2226;102
18417;2507;281
18418;2604;97
18419;2640;36
18420;2924;284
18421;3072;148
18422;3334;262
18423;3538;204
18424;3662;124
18425;3796;134
18426;3941;145
18427;3941;0
18428;4165;224
18429;4309;144
18430;4441;132
18431;4547;106
18432;4688;141
18433;4916;228
18434;4980;64
18435;5077;97
18436;5211;134
18437;5216;5
18438;5324;108
18439;5429;105
18440;5543;114
18441;5722;179
18442;5722;0
18443;5847;125
18444;5933;86
18445;5975;42
18446;6040;65
18447;6101;61
18448;6230;129
18449;6294;64
18450;6333;39
18451;6371;38
18452;6432;61
18453;6486;54
18454;6582;96
18455;6617;35
18456;6690;73
18457;6727;37
18458;6727;0
18459;6831;104
18460;6902;71
18461;6948;46
18462;6975;27
18463;7053;78
18464;7063;10
18465;7100;37
18466;7146;46
18467;7167;21
18468;7197;30
18469;7260;63
18470;7297;37
18471;7315;18
18472;7340;25
18473;7371;31
18474;7378;7
18475;7412;34
18476;7424;12
18477;7468;44
18478;7476;8
18479;7511;35
18480;7532;21
18481;7544;12
18482;7582;38
18483;7599;17
18484;7611;12
18485;7634;23
18486;7649;15
18487;7743;94
18488;7781;38
18489;7810;29
18490;7831;21
18491;7879;48
18492;7897;18
18493;7921;24
18494;7949;28
18495;7997;48
18496;8016;19
18497;8050;34
18498;8082;32
18499;8110;28
18500;8112;2
18501;8122;10
18502;8151;29
18503;8161;10
18504;8174;13
18505;8209;35
18506;8224;15
18507;8224;0
18508;8258;34
18509;8258;0
18510;8326;68
18511;8326;0
18512;8360;34
18513;8360;0
18514;8362;2
18515;8376;14
18516;8429;53
18517;8457;28
18518;8457;0
18519;8478;21
18520;8493;15
18521;8499;6
18522;8530;31
18523;8556;26
18524;8556;0
18525;8600;44
18526;8600;0
18527;8624;24
18528;8624;0
18529;8646;22
18530;8646;0
18531;8684;38
18532;8684;0
18533;8723;39
18534;8740;17
18535;8740;0
18536;8766;26
18537;8766;0
18538;8792;26
18539;8792;0
18540;8819;27
18541;8819;0
18542;8819;0
18543;8838;19
18544;8854;16
18545;8854;0
18546;8860;6
18547;8882;22
18548;8882;0
18549;8887;5
18550;8908;21
18551;8908;0
18552;8925;17
18553;8925;0
18554;8925;0
18555;8925;0
18556;8976;51
18557;8979;3
18558;8979;0
18559;8999;20
18560;9015;16
18561;9026;11
18562;9026;0
18563;9026;0
18564;9046;20
18565;9054;8
18566;9054;0
18567;9054;0
18568;9054;0
18569;9054;0
18570;9054;0
18571;9100;46
18572;9109;9
18573;9109;0
18574;9127;18
18575;9127;0
18576;9127;0
18577;9137;10
18578;9152;15
18579;9152;0
18580;9168;16
18581;9168;0
18582;9179;11
18583;9188;9
18584;9191;3
18585;9191;0
18586;9208;17
18587;9211;3
18588;9214;3
18589;9214;0
18590;9224;10
18591;9229;5
18592;9248;19
18593;9256;8
18594;9264;8
18595;9264;0
18596;9272;8
18597;9294;22
18598;9296;2
18599;9303;7
18600;9313;10
18601;9347;34
18602;9370;23
18603;9370;0
18604;9399;29
18605;9399;0
18606;9434;35
18607;9434;0
18608;9465;31
18609;9491;26
18610;9509;18
18611;9565;56
18612;9597;32
18613;9597;0
18614;9627;30
18615;9648;21
18616;9674;26
18617;9674;0
18618;9771;97
18619;9805;34
18620;9846;41
18621;9846;0
18622;9846;0
18623;9846;0
18624;9958;112
18625;9958;0
18626;9999;41
18627;9999;0
18628;10015;16
18629;10015;0
18630;10077;62
18631;10127;50
18632;10127;0
18633;10127;0
18634;10127;0
18635;10203;76
18636;10241;38
18637;10241;0
18638;10272;31
18639;10272;0
18640;10386;114
18641;10415;29
18642;10569;154
18643;10635;66
18644;10781;146
18645;10781;0
18646;10852;71
18647;10907;55
18648;10963;56
18649;10963;0
18650;11035;72
18651;11099;64
18652;11099;0
18653;11286;187
18654;11286;0
18655;11286;0
18656;11402;116
18657;11460;58
18658;11533;73
18659;11533;0
18660;11590;57
18661;11672;82
18662;11692;20
18663;11692;0
18664;11758;66
18665;11806;48
18666;11806;0
18667;11908;102
18668;11969;61
18669;11991;22
18670;12016;25
18671;12016;0
18672;12143;127
18673;12143;0
18674;12192;49
18675;12206;14
18676;12206;0
18677;12206;0
18678;12254;48
18679;12274;20
18680;12309;35
18681;12309;0
18682;12352;43
18683;12352;0
18684;12352;0
18685;12430;78
18686;12430;0
18687;12448;18
18688;12493;45
18689;12531;38
18690;12536;5
18691;12536;0
18692;12536;0
18693;12536;0
18694;12536;0
18695;12536;0
18696;12594;58
18697;12594;0
18698;12632;38
18699;12632;0
18700;12632;0
18701;12632;0
18702;12664;32
18703;12669;5
18704;12686;17
18705;12688;2
18706;12700;12
18707;12714;14
18708;12714;0
18709;12722;8
18710;12732;10
18711;12732;0
18712;12736;4
18713;12736;0
18714;12736;0
18715;12736;0
18716;12758;22
18717;12758;0
18718;12762;4
18719;12788;26
18720;12788;0
18721;12788;0
18722;12788;0
18723;12803;15
18724;12803;0
18725;12803;0
18726;12816;13
18727;12840;24
18728;12840;0
18729;12840;0
18730;12855;15
18731;12855;0
18732;12857;2
18733;12876;19
18734;12885;9
18735;12918;33
18736;12918;0
18737;12918;0
18738;12918;0
18739;12944;26
18740;12944;0
18741;12944;0
18742;12958;14
18743;12958;0
18744;12999;41
18745;13017;18
18746;13017;0
18747;13056;39
18748;13056;0
18749;13094;38
18750;13094;0
18751;13135;41
18752;13149;14
18753;13164;15
18754;13164;0
18755;13164;0
18756;13164;0
18757;13164;0
18758;13179;15
18759;13227;48
18760;13255;28
18761;13268;13
18762;13353;85
18763;13393;40
18764;13460;67
