condition;measurement;ncases
18283;0;0
18284;0;0
18285;0;0
18286;0;0
18287;0;0
18288;0;0
18289;0;0
18290;0;0
18291;1;1
18292;1;0
18293;1;0
18294;2;1
18295;3;1
18296;3;0
18297;3;0
18298;3;0
18299;3;0
18300;3;0
18301;3;0
18302;3;0
18303;3;0
18304;3;0
18305;3;0
18306;3;0
18307;3;0
18308;3;0
18309;3;0
18310;3;0
18311;3;0
18312;3;0
18313;3;0
18314;3;0
18315;3;0
18316;3;0
18317;3;0
18318;3;0
18319;3;0
18320;3;0
18321;3;0
18322;3;0
18323;5;2
18324;5;0
18325;28;23
18326;30;2
18327;31;1
18328;34;3
18329;39;5
18330;43;4
18331;56;13
18332;62;6
18333;73;11
18334;82;9
18335;102;20
18336;113;11
18337;119;6
18338;142;23
18339;156;14
18340;194;38
18341;244;50
18342;330;86
18343;396;66
18344;499;103
18345;536;37
18346;657;121
18347;727;70
18348;887;160
18349;987;100
18350;1024;37
18351;1251;227
18352;1397;146
18353;1998;601
18354;2543;545
18355;2567;24
18356;3082;515
18357;3588;506
18358;4778;1190
18359;5311;533
18360;5916;605
18361;6725;809
18362;7598;873
18363;8446;848
18364;9205;759
18365;10453;1248
18366;11487;1034
18367;12322;835
18368;13430;1108
18369;14352;922
18370;15722;1370
18371;17615;1893
18372;18539;924
18373;20080;1541
18374;21370;1290
18375;23077;1707
18376;24530;1453
18377;26283;1753
18378;27890;1607
18379;29451;1561
18380;31324;1873
18381;33062;1738
18382;34863;1801
18383;37257;2394
18384;39699;2442
18385;42505;2806
18386;46437;3932
18387;49400;2963
18388;52987;3587
18389;56351;3364
18390;59695;3344
18391;62808;3113
18392;67161;4353
18393;70768;3607
18394;74292;3524
18395;78055;3763
18396;81997;3942
18397;85784;3787
18398;90648;4864
18399;95698;5050
18400;100328;4630
18401;106475;6147
18402;112028;5553
18403;118226;6198
18404;124794;6568
18405;131423;6629
18406;138536;7113
18407;144950;6414
18408;150793;5843
18409;158086;7293
18410;165386;7300
18411;173491;8105
18412;181827;8336
18413;190609;8782
18414;198370;7761
18415;207191;8821
18416;216824;9633
18417;226713;9889
18418;236184;9471
18419;246622;10438
18420;257486;10864
18421;265928;8442
18422;276146;10218
18423;286605;10459
18424;297535;10930
18425;308993;11458
18426;320922;11929
18427;332424;11502
18428;343091;10667
18429;354065;10974
18430;366946;12881
18431;380532;13586
18432;395048;14516
18433;410451;15403
18434;425282;14831
18435;440215;14933
18436;456183;15968
18437;473105;16922
18438;490401;17296
18439;508953;18552
18440;528859;19906
18441;548318;19459
18442;566840;18522
18443;585481;18641
18444;604641;19160
18445;625544;20903
18446;648315;22771
18447;673165;24850
18448;697413;24248
18449;719664;22251
18450;742417;22753
18451;767296;24879
18452;793802;26506
18453;820916;27114
18454;849522;28606
18455;878254;28732
18456;906752;28498
18457;936181;29429
18458;968857;32676
18459;1003832;34975
18460;1039084;35252
18461;1077781;38697
18462;1118206;40425
18463;1155338;37132
18464;1193078;37740
18465;1238798;45720
18466;1288108;49310
18467;1337024;48916
18468;1385635;48611
18469;1435616;49981
18470;1480073;44457
18471;1531669;51596
18472;1581963;50294
18473;1634746;52783
18474;1695988;61242
18475;1750723;54735
18476;1803695;52972
18477;1855745;52050
18478;1908254;52509
18479;1964536;56282
18480;2027074;62538
18481;2088611;61537
18482;2153010;64399
18483;2215074;62064
18484;2268675;53601
18485;2329638;60963
18486;2396637;66999
18487;2461190;64553
18488;2525922;64732
18489;2589952;64030
18490;2647663;57711
18491;2702681;55018
18492;2767253;64572
18493;2836925;69672
18494;2905825;68900
18495;2975701;69876
18496;3044940;69239
18497;3106348;61408
18498;3167323;60975
18499;3224547;57224
18500;3310234;85687
18501;3387500;77266
18502;3463972;76472
18503;3542733;78761
18504;3621245;78512
18505;3691166;69921
18506;3769523;78357
18507;3853406;83883
18508;3936747;83341
18509;4023179;86432
18510;4113811;90632
18511;4204613;90802
18512;4280422;75809
18513;4370128;89706
18514;4465863;95735
18515;4562414;96551
18516;4659984;97570
18517;4754356;94372
18518;4846427;92071
18519;4930236;83809
18520;5020359;90123
18521;5118253;97894
18522;5214677;96424
18523;5308014;93337
18524;5400619;92605
18525;5487580;86961
18526;5562663;75083
18527;5646010;83347
18528;5732518;86508
18529;5818570;86052
18530;5903932;85362
18531;5992532;88600
18532;6074702;82170
18533;6145291;70589
18534;6225763;80472
18535;6312584;86821
18536;6394068;81484
18537;6473544;79476
18538;6549373;75829
18539;6623815;74442
18540;6685082;61267
18541;6757131;72049
18542;6835655;78524
18543;6906151;70496
18544;6979423;73272
18545;7053806;74383
18546;7120538;66732
18547;7175880;55342
18548;7239389;63509
18549;7307097;67708
18550;7370468;63371
18551;7432680;62212
18552;7494551;61871
18553;7550273;55722
18554;7597063;46790
18555;7651107;54044
18556;7706946;55839
18557;7761312;54366
18558;7814682;53370
18559;7864811;50129
18560;7909959;45148
18561;7946429;36470
18562;7990322;43893
18563;8040203;49881
18564;8088851;48648
18565;8137119;48268
18566;8184082;46963
18567;8229313;45231
18568;8267623;38310
18569;8313876;46253
18570;8364086;50210
18571;8411724;47638
18572;8462080;50356
18573;8507754;45674
18574;8553657;45903
18575;8591730;38073
18576;8636011;44281
18577;8683916;47905
18578;8728795;44879
18579;8773479;44684
18580;8814579;41100
18581;8845127;30548
18582;8874290;29163
18583;8912907;38617
18584;8958483;45576
18585;9004365;45882
18586;9050597;46232
18587;9095806;45209
18588;9139865;44059
18589;9177840;37975
18590;9222216;44376
18591;9266705;44489
18592;9309787;43082
18593;9351109;41322
18594;9392919;41810
18595;9431691;38772
18596;9462809;31118
18597;9499413;36604
18598;9534964;35551
18599;9571559;36595
18600;9608211;36652
18601;9644222;36011
18602;9677203;32981
18603;9703770;26567
18604;9735850;32080
18605;9767371;31521
18606;9796744;29373
18607;9826775;30031
18608;9857029;30254
18609;9884100;27071
18610;9906165;22065
18611;9932547;26382
18612;9956557;24010
18613;9979447;22890
18614;10004599;25152
18615;10031223;26624
18616;10055560;24337
18617;10075116;19556
18618;10099066;23950
18619;10123778;24712
18620;10146845;23067
18621;10169118;22273
18622;10187850;18732
18623;10207871;20021
18624;10224303;16432
18625;10244852;20549
18626;10266674;21822
18627;10266674;0
18628;10286709;20035
18629;10323965;37256
18630;10340469;16504
18631;10356844;16375
18632;10374932;18088
18633;10395278;20346
18634;10413417;18139
18635;10413417;0
18636;10450284;36867
18637;10466595;16311
18638;10479179;12584
18639;10495147;15968
18640;10512093;16946
18641;10527683;15590
18642;10542841;15158
18643;10557985;15144
18644;10571773;13788
18645;10581823;10050
18646;10595639;13816
18647;10610883;15244
18648;10625428;14545
18649;10639684;14256
18650;10654533;14849
18651;10667736;13203
18652;10676838;9102
18653;10689527;12689
18654;10701193;11666
18655;10720048;18855
18656;10733130;13082
18657;10746174;13044
18658;10757610;11436
18659;10766245;8635
18660;10777284;11039
18661;10790183;12899
18662;10802591;12408
18663;10814304;11713
18664;10826363;12059
18665;10838194;11831
18666;10847304;9110
18667;10858371;11067
18668;10871294;12923
18669;10880603;9309
18670;10892746;12143
18671;10904940;12194
18672;10916589;11649
18673;10925710;9121
18674;10937320;11610
18675;10950201;12881
18676;10963394;13193
18677;10977387;13993
18678;10991651;14264
18679;11005850;14199
18680;11016434;10584
18681;11030176;13742
18682;11046914;16738
18683;11063491;16577
18684;11079979;16488
18685;11096731;16752
18686;11112241;15510
18687;11124527;12286
18688;11139516;14989
18689;11156923;17407
18690;11173761;16838
18691;11192045;18284
18692;11210799;18754
18693;11229398;18599
18694;11244786;15388
18695;11262707;17921
18696;11285561;22854
18697;11308846;23285
18698;11333728;24882
18699;11359048;25320
18700;11385339;26291
18701;11409831;24492
18702;11438734;28903
18703;11474605;35871
18704;11514331;39726
18705;11555284;40953
18706;11599130;43846
18707;11646081;46951
18708;11686796;40715
18709;11734058;47262
18710;11787534;53476
18711;11846652;59118
18712;11908910;62258
18713;11971624;62714
18714;12039644;68020
18715;12095855;56211
18716;12149335;53480
18717;12221665;72330
18718;12303131;81466
18719;12392260;89129
18720;12485509;93249
18721;12589067;103558
18722;12686049;96982
18723;12801785;115736
18724;12928574;126789
18725;13060542;131968
18726;13205926;145384
18727;13358805;152879
18728;13527717;168912
18729;13689453;161736
18730;13873825;184372
18731;14074564;200739
18732;14291917;217353
18733;14526609;234692
18734;14788003;261394
18735;15061805;273802
18736;15320972;259167
18737;15616130;295158
18738;15930774;314644
18739;16263695;332921
18740;16610481;346786
18741;16960172;349691
18742;17313163;352991
18743;17636186;323023
18744;17997113;360927
18745;18376421;379308
18746;18762976;386555
18747;19164969;401993
18748;19557457;392488
18749;19925517;368060
18750;20282833;357316
18751;20664979;382146
18752;21077410;412431
18753;21491598;414188
18754;21892676;401078
18755;22296081;403405
18756;22662575;366494
18757;22992517;329942
18758;23340938;348421
18759;23703665;362727
18760;24046809;343144
18761;24372907;326098
18762;24684077;311170
18763;24965463;281386
18764;25228996;263533
