condition;measurement;ncases
18283;0;0
18284;0;0
18285;0;0
18286;0;0
18287;0;0
18288;0;0
18289;0;0
18290;0;0
18291;0;0
18292;0;0
18293;0;0
18294;0;0
18295;0;0
18296;0;0
18297;0;0
18298;0;0
18299;0;0
18300;0;0
18301;0;0
18302;0;0
18303;0;0
18304;0;0
18305;0;0
18306;0;0
18307;0;0
18308;0;0
18309;0;0
18310;0;0
18311;0;0
18312;0;0
18313;0;0
18314;0;0
18315;0;0
18316;0;0
18317;0;0
18318;0;0
18319;0;0
18320;0;0
18321;0;0
18322;0;0
18323;2;2
18324;2;0
18325;2;0
18326;2;0
18327;4;2
18328;4;0
18329;6;2
18330;19;13
18331;27;8
18332;34;7
18333;34;0
18334;69;35
18335;96;27
18336;117;21
18337;134;17
18338;172;38
18339;227;55
18340;311;84
18341;369;58
18342;450;81
18343;514;64
18344;579;65
18345;686;107
18346;790;104
18347;893;103
18348;1046;153
18349;1155;109
18350;1285;130
18351;1414;129
18352;1528;114
18353;1677;149
18354;1790;113
18355;1986;196
18356;2092;106
18357;2273;181
18358;2491;218
18359;2738;247
18360;2956;218
18361;3293;337
18362;3512;219
18363;3842;330
18364;4241;399
18365;4557;316
18366;4839;282
18367;5136;297
18368;5516;380
18369;5923;407
18370;6248;325
18371;6575;327
18372;6760;185
18373;7135;375
18374;7418;283
18375;7775;357
18376;8211;436
18377;8607;396
18378;8882;275
18379;9096;214
18380;9511;415
18381;9771;260
18382;10118;347
18383;10551;433
18384;10843;292
18385;11192;349
18386;11587;395
18387;12071;484
18388;12438;367
18389;12776;338
18390;13112;336
18391;13645;533
18392;14032;387
18393;14265;233
18394;14749;484
18395;15438;689
18396;16006;568
18397;16496;490
18398;17025;529
18399;17514;489
18400;18010;496
18401;18496;486
18402;19189;693
18403;20162;973
18404;20796;634
18405;21745;949
18406;22271;526
18407;22750;479
18408;23165;415
18409;23851;686
18410;24538;687
18411;25216;678
18412;25773;557
18413;26473;700
18414;26940;467
18415;27549;609
18416;28233;684
18417;28818;585
18418;29521;703
18419;30514;993
18420;31186;672
18421;32033;847
18422;33076;1043
18423;34316;1240
18424;35295;979
18425;36406;1111
18426;37420;1014
18427;38277;857
18428;39294;1017
18429;40400;1106
18430;41431;1031
18431;42762;1331
18432;43803;1041
18433;45029;1226
18434;45891;862
18435;46845;954
18436;47896;1051
18437;49009;1113
18438;50187;1178
18439;51427;1240
18440;52812;1385
18441;54010;1198
18442;55092;1082
18443;56385;1293
18444;57770;1385
18445;59394;1624
18446;60695;1301
18447;62142;1447
18448;63749;1607
18449;64958;1209
18450;66226;1268
18451;68079;1853
18452;70736;2657
18453;72347;1611
18454;74018;1671
18455;75699;1681
18456;76981;1282
18457;78572;1591
18458;80094;1522
18459;81668;1574
18460;83130;1462
18461;84882;1752
18462;86521;1639
18463;88214;1693
18464;89869;1655
18465;91751;1882
18466;93657;1906
18467;95418;1761
18468;97286;1868
18469;98778;1492
18470;100303;1525
18471;102051;1748
18472;104432;2381
18473;106336;1904
18474;108376;2040
18475;109936;1560
18476;111455;1519
18477;113134;1679
18478;115056;1922
18479;116871;1815
18480;118753;1882
18481;121226;2473
18482;123503;2277
18483;125396;1893
18484;127083;1687
18485;128776;1693
18486;130718;1942
18487;132816;2098
18488;135123;2307
18489;137468;2345
18490;139549;2081
18491;141370;1821
18492;143043;1673
18493;144945;1902
18494;147211;2266
18495;149408;2197
18496;151498;2090
18497;153535;2037
18498;155412;1877
18499;157859;2447
18500;160165;2306
18501;162884;2719
18502;165887;3003
18503;169195;3308
18504;172053;2858
18505;174796;2743
18506;177571;2775
18507;180646;3075
18508;184268;3622
18509;187537;3269
18510;190665;3128
18511;194109;3444
18512;196989;2880
18513;200035;3046
18514;203342;3307
18515;207203;3861
18516;210940;3737
18517;214746;3806
18518;218382;3636
18519;221523;3141
18520;225030;3507
18521;228993;3963
18522;232628;3635
18523;236519;3891
18524;240687;4168
18525;244676;3989
18526;248852;4176
18527;252923;4071
18528;257388;4465
18529;262022;4634
18530;266845;4823
18531;271339;4494
18532;275213;3874
18533;278722;3509
18534;282724;4002
18535;287008;4284
18536;291182;4174
18537;295499;4317
18538;299506;4007
18539;303498;3992
18540;307120;3622
18541;311176;4056
18542;315714;4538
18543;320564;4850
18544;324658;4094
18545;328952;4294
18546;333449;4497
18547;336716;3267
18548;340622;3906
18549;344749;4127
18550;349160;4411
18551;353461;4301
18552;357762;4301
18553;361867;4105
18554;365240;3373
18555;368842;3602
18556;373109;4267
18557;377541;4432
18558;381910;4369
18559;385980;4070
18560;389712;3732
18561;392934;3222
18562;396454;3520
18563;400483;4029
18564;404048;3565
18565;406945;2897
18566;410088;3143
18567;412784;2696
18568;415402;2618
18569;418375;2973
18570;421731;3356
18571;425796;4065
18572;429574;3778
18573;433836;4262
18574;437716;3880
18575;440569;2853
18576;444348;3779
18577;448118;3770
18578;452291;4173
18579;457735;5444
18580;463007;5272
18581;467113;4106
18582;470648;3535
18583;474455;3807
18584;478720;4265
18585;483518;4798
18586;488310;4792
18587;493308;4998
18588;497668;4360
18589;502110;4442
18590;506302;4192
18591;511836;5534
18592;516753;4917
18593;522581;5828
18594;527999;5418
18595;534266;6267
18596;538883;4617
18597;543975;5092
18598;549508;5533
18599;557877;8369
18600;563680;5803
18601;569707;6027
18602;575796;6089
18603;581550;5754
18604;586842;5292
18605;592900;6058
18606;598933;6033
18607;605243;6310
18608;611631;6388
18609;617820;6189
18610;623309;5489
18611;629429;6120
18612;636154;6725
18613;643508;7354
18614;650197;6689
18615;657948;7751
18616;664930;6982
18617;671778;6848
18618;678125;6347
18619;685639;7514
18620;692838;7199
18621;700097;7259
18622;706837;6740
18623;713365;6528
18624;719219;5854
18625;727122;7903
18626;735124;8002
18627;743198;8074
18628;751270;8072
18629;758473;7203
18630;765350;6877
18631;772103;6753
18632;779548;7445
18633;788402;8854
18634;797723;9321
18635;808340;10617
18636;818386;10046
18637;828026;9640
18638;836718;8692
18639;846765;10047
18640;858043;11278
18641;869600;11557
18642;882418;12818
18643;896642;14224
18644;907929;11287
18645;917015;9086
18646;927380;10365
18647;939948;12568
18648;951651;11703
18649;965283;13632
18650;977474;12191
18651;989262;11788
18652;999256;9994
18653;1012350;13094
18654;1024298;11948
18655;1037993;13695
18656;1051795;13802
18657;1066313;14518
18658;1078314;12001
18659;1089308;10994
18660;1099687;10379
18661;1111671;11984
18662;1123105;11434
18663;1134854;11749
18664;1147010;12156
18665;1157837;10827
18666;1166079;8242
18667;1174779;8700
18668;1183555;8776
18669;1191990;8435
18670;1201859;9869
18671;1210703;8844
18672;1217468;6765
18673;1223930;6462
18674;1233959;10029
18675;1243646;9687
18676;1252685;9039
18677;1263299;10614
18678;1271353;8054
18679;1278653;7300
18680;1288833;10180
18681;1298608;9775
18682;1306141;7533
18683;1314634;8493
18684;1322866;8232
18685;1329074;6208
18686;1334634;5560
18687;1341314;6680
18688;1347026;5712
18689;1353834;6808
18690;1361098;7264
18691;1368069;6971
18692;1373836;5767
18693;1379662;5826
18694;1386556;6894
18695;1392945;6389
18696;1398578;5633
18697;1403722;5144
18698;1410134;6412
18699;1414741;4607
18700;1419455;4714
18701;1425044;5589
18702;1430458;5414
18703;1437283;6825
18704;1443853;6570
18705;1450132;6279
18706;1455788;5656
18707;1460184;4396
18708;1465928;5744
18709;1471225;5297
18710;1476452;5227
18711;1482559;6107
18712;1487541;4982
18713;1492002;4461
18714;1496085;4083
18715;1501093;5008
18716;1505775;4682
18717;1511712;5937
18718;1517854;6142
18719;1523179;5325
18720;1527524;4345
18721;1534255;6731
18722;1537967;3712
18723;1542516;4549
18724;1547376;4860
18725;1552880;5504
18726;1558145;5265
18727;1562868;4723
18728;1566995;4127
18729;1571824;4829
18730;1577526;5702
18731;1583182;5656
18732;1589359;6177
18733;1594722;5363
18734;1599763;5041
18735;1604348;4585
18736;1609300;4952
18737;1614849;5549
18738;1620569;5720
18739;1626812;6243
18740;1632248;5436
18741;1636792;4544
18742;1641194;4402
18743;1647138;5944
18744;1651794;4656
18745;1657035;5241
18746;1662868;5833
18747;1668368;5500
18748;1672880;4512
18749;1677274;4394
18750;1682004;4730
18751;1686373;4369
18752;1691658;5285
18753;1697305;5647
18754;1703632;6327
18755;1709762;6130
18756;1713684;3922
18757;1718575;4891
18758;1723596;5021
18759;1728204;4608
18760;1731652;3448
18761;1734285;2633
18762;1736670;2385
18763;1739750;3080
18764;1744045;4295
