condition;measurement;ncases
18283;0;0
18284;0;0
18285;0;0
18286;0;0
18287;0;0
18288;0;0
18289;0;0
18290;0;0
18291;0;0
18292;0;0
18293;0;0
18294;0;0
18295;0;0
18296;0;0
18297;0;0
18298;0;0
18299;0;0
18300;0;0
18301;0;0
18302;0;0
18303;0;0
18304;0;0
18305;0;0
18306;0;0
18307;0;0
18308;0;0
18309;0;0
18310;0;0
18311;2;2
18312;5;3
18313;18;13
18314;28;10
18315;43;15
18316;61;18
18317;95;34
18318;139;44
18319;245;106
18320;388;143
18321;593;205
18322;978;385
18323;1501;523
18324;2336;835
18325;2922;586
18326;3513;591
18327;4747;1234
18328;5823;1076
18329;6566;743
18330;7161;595
18331;8042;881
18332;9000;958
18333;10075;1075
18334;11364;1289
18335;12729;1365
18336;13938;1209
18337;14991;1053
18338;16169;1178
18339;17361;1192
18340;18407;1046
18341;19644;1237
18342;20610;966
18343;21638;1028
18344;23049;1411
18345;24811;1762
18346;27017;2206
18347;29406;2389
18348;32332;2926
18349;35408;3076
18350;38309;2901
18351;41495;3186
18352;44605;3110
18353;47593;2988
18354;50468;2875
18355;53183;2715
18356;55743;2560
18357;58226;2483
18358;60500;2274
18359;62589;2089
18360;64586;1997
18361;66220;1634
18362;68192;1972
18363;70029;1837
18364;71686;1657
18365;73303;1617
18366;74877;1574
18367;76389;1512
18368;77995;1606
18369;79494;1499
18370;80868;1374
18371;82211;1343
18372;83505;1294
18373;84802;1297
18374;85996;1194
18375;87026;1030
18376;88194;1168
18377;89328;1134
18378;90481;1153
18379;91472;991
18380;92584;1112
18381;93657;1073
18382;94640;983
18383;95646;1006
18384;96448;802
18385;97424;976
18386;98647;1223
18387;99970;1323
18388;101650;1680
18389;103135;1485
18390;104691;1556
18391;106220;1529
18392;107603;1383
18393;109286;1683
18394;110767;1481
18395;112725;1958
18396;114533;1808
18397;116635;2102
18398;118392;1757
18399;120198;1806
18400;122492;2294
18401;124603;2111
18402;126949;2346
18403;129341;2392
18404;131652;2311
18405;133521;1869
18406;135701;2180
18407;137724;2023
18408;139511;1787
18409;141591;2080
18410;143849;2258
18411;146668;2819
18412;148950;2282
18413;151466;2516
18414;154445;2979
18415;157562;3117
18416;160696;3134
18417;164270;3574
18418;167156;2886
18419;169425;2269
18420;171789;2364
18421;173832;2043
18422;175927;2095
18423;177938;2011
18424;180156;2218
18425;182525;2369
18426;184955;2430
18427;187427;2472
18428;189876;2449
18429;192439;2563
18430;195051;2612
18431;197647;2596
18432;200262;2615
18433;202584;2322
18434;204952;2368
18435;207525;2573
18436;209970;2445
18437;212501;2531
18438;215096;2595
18439;217724;2628
18440;220180;2456
18441;222669;2489
18442;225205;2536
18443;227662;2457
18444;230211;2549
18445;232863;2652
18446;235429;2566
18447;237878;2449
18448;240438;2560
18449;243051;2613
18450;245688;2637
18451;248379;2691
18452;250458;2079
18453;252720;2262
18454;255117;2397
18455;257303;2186
18456;259652;2349
18457;262173;2521
18458;264561;2388
18459;267061;2500
18460;269440;2379
18461;271606;2166
18462;273788;2182
18463;276202;2414
18464;278827;2625
18465;281413;2586
18466;284034;2621
18467;286523;2489
18468;288839;2316
18469;291172;2333
18470;293606;2434
18471;296273;2667
18472;298909;2636
18473;301530;2621
18474;304204;2674
18475;306752;2548
18476;309437;2685
18477;312035;2598
18478;314786;2751
18479;317483;2697
18480;320117;2634
18481;322567;2450
18482;324692;2125
18483;326712;2020
18484;328844;2132
18485;331189;2345
18486;333699;2510
18487;336324;2625
18488;338825;2501
18489;341070;2245
18490;343203;2133
18491;345450;2247
18492;347835;2385
18493;350279;2444
18494;352558;2279
18495;354764;2206
18496;356792;2028
18497;358905;2113
18498;361150;2245
18499;363363;2213
18500;365606;2243
18501;367796;2190
18502;369911;2115
18503;371816;1905
18504;373570;1754
18505;375212;1642
18506;376894;1682
18507;378752;1858
18508;380746;1994
18509;382772;2026
18510;384666;1894
18511;386658;1992
18512;388810;2152
18513;391112;2302
18514;393425;2313
18515;395488;2063
18516;397801;2313
18517;399940;2139
18518;402029;2089
18519;404648;2619
18520;407353;2705
18521;410334;2981
18522;413149;2815
18523;416198;3049
18524;419043;2845
18525;422140;3097
18526;425481;3341
18527;429193;3712
18528;432798;3605
18529;436319;3521
18530;439882;3563
18531;443086;3204
18532;446448;3362
18533;449960;3512
18534;453637;3677
18535;457219;3582
18536;461044;3825
18537;464596;3552
18538;468119;3523
18539;471772;3653
18540;475674;3902
18541;479825;4151
18542;483844;4019
18543;488236;4392
18544;492378;4142
18545;496253;3875
18546;500075;3822
18547;504281;4206
18548;508389;4108
18549;513219;4830
18550;517835;4616
18551;522387;4552
18552;526490;4103
18553;530380;3890
18554;534631;4251
18555;539670;5039
18556;545286;5616
18557;550757;5471
18558;556891;6134
18559;562705;5814
18560;568896;6191
18561;574856;5960
18562;581824;6968
18563;588648;6824
18564;596941;8293
18565;604952;8011
18566;612772;7820
18567;620491;7719
18568;628780;8289
18569;637712;8932
18570;646164;8452
18571;654936;8772
18572;663800;8864
18573;673250;9450
18574;682486;9236
18575;692949;10463
18576;703288;10339
18577;715068;11780
18578;726585;11517
18579;738322;11737
18580;749525;11203
18581;762068;12543
18582;775121;13053
18583;788473;13352
18584;801894;13421
18585;815117;13223
18586;828377;13260
18587;841308;12931
18588;854361;13053
18589;866821;12460
18590;880542;13721
18591;894385;13843
18592;908346;13961
18593;922397;14051
18594;935799;13402
18595;948749;12950
18596;962070;13321
18597;975951;13881
18598;989572;13621
18599;1003494;13922
18600;1016835;13341
18601;1028986;12151
18602;1040547;11561
18603;1051374;10827
18604;1062397;11023
18605;1072620;10223
18606;1083023;10403
18607;1092407;9384
18608;1100818;8411
18609;1108269;7451
18610;1115770;7501
18611;1123474;7704
18612;1131077;7603
18613;1138530;7453
18614;1145651;7121
18615;1152072;6421
18616;1158384;6312
18617;1164535;6151
18618;1170743;6208
18619;1177004;6261
18620;1183182;6178
18621;1189203;6021
18622;1194963;5760
18623;1200465;5502
18624;1206373;5908
18625;1212481;6108
18626;1218753;6272
18627;1225142;6389
18628;1231429;6287
18629;1237474;6045
18630;1243434;5960
18631;1249507;6073
18632;1255620;6113
18633;1261903;6283
18634;1268263;6360
18635;1274514;6251
18636;1280438;5924
18637;1286406;5968
18638;1292614;6208
18639;1299022;6408
18640;1305339;6317
18641;1311810;6471
18642;1318295;6485
18643;1324395;6100
18644;1330411;6016
18645;1336217;5806
18646;1342134;5917
18647;1348316;6182
18648;1354520;6204
18649;1360852;6332
18650;1367032;6180
18651;1372977;5945
18652;1379286;6309
18653;1385706;6420
18654;1392314;6608
18655;1398841;6527
18656;1405414;6573
18657;1411731;6317
18658;1417999;6268
18659;1424596;6597
18660;1431416;6820
18661;1438286;6870
18662;1445326;7040
18663;1452380;7054
18664;1459370;6990
18665;1466435;7065
18666;1473756;7321
18667;1481396;7640
18668;1488981;7585
18669;1496455;7474
18670;1503753;7298
18671;1510873;7120
18672;1518263;7390
18673;1526023;7760
18674;1534034;8011
18675;1542076;8042
18676;1550142;8066
18677;1558159;8017
18678;1566081;7922
18679;1574012;7931
18680;1582275;8263
18681;1590605;8330
18682;1598875;8270
18683;1607081;8206
18684;1615184;8103
18685;1623159;7975
18686;1631169;8010
18687;1639679;8510
18688;1648174;8495
18689;1656699;8525
18690;1665103;8404
18691;1673470;8367
18692;1681682;8212
18693;1689692;8010
18694;1698005;8313
18695;1706559;8554
18696;1715162;8603
18697;1723470;8308
18698;1731558;8088
18699;1739360;7802
18700;1746953;7593
18701;1754933;7980
18702;1763313;8380
18703;1771115;7802
18704;1778645;7530
18705;1786265;7620
18706;1793805;7540
18707;1801065;7260
18708;1808422;7357
18709;1815712;7290
18710;1823317;7605
18711;1830823;7506
18712;1838803;7980
18713;1846923;8120
18714;1855674;8751
18715;1864984;9310
18716;1875234;10250
18717;1885564;10330
18718;1897314;11750
18719;1908974;11660
18720;1920394;11420
18721;1932074;11680
18722;1945964;13890
18723;1963394;17430
18724;1984348;20954
18725;2006934;22586
18726;2029412;22478
18727;2049078;19666
18728;2070141;21063
18729;2093452;23311
18730;2118212;24760
18731;2143794;25582
18732;2168872;25078
18733;2194133;25261
18734;2215445;21312
18735;2237089;21644
18736;2261435;24346
18737;2286927;25492
18738;2311813;24886
18739;2335905;24092
18740;2358809;22904
18741;2377039;18230
18742;2396204;19165
18743;2417230;21026
18744;2438193;20963
18745;2459906;21713
18746;2479805;19899
18747;2499077;19272
18748;2516157;17080
18749;2534855;18698
18750;2555587;20732
18751;2575737;20150
18752;2591609;15872
18753;2610018;18409
18754;2627094;17076
18755;2640670;13576
18756;2654811;14141
18757;2673219;18408
18758;2691352;18133
18759;2707761;16409
18760;2722007;14246
18761;2732152;10145
18762;2739875;7723
18763;2751166;11291
18764;2765485;14319
