condition;measurement;ncases
18283;0;0
18284;0;0
18285;0;0
18286;0;0
18287;0;0
18288;0;0
18289;0;0
18290;0;0
18291;0;0
18292;0;0
18293;0;0
18294;0;0
18295;0;0
18296;0;0
18297;0;0
18298;0;0
18299;0;0
18300;0;0
18301;0;0
18302;0;0
18303;0;0
18304;0;0
18305;0;0
18306;0;0
18307;0;0
18308;0;0
18309;0;0
18310;0;0
18311;0;0
18312;0;0
18313;0;0
18314;0;0
18315;0;0
18316;1;1
18317;1;0
18318;5;4
18319;7;2
18320;7;0
18321;13;6
18322;19;6
18323;26;7
18324;32;6
18325;35;3
18326;35;0
18327;40;5
18328;54;14
18329;60;6
18330;60;0
18331;71;11
18332;71;0
18333;71;0
18334;101;30
18335;110;9
18336;116;6
18337;124;8
18338;154;30
18339;164;10
18340;192;28
18341;208;16
18342;214;6
18343;233;19
18344;266;33
18345;316;50
18346;346;30
18347;382;36
18348;458;76
18349;506;48
18350;547;41
18351;630;83
18352;694;64
18353;728;34
18354;772;44
18355;820;48
18356;878;58
18357;961;83
18358;1031;70
18359;1122;91
18360;1202;80
18361;1232;30
18362;1279;47
18363;1318;39
18364;1352;34
18365;1378;26
18366;1400;22
18367;1415;15
18368;1434;19
18369;1482;48
18370;1513;31
18371;1539;26
18372;1574;35
18373;1602;28
18374;1631;29
18375;1677;46
18376;1708;31
18377;1763;55
18378;1820;57
18379;1847;27
18380;1928;81
18381;2003;75
18382;2085;82
18383;2153;68
18384;2219;66
18385;2296;77
18386;2346;50
18387;2431;85
18388;2480;49
18389;2543;63
18390;2603;60
18391;2679;76
18392;2767;88
18393;2818;51
18394;2913;95
18395;3032;119
18396;3143;111
18397;3193;50
18398;3260;67
18399;3404;144
18400;3554;150
18401;3611;57
18402;3724;113
18403;3877;153
18404;3964;87
18405;4272;308
18406;4469;197
18407;4632;163
18408;4848;216
18409;5135;287
18410;5457;322
18411;5873;416
18412;6179;306
18413;6439;260
18414;6868;429
18415;7387;519
18416;8168;781
18417;8840;672
18418;9846;1006
18419;11098;1252
18420;12366;1268
18421;13481;1115
18422;14268;787
18423;15414;1146
18424;16675;1261
18425;17770;1095
18426;18950;1180
18427;20209;1259
18428;21315;1106
18429;22700;1385
18430;24254;1554
18431;25717;1463
18432;27352;1635
18433;29222;1870
18434;30868;1646
18435;32676;1808
18436;34502;1826
18437;36702;2200
18438;39139;2437
18439;41193;2054
18440;43262;2069
18441;45402;2140
18442;47151;1749
18443;49109;1958
18444;51524;2415
18445;53708;2184
18446;56020;2312
18447;58354;2334
18448;60479;2125
18449;62275;1796
18450;64701;2426
18451;67442;2741
18452;69612;2170
18453;72460;2848
18454;75194;2734
18455;77506;2312
18456;79735;2229
18457;81757;2022
18458;83867;2110
18459;86148;2281
18460;88171;2023
18461;90220;2049
18462;92530;2310
18463;94693;2163
18464;97159;2466
18465;99865;2706
18466;102226;2361
18467;104711;2485
18468;107573;2862
18469;110032;2459
18470;112585;2553
18471;115332;2747
18472;118300;2968
18473;121263;2963
18474;124609;3346
18475;126704;2095
18476;129151;2447
18477;131886;2735
18478;134722;2836
18479;137556;2834
18480;140603;3047
18481;144064;3461
18482;147389;3325
18483;150115;2726
18484;153599;3484
18485;156995;3396
18486;160436;3441
18487;164277;3841
18488;168290;4013
18489;172583;4293
18490;176931;4348
18491;180133;3202
18492;184709;4576
18493;188802;4093
18494;192797;3995
18495;197085;4288
18496;201050;3965
18497;204341;3291
18498;207985;3644
18499;211947;3962
18500;215784;3837
18501;219435;3651
18502;223612;4177
18503;227446;3834
18504;231177;3731
18505;234934;3757
18506;238338;3404
18507;242284;3946
18508;247039;4755
18509;252075;5036
18510;256719;4644
18511;260370;3651
18512;264684;4314
18513;269578;4894
18514;273821;4243
18515;278418;4597
18516;282672;4254
18517;286778;4106
18518;290309;3531
18519;294478;4169
18520;298702;4224
18521;303059;4357
18522;307385;4326
18523;311690;4305
18524;315597;3907
18525;319035;3438
18526;322856;3821
18527;327580;4724
18528;332635;5055
18529;337106;4471
18530;341699;4593
18531;345969;4270
18532;349450;3481
18533;353566;4116
18534;358290;4724
18535;362981;4691
18536;367474;4493
18537;372259;4785
18538;375931;3672
18539;379141;3210
18540;382949;3808
18541;387121;4172
18542;391044;3923
18543;394566;3522
18544;397780;3214
18545;400124;2344
18546;402330;2206
18547;405437;3107
18548;409358;3921
18549;413215;3857
18550;416802;3587
18551;420303;3501
18552;423524;3221
18553;426634;3110
18554;430678;4044
18555;434598;3920
18556;438265;3667
18557;442164;3899
18558;445949;3785
18559;449153;3204
18560;451707;2554
18561;455398;3691
18562;459908;4510
18563;463951;4043
18564;467755;3804
18565;470633;2878
18566;472630;1997
18567;475288;2658
18568;478701;3413
18569;482296;3595
18570;485870;3574
18571;489571;3701
18572;493139;3568
18573;496019;2880
18574;498549;2530
18575;501733;3184
18576;505310;3577
18577;508508;3198
18578;511806;3298
18579;514496;2690
18580;516915;2419
18581;519152;2237
18582;521542;2390
18583;524503;2961
18584;526852;2349
18585;529226;2374
18586;531769;2543
18587;533555;1786
18588;535321;1766
18589;537457;2136
18590;539749;2292
18591;542187;2438
18592;544670;2483
18593;547215;2545
18594;548821;1606
18595;550435;1614
18596;552549;2114
18597;554767;2218
18598;556728;1961
18599;558767;2039
18600;560622;1855
18601;562520;1898
18602;564200;1680
18603;566015;1815
18604;568138;2123
18605;569873;1735
18606;571253;1380
18607;572600;1347
18608;573622;1022
18609;574634;1012
18610;575972;1338
18611;577363;1391
18612;578916;1553
18613;580449;1533
18614;581811;1362
18615;583118;1307
18616;584145;1027
18617;585345;1200
18618;586503;1158
18619;587676;1173
18620;588803;1127
18621;589943;1140
18622;590779;836
18623;591597;818
18624;592528;931
18625;593541;1013
18626;594442;901
18627;595291;849
18628;596193;902
18629;597033;840
18630;597774;741
18631;598369;595
18632;599126;757
18633;599965;839
18634;600755;790
18635;601424;669
18636;602331;907
18637;602938;607
18638;603739;801
18639;604549;810
18640;605416;867
18641;606186;770
18642;606991;805
18643;607587;596
18644;608232;645
18645;609029;797
18646;609852;823
18647;610598;746
18648;611407;809
18649;612092;685
18650;612870;778
18651;613763;893
18652;614576;813
18653;615380;804
18654;616259;879
18655;617202;943
18656;618147;945
18657;618922;775
18658;619636;714
18659;620620;984
18660;621755;1135
18661;623072;1317
18662;624222;1150
18663;625756;1534
18664;627416;1660
18665;628550;1134
18666;630263;1713
18667;632257;1994
18668;634539;2282
18669;636908;2369
18670;639438;2530
18671;641628;2190
18672;643852;2224
18673;646650;2798
18674;649982;3332
18675;653557;3575
18676;657453;3896
18677;661477;4024
18678;664750;3273
18679;667937;3187
18680;671801;3864
18681;675982;4181
18682;680288;4306
18683;684362;4074
18684;688698;4336
18685;692241;3543
18686;695489;3248
18687;699088;3599
18688;703778;4690
18689;708951;5173
18690;713994;5043
18691;719121;5127
18692;723189;4068
18693;726548;3359
18694;731016;4468
18695;735626;4610
18696;740472;4846
18697;745642;5170
18698;750264;4622
18699;754318;4054
18700;758184;3866
18701;763085;4901
18702;768352;5267
18703;774015;5663
18704;779458;5443
18705;784716;5258
18706;789390;4674
18707;793892;4502
18708;798547;4655
18709;803041;4494
18710;809092;6051
18711;815605;6513
18712;822095;6490
18713;827157;5062
18714;832428;5271
18715;838265;5837
18716;844260;5995
18717;850924;6664
18718;856939;6015
18719;862821;5882
18720;868200;5379
18721;873568;5368
18722;879991;6423
18723;887291;7300
18724;895622;8331
18725;903439;7817
18726;911376;7937
18727;918155;6779
18728;924946;6791
18729;932899;7953
18730;941078;8179
18731;949050;7972
18732;956860;7810
18733;964435;7575
18734;970987;6552
18735;977175;6188
18736;984950;7775
18737;993158;8208
18738;1001854;8696
18739;1010304;8450
18740;1018321;8017
18741;1025288;6967
18742;1031322;6034
18743;1037858;6536
18744;1045010;7152
18745;1051868;6858
18746;1058794;6926
18747;1065199;6405
18748;1070366;5167
18749;1074930;4564
18750;1079998;5068
18751;1086141;6143
18752;1091954;5813
18753;1098187;6233
18754;1103950;5763
18755;1108558;4608
18756;1112725;4167
18757;1117627;4902
18758;1122914;5287
18759;1127580;4666
18760;1132092;4512
18761;1134859;2767
18762;1136917;2058
18763;1139373;2456
18764;1142925;3552
