condition;measurement;ncases
18283;0;0
18284;0;0
18285;0;0
18286;0;0
18287;0;0
18288;0;0
18289;0;0
18290;0;0
18291;0;0
18292;0;0
18293;0;0
18294;0;0
18295;0;0
18296;0;0
18297;0;0
18298;0;0
18299;0;0
18300;0;0
18301;0;0
18302;0;0
18303;0;0
18304;0;0
18305;0;0
18306;0;0
18307;0;0
18308;0;0
18309;0;0
18310;0;0
18311;0;0
18312;0;0
18313;0;0
18314;0;0
18315;0;0
18316;0;0
18317;0;0
18318;0;0
18319;0;0
18320;0;0
18321;1;1
18322;1;0
18323;1;0
18324;2;1
18325;6;4
18326;6;0
18327;18;12
18328;18;0
18329;19;1
18330;21;2
18331;34;13
18332;43;9
18333;43;0
18334;90;47
18335;129;39
18336;129;0
18337;169;40
18338;223;54
18339;292;69
18340;557;265
18341;683;126
18342;785;102
18343;906;121
18344;1125;219
18345;1329;204
18346;1564;235
18347;1819;255
18348;2121;302
18349;2415;294
18350;2615;200
18351;2910;295
18352;3235;325
18353;3447;212
18354;3849;402
18355;4273;424
18356;4604;331
18357;4994;390
18358;5364;370
18359;5709;345
18360;6074;365
18361;6574;500
18362;8089;1515
18363;8928;839
18364;9655;727
18365;10647;992
18366;11479;832
18367;12547;1068
18368;13271;724
18369;13980;709
18370;14758;778
18371;15251;493
18372;15652;401
18373;16040;388
18374;16671;631
18375;17607;936
18376;18184;577
18377;18561;377
18378;19262;701
18379;19648;386
18380;19877;229
18381;20253;376
18382;20612;359
18383;20833;221
18384;21176;343
18385;21506;330
18386;21772;266
18387;21983;211
18388;22248;265
18389;22385;137
18390;22541;156
18391;22760;219
18392;22996;236
18393;23135;139
18394;23242;107
18395;23401;159
18396;23827;426
18397;23956;129
18398;24048;92
18399;24112;64
18400;24200;88
18401;24251;51
18402;24315;64
18403;24391;76
18404;24506;115
18405;24582;76
18406;24639;57
18407;24698;59
18408;24735;37
18409;24803;68
18410;24841;38
18411;24876;35
18412;24929;53
18413;24990;61
18414;25062;72
18415;25066;4
18416;25111;45
18417;25142;31
18418;25163;21
18419;25183;20
18420;25201;18
18421;25207;6
18422;25215;8
18423;25231;16
18424;25238;7
18425;25250;12
18426;25295;45
18427;25303;8
18428;25321;18
18429;25334;13
18430;25341;7
18431;25355;14
18432;25368;13
18433;25374;6
18434;25379;5
18435;25383;4
18436;25391;8
18437;25396;5
18438;25405;9
18439;25414;9
18440;25437;23
18441;25439;2
18442;25462;23
18443;25473;11
18444;25477;4
18445;25489;12
18446;25498;9
18447;25509;11
18448;25527;18
18449;25531;4
18450;25538;7
18451;25542;4
18452;25565;23
18453;25589;24
18454;25611;22
18455;25628;17
18456;25638;10
18457;25670;32
18458;25683;13
18459;25698;15
18460;25730;32
18461;25750;20
18462;25760;10
18463;25766;6
18464;25802;36
18465;25819;17
18466;25826;7
18467;25845;19
18468;25869;24
18469;25881;12
18470;25892;11
18471;25929;37
18472;25942;13
18473;26027;85
18474;26065;38
18475;26109;44
18476;26162;53
18477;26208;46
18478;26253;45
18479;26303;50
18480;26372;69
18481;26470;98
18482;26644;174
18483;26712;68
18484;26768;56
18485;26801;33
18486;26838;37
18487;26929;91
18488;26995;66
18489;27191;196
18490;27257;66
18491;27313;56
18492;27499;186
18493;27547;48
18494;27676;129
18495;27755;79
18496;27908;153
18497;27969;61
18498;28116;147
18499;28201;85
18500;28363;162
18501;28453;90
18502;28578;125
18503;28720;142
18504;28760;40
18505;28811;51
18506;29025;214
18507;29114;89
18508;29206;92
18509;29303;97
18510;29534;231
18511;29672;138
18512;29774;102
18513;30080;306
18514;30164;84
18515;30360;196
18516;30571;211
18517;30730;159
18518;30985;255
18519;31192;207
18520;31549;357
18521;31799;250
18522;32023;224
18523;32271;248
18524;32538;267
18525;32933;395
18526;33121;188
18527;33444;323
18528;33675;231
18529;33994;319
18530;34315;321
18531;34560;245
18532;34990;430
18533;35377;387
18534;35740;363
18535;36155;415
18536;36597;442
18537;37063;466
18538;37668;605
18539;38032;364
18540;38549;517
18541;38973;424
18542;39584;611
18543;40086;502
18544;40703;617
18545;41714;1011
18546;42528;814
18547;43351;823
18548;44159;808
18549;45243;1084
18550;46429;1186
18551;47427;998
18552;48678;1251
18553;49962;1284
18554;50993;1031
18555;52256;1263
18556;53422;1166
18557;54476;1054
18558;55261;785
18559;56108;847
18560;57128;1020
18561;58067;939
18562;58767;700
18563;59434;667
18564;60297;863
18565;61059;762
18566;61456;397
18567;62002;546
18568;62750;748
18569;63048;298
18570;63483;435
18571;64046;563
18572;64538;492
18573;64855;317
18574;65394;539
18575;65659;265
18576;65889;230
18577;66247;358
18578;66632;385
18579;67099;467
18580;67526;427
18581;67903;377
18582;68356;453
18583;68686;330
18584;69058;372
18585;69473;415
18586;69802;329
18587;70143;341
18588;70461;318
18589;70711;250
18590;70930;219
18591;71187;257
18592;71494;307
18593;71699;205
18594;71942;243
18595;72241;299
18596;72544;303
18597;72798;254
18598;73066;268
18599;73228;162
18600;73491;263
18601;73948;457
18602;74246;298
18603;74468;222
18604;74682;214
18605;74900;218
18606;75203;303
18607;75507;304
18608;75756;249
18609;76185;429
18610;76449;264
18611;76776;327
18612;77197;421
18613;77678;481
18614;78254;576
18615;78776;522
18616;79542;766
18617;80267;725
18618;81228;961
18619;82155;927
18620;83073;918
18621;84098;1025
18622;85394;1296
18623;86129;735
18624;86894;765
18625;88439;1545
18626;90157;1718
18627;91779;1622
18628;93532;1753
18629;96926;3394
18630;101887;4961
18631;107997;6110
18632;113322;5325
18633;121154;7832
18634;127657;6503
18635;135884;8227
18636;140727;4843
18637;147613;6886
18638;152539;4926
18639;155591;3052
18640;159144;3553
18641;163057;3913
18642;166548;3491
18643;169780;3232
18644;172726;2946
18645;174843;2117
18646;176839;1996
18647;179324;2485
18648;181922;2598
18649;184279;2357
18650;186184;1905
18651;187554;1370
18652;188923;1369
18653;189851;928
18654;191182;1331
18655;192645;1463
18656;193892;1247
18657;195303;1411
18658;196547;1244
18659;197553;1006
18660;198424;871
18661;199430;1006
18662;200744;1314
18663;201763;1019
18664;202548;785
18665;203568;1020
18666;204397;829
18667;204940;543
18668;205939;999
18669;206801;862
18670;207720;919
18671;208796;1076
18672;209582;786
18673;210402;820
18674;211113;711
18675;211751;638
18676;212647;896
18677;213400;753
18678;214378;978
18679;215057;679
18680;215743;686
18681;216300;557
18682;216840;540
18683;217478;638
18684;218251;773
18685;218980;729
18686;219592;612
18687;220273;681
18688;220630;357
18689;221189;559
18690;221649;460
18691;222169;520
18692;222699;530
18693;223219;520
18694;223651;432
18695;223957;306
18696;224588;631
18697;225179;591
18698;225820;641
18699;226358;538
18700;226741;383
18701;227316;575
18702;227663;347
18703;228215;552
18704;228796;581
18705;229306;510
18706;229831;525
18707;230599;768
18708;231119;520
18709;231484;365
18710;232164;680
18711;232758;594
18712;233327;569
18713;233937;610
18714;234541;604
18715;235078;537
18716;235444;366
18717;235854;410
18718;236600;746
18719;237187;587
18720;237695;508
18721;238148;453
18722;238466;318
18723;238907;441
18724;239325;418
18725;239723;398
18726;240192;469
18727;240643;451
18728;240945;302
18729;241330;385
18730;241684;354
18731;242105;421
18732;242402;297
18733;242819;417
18734;243238;419
18735;243508;270
18736;243911;403
18737;244297;386
18738;244695;398
18739;245310;615
18740;245743;433
18741;246204;461
18742;246633;429
18743;247069;436
18744;247489;420
18745;247857;368
18746;248326;469
18747;248870;544
18748;249437;567
18749;249838;401
18750;250290;452
18751;250672;382
18752;251087;415
18753;251474;387
18754;251904;430
18755;252303;399
18756;252809;506
18757;253189;380
18758;253567;378
18759;254013;446
18760;254450;437
18761;254870;420
18762;254870;0
18763;254870;0
18764;254870;0
