condition;measurement;ncases
18283;0;0
18284;0;0
18285;0;0
18286;0;0
18287;0;0
18288;0;0
18289;0;0
18290;0;0
18291;0;0
18292;0;0
18293;0;0
18294;0;0
18295;0;0
18296;0;0
18297;0;0
18298;0;0
18299;0;0
18300;0;0
18301;0;0
18302;0;0
18303;0;0
18304;0;0
18305;0;0
18306;0;0
18307;0;0
18308;0;0
18309;0;0
18310;0;0
18311;0;0
18312;0;0
18313;1;1
18314;1;0
18315;1;0
18316;1;0
18317;1;0
18318;2;1
18319;3;1
18320;6;3
18321;6;0
18322;7;1
18323;12;5
18324;15;3
18325;15;0
18326;21;6
18327;37;16
18328;47;10
18329;56;9
18330;60;4
18331;88;28
18332;60;-28
18333;81;21
18334;112;31
18335;138;26
18336;177;39
18337;251;74
18338;295;44
18339;371;76
18340;386;15
18341;628;242
18342;843;215
18343;1080;237
18344;1249;169
18345;1351;102
18346;2468;1117
18347;2988;520
18348;3421;433
18349;3901;480
18350;4433;532
18351;4979;546
18352;5717;738
18353;6413;696
18354;7132;719
18355;7729;597
18356;8157;428
18357;8740;583
18358;9191;451
18359;9568;377
18360;9906;338
18361;10249;343
18362;10607;358
18363;10952;345
18364;11504;552
18365;11942;438
18366;12341;399
18367;12652;311
18368;12948;296
18369;13246;298
18370;13537;291
18371;13813;276
18372;14112;299
18373;14394;282
18374;14619;225
18375;14895;276
18376;15143;248
18377;15302;159
18378;15385;83
18379;15513;128
18380;15672;159
18381;15754;82
18382;15896;142
18383;16012;116
18384;16069;57
18385;16096;27
18386;16149;53
18387;16181;32
18388;16246;65
18389;16307;61
18390;16340;33
18391;16359;19
18392;16388;29
18393;16427;39
18394;16450;23
18395;16489;39
18396;16511;22
18397;16523;12
18398;16528;5
18399;16543;15
18400;16570;27
18401;16592;22
18402;16607;15
18403;16624;17
18404;16643;19
18405;16648;5
18406;16661;13
18407;16683;22
18408;16733;50
18409;16773;40
18410;16850;77
18411;16963;113
18412;16992;29
18413;17079;87
18414;17179;100
18415;17300;121
18416;17397;97
18417;17539;142
18418;17666;127
18419;17744;78
18420;17884;140
18421;18063;179
18422;18236;173
18423;18476;240
18424;18667;191
18425;18851;184
18426;19000;149
18427;19136;136
18428;19334;198
18429;19634;300
18430;19905;271
18431;20207;302
18432;20517;310
18433;20676;159
18434;20849;173
18435;21194;345
18436;21645;451
18437;22132;487
18438;22648;516
18439;23112;464
18440;23510;398
18441;23895;385
18442;24652;757
18443;25438;786
18444;26410;972
18445;27556;1146
18446;28495;939
18447;29316;821
18448;30147;831
18449;31281;1134
18450;32671;1390
18451;33998;1327
18452;35523;1525
18453;36932;1409
18454;38100;1168
18455;39338;1238
18456;41058;1720
18457;42662;1604
18458;44539;1877
18459;46478;1939
18460;48083;1605
18461;49531;1448
18462;50547;1016
18463;52434;1887
18464;54440;2006
18465;56484;2044
18466;58474;1990
18467;60304;1830
18468;61416;1112
18469;62458;1042
18470;64506;2048
18471;66631;2125
18472;68585;1954
18473;70372;1787
18474;71734;1362
18475;72359;625
18476;73067;708
18477;74867;1800
18478;76596;1729
18479;78286;1690
18480;79963;1677
18481;81727;1764
18482;82481;754
18483;83405;924
18484;85109;1704
18485;86932;1823
18486;88554;1622
18487;90197;1643
18488;91585;1388
18489;92342;757
18490;93410;1068
18491;95060;1650
18492;96709;1649
18493;98349;1640
18494;99836;1487
18495;101329;1493
18496;102040;711
18497;103005;965
18498;104905;1900
18499;106861;1956
18500;108814;1953
18501;110885;2071
18502;112717;1832
18503;113627;910
18504;114728;1101
18505;116906;2178
18506;119158;2252
18507;122351;3193
18508;125012;2661
18509;127635;2623
18510;129140;1505
18511;131317;2177
18512;134705;3388
18513;138194;3489
18514;142190;3996
18515;146351;4161
18516;150326;3975
18517;153045;2719
18518;156220;3175
18519;161025;4805
18520;166564;5539
18521;171138;4574
18522;176523;5385
18523;181863;5340
18524;185672;3809
18525;188251;2579
18526;192117;3866
18527;199138;7021
18528;206263;7125
18529;214497;8234
18530;222887;8390
18531;228769;5882
18532;232183;3414
18533;233342;1159
18534;238333;4991
18535;247411;9078
18536;255142;7731
18537;262200;7058
18538;264793;2593
18539;267730;2937
18540;273451;5721
18541;278175;4724
18542;282340;4165
18543;286095;3755
18544;289058;2963
18545;289974;916
18546;291620;1646
18547;294789;3169
18548;297125;2336
18549;299242;2117
18550;300854;1612
18551;302354;1500
18552;302765;411
18553;303687;922
18554;305204;1517
18555;306397;1193
18556;307569;1172
18557;308601;1032
18558;309450;849
18559;309696;246
18560;310303;607
18561;311187;884
18562;312074;887
18563;312797;723
18564;313441;644
18565;314121;680
18566;314349;228
18567;315007;658
18568;315795;788
18569;316641;846
18570;317410;769
18571;317980;570
18572;318671;691
18573;318883;212
18574;319417;534
18575;320136;719
18576;320811;675
18577;321574;763
18578;322410;836
18579;323171;761
18580;323463;292
18581;324088;625
18582;324961;873
18583;325790;829
18584;326585;795
18585;327355;770
18586;328129;774
18587;328551;422
18588;329316;765
18589;330275;959
18590;331132;857
18591;332211;1079
18592;333296;1085
18593;334328;1032
18594;334908;580
18595;335933;1025
18596;337191;1258
18597;338389;1198
18598;339968;1579
18599;341406;1438
18600;342101;695
18601;343826;1725
18602;344906;1080
18603;346797;1891
18604;348285;1488
18605;350271;1986
18606;352397;2126
18607;353269;872
18608;355786;2517
18609;357176;1390
18610;359506;2330
18611;360630;1124
18612;365042;4412
18613;367975;2933
18614;370152;2177
18615;372886;2734
18616;374760;1874
18617;378259;3499
18618;382487;4228
18619;385022;2535
18620;389678;4656
18621;394391;4713
18622;398664;4273
18623;401470;2806
18624;407285;5815
18625;412398;5113
18626;416584;4186
18627;423262;6678
18628;428510;5248
18629;434799;6289
18630;441542;6743
18631;448173;6631
18632;456139;7966
18633;463448;7309
18634;471048;7600
18635;477357;6309
18636;485434;8077
18637;491319;5885
18638;501073;9754
18639;510063;8990
18640;520060;9997
18641;529814;9754
18642;535049;5235
18643;543499;8450
18644;551689;8190
18645;558249;6560
18646;565629;7380
18647;575842;10213
18648;582869;7027
18649;589028;6159
18650;593961;4933
18651;597403;3442
18652;601069;3666
18653;609656;8587
18654;621590;11934
18655;628895;7305
18656;633991;5096
18657;638789;4798
18658;643435;4646
18659;652246;8811
18660;659978;7732
18661;668874;8896
18662;675618;6744
18663;680856;5238
18664;685583;4727
18665;692101;6518
18666;696528;4427
18667;703719;7191
18668;709729;6010
18669;714812;5083
18670;718746;3934
18671;721846;3100
18672;724380;2534
18673;730293;5913
18674;734575;4282
18675;738629;4054
18676;741934;3305
18677;744513;2579
18678;744513;0
18679;750043;5530
18680;754998;4955
18681;759572;4574
18682;763756;4184
18683;767726;3970
18684;770780;3054
18685;773335;2555
18686;775807;2472
18687;779958;4151
18688;785218;5260
18689;789485;4267
18690;793407;3922
18691;796465;3058
18692;799727;3262
18693;801575;1848
18694;805116;3541
18695;808262;3146
18696;811492;3230
18697;814250;2758
18698;816198;1948
18699;817799;1601
18700;818977;1178
18701;820913;1936
18702;822703;1790
18703;824178;1475
18704;825562;1384
18705;826609;1047
18706;827220;611
18707;827772;552
18708;828764;992
18709;829689;925
18710;830028;339
18711;830845;817
18712;831383;538
18713;831383;0
18714;831924;541
18715;832125;201
18716;832639;514
18717;833105;466
18718;833456;351
18719;833707;251
18720;834070;363
18721;834247;177
18722;834603;356
18723;834920;317
18724;835216;296
18725;835486;270
18726;835674;188
18727;835813;139
18728;835933;120
18729;836158;225
18730;836334;176
18731;836590;256
18732;836902;312
18733;836936;34
18734;836883;-53
18735;837047;164
18736;837218;171
18737;837357;139
18738;837492;135
18739;837807;315
18740;837892;85
18741;837974;82
18742;838024;50
18743;838107;83
18744;838217;110
18745;838323;106
18746;838407;84
18747;838481;74
18748;838481;0
18749;838554;73
18750;838621;67
18751;838697;76
18752;838767;70
18753;838828;61
18754;838858;30
18755;838886;28
18756;838894;8
18757;838957;63
18758;839000;43
18759;839030;30
18760;839059;29
18761;839079;20
18762;839118;39
18763;839119;1
18764;839159;40
