condition;measurement;ncases
18283;0;0
18284;0;0
18285;0;0
18286;0;0
18287;0;0
18288;0;0
18289;0;0
18290;0;0
18291;0;0
18292;0;0
18293;0;0
18294;0;0
18295;0;0
18296;0;0
18297;0;0
18298;0;0
18299;0;0
18300;0;0
18301;0;0
18302;0;0
18303;0;0
18304;0;0
18305;0;0
18306;0;0
18307;0;0
18308;0;0
18309;0;0
18310;0;0
18311;0;0
18312;0;0
18313;0;0
18314;0;0
18315;0;0
18316;0;0
18317;0;0
18318;0;0
18319;0;0
18320;0;0
18321;0;0
18322;0;0
18323;0;0
18324;1;1
18325;1;0
18326;1;0
18327;1;0
18328;1;0
18329;1;0
18330;1;0
18331;1;0
18332;1;0
18333;1;0
18334;1;0
18335;1;0
18336;8;7
18337;17;9
18338;34;17
18339;52;18
18340;69;17
18341;85;16
18342;85;0
18343;112;27
18344;127;15
18345;154;27
18346;172;18
18347;212;40
18348;235;23
18349;246;11
18350;259;13
18351;268;9
18352;274;6
18353;278;4
18354;299;21
18355;310;11
18356;323;13
18357;345;22
18358;349;4
18359;353;4
18360;358;5
18361;372;14
18362;372;0
18363;381;9
18364;389;8
18365;391;2
18366;397;6
18367;401;4
18368;402;1
18369;407;5
18370;413;6
18371;417;4
18372;425;8
18373;428;3
18374;435;7
18375;437;2
18376;441;4
18377;444;3
18378;447;3
18379;449;2
18380;449;0
18381;451;2
18382;453;2
18383;459;6
18384;460;1
18385;461;1
18386;465;4
18387;471;6
18388;473;2
18389;494;21
18390;508;14
18391;522;14
18392;540;18
18393;562;22
18394;576;14
18395;582;6
18396;586;4
18397;596;10
18398;607;11
18399;613;6
18400;629;16
18401;649;20
18402;672;23
18403;684;12
18404;700;16
18405;704;4
18406;708;4
18407;711;3
18408;718;7
18409;720;2
18410;728;8
18411;730;2
18412;734;4
18413;739;5
18414;746;7
18415;755;9
18416;757;2
18417;765;8
18418;784;19
18419;795;11
18420;808;13
18421;831;23
18422;845;14
18423;863;18
18424;890;27
18425;915;25
18426;953;38
18427;961;8
18428;979;18
18429;981;2
18430;987;6
18431;1001;14
18432;1008;7
18433;1015;7
18434;1033;18
18435;1042;9
18436;1047;5
18437;1071;24
18438;1086;15
18439;1104;18
18440;1111;7
18441;1121;10
18442;1128;7
18443;1132;4
18444;1133;1
18445;1136;3
18446;1147;11
18447;1150;3
18448;1164;14
18449;1167;3
18450;1169;2
18451;1169;0
18452;1169;0
18453;1173;4
18454;1176;3
18455;1179;3
18456;1183;4
18457;1198;15
18458;1201;3
18459;1206;5
18460;1209;3
18461;1214;5
18462;1218;4
18463;1223;5
18464;1113;-110
18465;1120;7
18466;1131;11
18467;1146;15
18468;1154;8
18469;1168;14
18470;1176;8
18471;1182;6
18472;1187;5
18473;1191;4
18474;1193;2
18475;1208;15
18476;1213;5
18477;1218;5
18478;1224;6
18479;1231;7
18480;1232;1
18481;1237;5
18482;1246;9
18483;1252;6
18484;1268;16
18485;1283;15
18486;1303;20
18487;1320;17
18488;1329;9
18489;1339;10
18490;1378;39
18491;1398;20
18492;1438;40
18493;1482;44
18494;1498;16
18495;1532;34
18496;1576;44
18497;1609;33
18498;1639;30
18499;1716;77
18500;1756;40
18501;1801;45
18502;1869;68
18503;1893;24
18504;1966;73
18505;2034;68
18506;2097;63
18507;2161;64
18508;2233;72
18509;2301;68
18510;2353;52
18511;2411;58
18512;2478;67
18513;2581;103
18514;2659;78
18515;2739;80
18516;2945;206
18517;3062;117
18518;3314;252
18519;3528;214
18520;3677;149
18521;3852;175
18522;4131;279
18523;4344;213
18524;4540;196
18525;4779;239
18526;5045;266
18527;5679;634
18528;6042;363
18529;6591;549
18530;7211;620
18531;8061;850
18532;8492;431
18533;9226;734
18534;10049;823
18535;11825;1776
18536;13101;1276
18537;13650;549
18538;14749;1099
18539;15640;891
18540;17464;1824
18541;19001;1537
18542;20200;1199
18543;21517;1317
18544;22763;1246
18545;23998;1235
18546;24926;928
18547;26073;1147
18548;28127;2054
18549;30550;2423
18550;33009;2459
18551;34548;1539
18552;36053;1505
18553;37573;1520
18554;38937;1364
18555;40972;2035
18556;43620;2648
18557;46441;2821
18558;48930;2489
18559;50750;1820
18560;53087;2337
18561;55055;1968
18562;58855;3800
18563;61942;3087
18564;65385;3443
18565;69306;3921
18566;72607;3301
18567;75866;3259
18568;81743;5877
18569;86576;4833
18570;91234;4658
18571;95864;4630
18572;101248;5384
18573;104802;3554
18574;109321;4519
18575;114986;5665
18576;120982;5996
18577;126401;5419
18578;132086;5685
18579;136555;4469
18580;141305;4750
18581;143678;2373
18582;149539;5861
18583;155993;6454
18584;163926;7933
18585;169395;5469
18586;174335;4940
18587;178161;3826
18588;183429;5268
18589;188410;4981
18590;192996;4586
18591;198021;5025
18592;203021;5000
18593;207601;4580
18594;210709;3108
18595;214307;3598
18596;219430;5123
18597;223617;4187
18598;227208;3591
18599;231237;4029
18600;234353;3116
18601;237513;3160
18602;240089;2576
18603;244069;3980
18604;247131;3062
18605;250219;3088
18606;253121;2902
18607;255459;2338
18608;257275;1816
18609;259614;2339
18610;262477;2863
18611;265024;2547
18612;267585;2561
18613;269806;2221
18614;271514;1708
18615;272797;1283
18616;274949;2152
18617;277448;2499
18618;279892;2444
18619;281983;2091
18620;283690;1707
18621;285306;1616
18622;286356;1050
18623;287946;1590
18624;289748;1802
18625;291393;1645
18626;293067;1674
18627;294494;1427
18628;295765;1271
18629;296668;903
18630;298208;1540
18631;299831;1623
18632;301303;1472
18633;302856;1553
18634;304071;1215
18635;305163;1092
18636;305959;796
18637;307209;1250
18638;308670;1461
18639;309846;1176
18640;310968;1122
18641;312043;1075
18642;312851;808
18643;313557;706
18644;314514;957
18645;315544;1030
18646;316427;883
18647;317405;978
18648;318181;776
18649;318911;730
18650;319519;608
18651;320453;934
18652;321298;845
18653;322241;943
18654;323111;870
18655;324169;1058
18656;325033;864
18657;325674;641
18658;326855;1181
18659;328062;1207
18660;329194;1132
18661;330474;1280
18662;331768;1294
18663;332990;1222
18664;333855;865
18665;335154;1299
18666;336839;1685
18667;338322;1483
18668;340177;1855
18669;341984;1807
18670;343563;1579
18671;344803;1240
18672;347250;2447
18673;349562;2312
18674;352219;2657
18675;355106;2887
18676;356744;1638
18677;357611;867
18678;359811;2200
18679;363728;3917
18680;368278;4550
18681;372417;4139
18682;376441;4024
18683;380268;3827
18684;383912;3644
18685;386496;2584
18686;391090;4594
18687;397158;6068
18688;402282;5124
18689;407617;5335
18690;413350;5733
18691;417934;4584
18692;421415;3481
18693;427717;6302
18694;435130;7413
18695;442202;7072
18696;448851;6649
18697;457151;8300
18698;464856;7705
18699;469000;4144
18700;477053;8053
18701;486470;9417
18702;495380;8910
18703;504915;9535
18704;514107;9192
18705;521461;7354
18706;526666;5205
18707;535455;8789
18708;544724;9269
18709;553727;9003
18710;562857;9130
18711;571290;8433
18712;577734;6444
18713;582133;4399
18714;589316;7183
18715;597256;7940
18716;605007;7751
18717;611577;6570
18718;618059;6482
18719;622833;4774
18720;626875;4042
18721;632907;6032
18722;639444;6537
18723;645449;6005
18724;650681;5232
18725;655456;4775
18726;659250;3794
18727;662395;3145
18728;665735;3340
18729;669300;3565
18730;672090;2790
18731;676175;4085
18732;679138;2963
18733;681870;2732
18734;683466;1596
18735;685973;2507
18736;689482;3509
18737;692181;2699
18738;695390;3209
18739;697487;2097
18740;699164;1677
18741;700423;1259
18742;702154;1731
18743;704540;2386
18744;706355;1815
18745;708265;1910
18746;709817;1552
18747;711373;1556
18748;712077;704
18749;712901;824
18750;714173;1272
18751;715703;1530
18752;716923;1220
18753;717930;1007
18754;718632;702
18755;719233;601
18756;719233;0
18757;720998;1765
18758;721853;855
18759;721853;0
18760;722754;901
18761;722754;0
18762;722754;0
18763;724154;1400
18764;725258;1104
