condition;measurement;ncases
18283;0;0
18284;0;0
18285;0;0
18286;0;0
18287;0;0
18288;0;0
18289;0;0
18290;0;0
18291;0;0
18292;0;0
18293;0;0
18294;0;0
18295;0;0
18296;0;0
18297;0;0
18298;0;0
18299;0;0
18300;0;0
18301;0;0
18302;0;0
18303;0;0
18304;0;0
18305;0;0
18306;0;0
18307;0;0
18308;0;0
18309;0;0
18310;0;0
18311;0;0
18312;0;0
18313;0;0
18314;0;0
18315;0;0
18316;0;0
18317;0;0
18318;0;0
18319;0;0
18320;0;0
18321;0;0
18322;0;0
18323;0;0
18324;0;0
18325;0;0
18326;0;0
18327;0;0
18328;0;0
18329;0;0
18330;0;0
18331;0;0
18332;0;0
18333;0;0
18334;1;1
18335;1;0
18336;3;2
18337;3;0
18338;3;0
18339;3;0
18340;7;4
18341;7;0
18342;7;0
18343;15;8
18344;16;1
18345;25;9
18346;28;3
18347;31;3
18348;31;0
18349;38;7
18350;42;4
18351;50;8
18352;59;9
18353;81;22
18354;110;29
18355;122;12
18356;126;4
18357;142;16
18358;158;16
18359;172;14
18360;179;7
18361;184;5
18362;189;5
18363;191;2
18364;197;6
18365;208;11
18366;216;8
18367;225;9
18368;234;9
18369;246;12
18370;262;16
18371;270;8
18372;281;11
18373;296;15
18374;303;7
18375;320;17
18376;336;16
18377;343;7
18378;355;12
18379;363;8
18380;374;11
18381;384;10
18382;396;12
18383;411;15
18384;435;24
18385;465;30
18386;490;25
18387;535;45
18388;582;47
18389;607;25
18390;621;14
18391;649;28
18392;672;23
18393;700;28
18394;715;15
18395;737;22
18396;758;21
18397;781;23
18398;830;49
18399;887;57
18400;912;25
18401;963;51
18402;1029;66
18403;1109;80
18404;1161;52
18405;1192;31
18406;1214;22
18407;1286;72
18408;1348;62
18409;1471;123
18410;1618;147
18411;1745;127
18412;1888;143
18413;1962;74
18414;2021;59
18415;2093;72
18416;2216;123
18417;2340;124
18418;2474;134
18419;2600;126
18420;2767;167
18421;2872;105
18422;2989;117
18423;3094;105
18424;3215;121
18425;3305;90
18426;3457;152
18427;3594;137
18428;3727;133
18429;3860;133
18430;4044;184
18431;4257;213
18432;4374;117
18433;4478;104
18434;4738;260
18435;4797;59
18436;4952;155
18437;5206;254
18438;5384;178
18439;5533;149
18440;5811;278
18441;6070;259
18442;6190;120
18443;6366;176
18444;6673;307
18445;6941;268
18446;7188;247
18447;7577;389
18448;7886;309
18449;8067;181
18450;8250;183
18451;8528;278
18452;8975;447
18453;9448;473
18454;9726;278
18455;10105;379
18456;10294;189
18457;10791;497
18458;11252;461
18459;11673;421
18460;12062;389
18461;12750;688
18462;13353;603
18463;13771;418
18464;14168;397
18465;14805;637
18466;15601;796
18467;16268;667
18468;16643;375
18469;17603;960
18470;17975;372
18471;18581;606
18472;19125;544
18473;19913;788
18474;20636;723
18475;21363;727
18476;22053;690
18477;22597;544
18478;23202;605
18479;23873;671
18480;24411;538
18481;25138;727
18482;25837;699
18483;26436;599
18484;26928;492
18485;27425;497
18486;28104;679
18487;28754;650
18488;29334;580
18489;29849;515
18490;30120;271
18491;30365;245
18492;30636;271
18493;31015;379
18494;31441;426
18495;31763;322
18496;32118;355
18497;32364;246
18498;32557;193
18499;32803;246
18500;33016;213
18501;33389;373
18502;33630;241
18503;33794;164
18504;34057;263
18505;34201;144
18506;34315;114
18507;34493;178
18508;34705;212
18509;34884;179
18510;35020;136
18511;35103;83
18512;35205;102
18513;35356;151
18514;35460;104
18515;35603;143
18516;35793;190
18517;35969;176
18518;36157;188
18519;36205;48
18520;36301;96
18521;36301;0
18522;36576;275
18523;36724;148
18524;36829;105
18525;36981;152
18526;37079;98
18527;37218;139
18528;37348;130
18529;37489;141
18530;37707;218
18531;37871;164
18532;38115;244
18533;38168;53
18534;38378;210
18535;38529;151
18536;38713;184
18537;38923;210
18538;39184;261
18539;39427;243
18540;39449;22
18541;39586;137
18542;39907;321
18543;40178;271
18544;40620;442
18545;41158;538
18546;41546;388
18547;41619;73
18548;41937;318
18549;42541;604
18550;43143;602
18551;43580;437
18552;44196;616
18553;44881;685
18554;45076;195
18555;45647;571
18556;46144;497
18557;47212;1068
18558;47843;631
18559;48790;947
18560;49721;931
18561;49997;276
18562;50833;836
18563;51851;1018
18564;52612;761
18565;53797;1185
18566;55192;1395
18567;55877;685
18568;56601;724
18569;57093;492
18570;58587;1494
18571;59595;1008
18572;60704;1109
18573;61769;1065
18574;62488;719
18575;63244;756
18576;64588;1344
18577;65804;1216
18578;66723;919
18579;68193;1470
18580;69273;1080
18581;70245;972
18582;70804;559
18583;71729;925
18584;72686;957
18585;74145;1459
18586;75193;1048
18587;76404;1211
18588;77372;968
18589;77785;413
18590;78512;727
18591;79322;810
18592;80102;780
18593;81656;1554
18594;82605;949
18595;83316;711
18596;83618;302
18597;84169;551
18598;85130;961
18599;86383;1253
18600;87249;866
18601;87984;735
18602;88380;396
18603;88579;199
18604;89100;521
18605;89661;561
18606;90305;644
18607;90978;673
18608;91526;548
18609;91892;366
18610;92055;163
18611;92459;404
18612;92853;394
18613;93405;552
18614;93761;356
18615;94151;390
18616;94500;349
18617;94614;114
18618;94768;154
18619;95195;427
18620;95431;236
18621;95713;282
18622;95843;130
18623;95923;80
18624;95992;69
18625;96139;147
18626;96251;112
18627;96458;207
18628;96614;156
18629;96678;64
18630;96802;124
18631;96908;106
18632;97127;219
18633;97398;271
18634;97733;335
18635;97954;221
18636;98184;230
18637;98271;87
18638;98334;63
18639;98432;98
18640;98555;123
18641;98693;138
18642;98859;166
18643;99082;223
18644;99162;80
18645;99227;65
18646;99308;81
18647;99444;136
18648;99630;186
18649;99769;139
18650;99898;129
18651;99983;85
18652;100052;69
18653;100193;141
18654;100323;130
18655;100422;99
18656;100563;141
18657;100675;112
18658;100773;98
18659;100856;83
18660;101009;153
18661;101159;150
18662;101339;180
18663;101534;195
18664;101690;156
18665;101819;129
18666;101944;125
18667;102048;104
18668;102221;173
18669;102353;132
18670;102613;260
18671;102792;179
18672;102867;75
18673;103014;147
18674;103188;174
18675;103332;144
18676;103615;283
18677;103841;226
18678;103993;152
18679;104201;208
18680;104306;105
18681;104500;194
18682;104780;280
18683;105057;277
18684;105467;410
18685;105648;181
18686;105973;325
18687;106125;152
18688;106470;345
18689;106801;331
18690;107329;528
18691;107729;400
18692;108362;633
18693;108827;465
18694;109164;337
18695;109643;479
18696;110356;713
18697;111185;829
18698;111935;750
18699;112805;870
18700;113236;431
18701;113967;731
18702;115031;1064
18703;116310;1279
18704;117535;1225
18705;118889;1354
18706;120163;1274
18707;120910;747
18708;122040;1130
18709;123167;1127
18710;124707;1540
18711;126170;1463
18712;128178;2008
18713;129330;1152
18714;130214;884
18715;131116;902
18716;132646;1530
18717;134058;1412
18718;135042;984
18719;136893;1851
18720;138077;1184
18721;138988;911
18722;139448;460
18723;139842;394
18724;141365;1523
18725;143063;1698
18726;144154;1091
18727;145184;1030
18728;145670;486
18729;146156;486
18730;147147;991
18731;148128;981
18732;149219;1091
18733;150260;1041
18734;151287;1027
18735;151653;366
18736;151894;241
18737;152523;629
18738;153488;965
18739;154392;904
18740;155165;773
18741;156318;1153
18742;156787;469
18743;156981;194
18744;157492;511
18745;158326;834
18746;158821;495
18747;159318;497
18748;160053;735
18749;160422;369
18750;160559;137
18751;160904;345
18752;161393;489
18753;162098;705
18754;162666;568
18755;163238;572
18756;163554;316
18757;163620;66
18758;163976;356
18759;164386;410
18760;164720;334
18761;165112;392
18762;165379;267
18763;165465;86
18764;165537;72
