condition;measurement;ncases
18283;0;0
18284;0;0
18285;0;0
18286;0;0
18287;0;0
18288;0;0
18289;0;0
18290;0;0
18291;0;0
18292;0;0
18293;0;0
18294;0;0
18295;0;0
18296;0;0
18297;0;0
18298;0;0
18299;0;0
18300;0;0
18301;0;0
18302;0;0
18303;0;0
18304;0;0
18305;0;0
18306;0;0
18307;0;0
18308;0;0
18309;0;0
18310;0;0
18311;0;0
18312;0;0
18313;0;0
18314;0;0
18315;0;0
18316;0;0
18317;0;0
18318;0;0
18319;0;0
18320;0;0
18321;0;0
18322;0;0
18323;0;0
18324;0;0
18325;0;0
18326;0;0
18327;0;0
18328;0;0
18329;0;0
18330;0;0
18331;0;0
18332;0;0
18333;0;0
18334;0;0
18335;2;2
18336;5;3
18337;13;8
18338;16;3
18339;19;3
18340;20;1
18341;21;1
18342;24;3
18343;31;7
18344;33;2
18345;61;28
18346;63;2
18347;71;8
18348;86;15
18349;88;2
18350;91;3
18351;94;3
18352;106;12
18353;112;6
18354;125;13
18355;126;1
18356;135;9
18357;140;5
18358;145;5
18359;165;20
18360;184;19
18361;224;40
18362;227;3
18363;250;23
18364;283;33
18365;362;79
18366;377;15
18367;387;10
18368;423;36
18369;449;26
18370;480;31
18371;510;30
18372;561;51
18373;598;37
18374;604;6
18375;630;26
18376;669;39
18377;703;34
18378;731;28
18379;763;32
18380;780;17
18381;790;10
18382;799;9
18383;806;7
18384;813;7
18385;823;10
18386;851;28
18387;855;4
18388;856;1
18389;860;4
18390;861;1
18391;862;1
18392;870;8
18393;884;14
18394;895;11
18395;919;24
18396;927;8
18397;945;18
18398;955;10
18399;978;23
18400;985;7
18401;988;3
18402;989;1
18403;1003;14
18404;1004;1
18405;1025;21
18406;1032;7
18407;1038;6
18408;1038;0
18409;1047;9
18410;1048;1
18411;1052;4
18412;1064;12
18413;1070;6
18414;1083;13
18415;1110;27
18416;1123;13
18417;1142;19
18418;1147;5
18419;1158;11
18420;1194;36
18421;1234;40
18422;1263;29
18423;1269;6
18424;1298;29
18425;1326;28
18426;1384;58
18427;1437;53
18428;1486;49
18429;1615;129
18430;1756;141
18431;1833;77
18432;1916;83
18433;1998;82
18434;2073;75
18435;2169;96
18436;2216;47
18437;2268;52
18438;2363;95
18439;2432;69
18440;2494;62
18441;2590;96
18442;2677;87
18443;2799;122
18444;2878;79
18445;2991;113
18446;3064;73
18447;3178;114
18448;3356;178
18449;3508;152
18450;3703;195
18451;3886;183
18452;4100;214
18453;4307;207
18454;4512;205
18455;4715;203
18456;4931;216
18457;5118;187
18458;5237;119
18459;5369;132
18460;5472;103
18461;5617;145
18462;5735;118
18463;5877;142
18464;6045;168
18465;6286;241
18466;6467;181
18467;6680;213
18468;6917;237
18469;7137;220
18470;7413;276
18471;7652;239
18472;7846;194
18473;8104;258
18474;8330;226
18475;8554;224
18476;8799;245
18477;9049;250
18478;9274;225
18479;9492;218
18480;9688;196
18481;9869;181
18482;10059;190
18483;10247;188
18484;10419;172
18485;10590;171
18486;10795;205
18487;10988;193
18488;11130;142
18489;11275;145
18490;11416;141
18491;11545;129
18492;11686;141
18493;11848;162
18494;12006;158
18495;12168;162
18496;12337;169
18497;12448;111
18498;12547;99
18499;12683;136
18500;12840;157
18501;12981;141
18502;13100;119
18503;13215;115
18504;13334;119
18505;13454;120
18506;13601;147
18507;13713;112
18508;13791;78
18509;13910;119
18510;14027;117
18511;14119;92
18512;14204;85
18513;14301;97
18514;14377;76
18515;14446;69
18516;14496;50
18517;14566;70
18518;14637;71
18519;14692;55
18520;14763;71
18521;14839;76
18522;14882;43
18523;14939;57
18524;15002;63
18525;15063;61
18526;15142;79
18527;15208;66
18528;15270;62
18529;15333;63
18530;15379;46
18531;15425;46
18532;15472;47
18533;15520;48
18534;15574;54
18535;15620;46
18536;15663;43
18537;15705;42
18538;15758;53
18539;15814;56
18540;15855;41
18541;15889;34
18542;15938;49
18543;15971;33
18544;16050;79
18545;16130;80
18546;16179;49
18547;16247;68
18548;16345;98
18549;16425;80
18550;16502;77
18551;16606;104
18552;16754;148
18553;16891;137
18554;17009;118
18555;17139;130
18556;17263;124
18557;17422;159
18558;17591;169
18559;17757;166
18560;17943;186
18561;17943;0
18562;17943;0
18563;18626;683
18564;18626;0
18565;19328;702
18566;19328;0
18567;19328;0
18568;20179;851
18569;20999;820
18570;21545;546
18571;22206;661
18572;22934;728
18573;22934;0
18574;22934;0
18575;24792;1858
18576;25388;596
18577;26121;733
18578;26888;767
18579;27851;963
18580;27851;0
18581;29117;1266
18582;29805;688
18583;29805;0
18584;31215;1410
18585;32022;807
18586;32877;855
18587;33588;711
18588;34295;707
18589;34940;645
18590;35549;609
18591;36253;704
18592;37028;775
18593;37792;764
18594;38431;639
18595;39057;626
18596;39596;539
18597;40117;521
18598;40117;0
18599;40117;0
18600;40117;0
18601;42337;2220
18602;42805;468
18603;43324;519
18604;43881;557
18605;44442;561
18606;45004;562
18607;45594;590
18608;46118;524
18609;46580;462
18610;46909;329
18611;47203;294
18612;47499;296
18613;47499;0
18614;48337;838
18615;48682;345
18616;48905;223
18617;49169;264
18618;49169;0
18619;49440;271
18620;49440;0
18621;50135;695
18622;50405;270
18623;50620;215
18624;50801;181
18625;50910;109
18626;50910;0
18627;51144;234
18628;51502;358
18629;51502;0
18630;51965;463
18631;51965;0
18632;52333;368
18633;52333;0
18634;52943;610
18635;53264;321
18636;53264;0
18637;53776;512
18638;53982;206
18639;54261;279
18640;54560;299
18641;54839;279
18642;55135;296
18643;55135;0
18644;55851;716
18645;55851;0
18646;56118;267
18647;56412;294
18648;57028;616
18649;57317;289
18650;57317;0
18651;57317;0
18652;58399;1082
18653;58399;0
18654;58988;589
18655;58988;0
18656;59646;658
18657;59646;0
18658;60218;572
18659;60218;0
18660;60218;0
18661;61086;868
18662;61404;318
18663;61688;284
18664;61688;0
18665;61688;0
18666;62548;860
18667;62548;0
18668;63089;541
18669;63089;0
18670;63805;716
18671;63805;0
18672;63805;0
18673;64619;814
18674;64868;249
18675;64868;0
18676;65165;297
18677;65450;285
18678;65450;0
18679;66480;1030
18680;66480;0
18681;66740;260
18682;67569;829
18683;68006;437
18684;68451;445
18685;68451;0
18686;68451;0
18687;68451;0
18688;70285;1834
18689;70853;568
18690;70853;0
18691;71444;591
18692;72600;1156
18693;72600;0
18694;73735;1135
18695;73735;0
18696;74708;973
18697;74708;0
18698;76070;1362
18699;76070;0
18700;76070;0
18701;77787;1717
18702;78340;553
18703;78340;0
18704;78340;0
18705;80295;1955
18706;80295;0
18707;80295;0
18708;80295;0
18709;80295;0
18710;84172;3877
18711;84172;0
18712;84172;0
18713;84172;0
18714;84172;0
18715;88429;4257
18716;89181;752
18717;89181;0
18718;91079;1898
18719;91079;0
18720;91079;0
18721;91079;0
18722;91079;0
18723;94330;3251
18724;95015;685
18725;95886;871
18726;95886;0
18727;95886;0
18728;95886;0
18729;95886;0
18730;98015;2129
18731;99210;1195
18732;99210;0
18733;100329;1119
18734;100329;0
18735;101191;862
18736;101191;0
18737;101832;641
18738;101832;0
18739;102720;888
18740;102720;0
18741;102720;0
18742;103638;918
18743;103638;0
18744;103638;0
18745;103638;0
18746;103638;0
18747;103638;0
18748;103638;0
18749;103638;0
18750;103638;0
18751;103638;0
18752;103638;0
18753;105614;1976
18754;105784;170
18755;105784;0
18756;105784;0
18757;105784;0
18758;106130;346
18759;106243;113
18760;106243;0
18761;106243;0
18762;106243;0
18763;106506;263
18764;106531;25
