condition;measurement;ncases
18283;0;0
18284;0;0
18285;0;0
18286;0;0
18287;0;0
18288;0;0
18289;0;0
18290;0;0
18291;0;0
18292;0;0
18293;0;0
18294;0;0
18295;0;0
18296;0;0
18297;0;0
18298;0;0
18299;0;0
18300;0;0
18301;0;0
18302;0;0
18303;0;0
18304;0;0
18305;0;0
18306;0;0
18307;0;0
18308;0;0
18309;0;0
18310;0;0
18311;0;0
18312;0;0
18313;0;0
18314;0;0
18315;0;0
18316;0;0
18317;0;0
18318;0;0
18319;0;0
18320;0;0
18321;1;1
18322;1;0
18323;1;0
18324;1;0
18325;1;0
18326;1;0
18327;1;0
18328;1;0
18329;1;0
18330;1;0
18331;1;0
18332;3;2
18333;3;0
18334;4;1
18335;6;2
18336;9;3
18337;12;3
18338;19;7
18339;27;8
18340;36;9
18341;47;11
18342;69;22
18343;111;42
18344;128;17
18345;166;38
18346;208;42
18347;263;55
18348;292;29
18349;339;47
18350;378;39
18351;424;46
18352;468;44
18353;512;44
18354;579;67
18355;631;52
18356;683;52
18357;716;33
18358;750;34
18359;783;33
18360;821;38
18361;858;37
18362;896;38
18363;926;30
18364;952;26
18365;970;18
18366;977;7
18367;995;18
18368;1022;27
18369;1050;28
18370;1091;41
18371;1153;62
18372;1173;20
18373;1226;53
18374;1250;24
18375;1272;22
18376;1291;19
18377;1301;10
18378;1316;15
18379;1328;12
18380;1337;9
18381;1364;27
18382;1375;11
18383;1389;14
18384;1394;5
18385;1399;5
18386;1407;8
18387;1410;3
18388;1416;6
18389;1421;5
18390;1430;9
18391;1459;29
18392;1471;12
18393;1479;8
18394;1488;9
18395;1502;14
18396;1511;9
18397;1521;10
18398;1536;15
18399;1545;9
18400;1551;6
18401;1559;8
18402;1580;21
18403;1592;12
18404;1598;6
18405;1612;14
18406;1618;6
18407;1628;10
18408;1632;4
18409;1640;8
18410;1649;9
18411;1654;5
18412;1662;8
18413;1667;5
18414;1671;4
18415;1676;5
18416;1679;3
18417;1684;5
18418;1689;5
18419;1700;11
18420;1709;9
18421;1716;7
18422;1722;6
18423;1728;6
18424;1747;19
18425;1751;4
18426;1758;7
18427;1763;5
18428;1768;5
18429;1771;3
18430;1773;2
18431;1779;6
18432;1787;8
18433;1790;3
18434;1793;3
18435;1796;3
18436;1798;2
18437;1799;1
18438;1801;2
18439;1803;2
18440;1808;5
18441;1810;2
18442;1811;1
18443;1812;1
18444;1813;1
18445;1820;7
18446;1823;3
18447;1826;3
18448;1831;5
18449;1836;5
18450;1839;3
18451;1849;10
18452;1852;3
18453;1856;4
18454;1860;4
18455;1864;4
18456;1869;5
18457;1870;1
18458;1891;21
18459;1897;6
18460;1903;6
18461;1910;7
18462;1928;18
18463;1942;14
18464;1944;2
18465;1946;2
18466;1956;10
18467;1982;26
18468;1996;14
18469;2003;7
18470;2014;11
18471;2022;8
18472;2037;15
18473;2056;19
18474;2069;13
18475;2087;18
18476;2104;17
18477;2114;10
18478;2131;17
18479;2141;10
18480;2165;24
18481;2189;24
18482;2225;36
18483;2247;22
18484;2259;12
18485;2277;18
18486;2303;26
18487;2324;21
18488;2346;22
18489;2379;33
18490;2409;30
18491;2430;21
18492;2467;37
18493;2489;22
18494;2521;32
18495;2558;37
18496;2588;30
18497;2629;41
18498;2667;38
18499;2688;21
18500;2720;32
18501;2756;36
18502;2804;48
18503;2833;29
18504;2868;35
18505;2900;32
18506;2923;23
18507;2952;29
18508;2972;20
18509;2998;26
18510;3034;36
18511;3077;43
18512;3094;17
18513;3126;32
18514;3158;32
18515;3194;36
18516;3238;44
18517;3291;53
18518;3330;39
18519;3381;51
18520;3392;11
18521;3437;45
18522;3499;62
18523;3560;61
18524;3659;99
18525;3739;80
18526;3809;70
18527;3854;45
18528;3927;73
18529;4065;138
18530;4179;114
18531;4290;111
18532;4381;91
18533;4485;104
18534;4573;88
18535;4688;115
18536;4779;91
18537;4950;171
18538;5075;125
18539;5180;105
18540;5279;99
18541;5359;80
18542;5474;115
18543;5616;142
18544;5749;133
18545;5953;204
18546;6113;160
18547;6239;126
18548;6357;118
18549;6494;137
18550;6749;255
18551;7030;281
18552;7258;228
18553;7511;253
18554;7718;207
18555;7921;203
18556;8234;313
18557;8661;427
18558;9106;445
18559;9586;480
18560;10183;597
18561;10948;765
18562;11371;423
18563;12142;771
18564;13090;948
18565;13815;725
18566;14815;1000
18567;15698;883
18568;16532;834
18569;17425;893
18570;18078;653
18571;19070;992
18572;20720;1650
18573;22660;1940
18574;24636;1976
18575;25674;1038
18576;26782;1108
18577;28215;1433
18578;29769;1554
18579;31826;2057
18580;33351;1525
18581;34728;1377
18582;35876;1148
18583;36842;966
18584;38783;1941
18585;40452;1669
18586;42721;2269
18587;44699;1978
18588;47008;2309
18589;48197;1189
18590;49368;1171
18591;51656;2288
18592;53755;2099
18593;56085;2330
18594;58211;2126
18595;60176;1965
18596;61311;1135
18597;62511;1200
18598;64621;2110
18599;67081;2460
18600;69600;2519
18601;72463;2863
18602;74680;2217
18603;76071;1391
18604;77476;1405
18605;80615;3139
18606;83959;3344
18607;87066;3107
18608;90412;3346
18609;93255;2843
18610;95178;1923
18611;96694;1516
18612;100173;3479
18613;103398;3225
18614;106645;3247
18615;109989;3344
18616;112912;2923
18617;115047;2135
18618;117086;2039
18619;120890;3804
18620;124856;3966
18621;127547;2691
18622;129914;2367
18623;131601;1687
18624;133395;1794
18625;135503;2108
18626;139487;3984
18627;141955;2468
18628;145430;3475
18629;146937;1507
18630;148202;1265
18631;149579;1377
18632;151220;1641
18633;154007;2787
18634;156416;2409
18635;158474;2058
18636;160238;1764
18637;161741;1503
18638;162515;774
18639;163527;1012
18640;165291;1764
18641;166736;1445
18642;167960;1224
18643;169194;1234
18644;170036;842
18645;170513;477
18646;171380;867
18647;172612;1232
18648;173889;1277
18649;174922;1033
18650;175929;1007
18651;176702;773
18652;177243;541
18653;177934;691
18654;179217;1283
18655;180160;943
18656;181019;859
18657;181740;721
18658;182543;803
18659;182898;355
18660;183444;546
18661;184208;764
18662;184948;740
18663;185601;653
18664;186278;677
18665;186770;492
18666;187039;269
18667;187421;382
18668;187991;570
18669;189058;1067
18670;189665;607
18671;190241;576
18672;190724;483
18673;190937;213
18674;191264;327
18675;191821;557
18676;192193;372
18677;192986;793
18678;193562;576
18679;194051;489
18680;194333;282
18681;194833;500
18682;195481;648
18683;196049;568
18684;196690;641
18685;197343;653
18686;199145;1802
18687;199398;253
18688;199825;427
18689;200351;526
18690;200898;547
18691;201335;437
18692;201799;464
18693;202214;415
18694;202430;216
18695;202900;470
18696;203386;486
18697;203992;606
18698;204356;364
18699;204954;598
18700;205385;431
18701;205644;259
18702;206290;646
18703;206889;599
18704;207469;580
18705;208048;579
18706;208650;602
18707;209011;361
18708;209340;329
18709;210202;862
18710;211011;809
18711;211804;793
18712;212676;872
18713;213447;771
18714;213941;494
18715;214365;424
18716;215216;851
18717;216119;903
18718;217005;886
18719;217865;860
18720;218878;1013
18721;219607;729
18722;220212;605
18723;220900;688
18724;222020;1120
18725;223127;1107
18726;224309;1182
18727;225308;999
18728;226173;865
18729;226783;610
18730;227889;1106
18731;229260;1371
18732;230462;1202
18733;231601;1139
18734;232829;1228
18735;233631;802
18736;234232;601
18737;235383;1151
18738;236533;1150
18739;237950;1417
18740;239263;1313
18741;240522;1259
18742;241297;775
18743;241872;575
18744;242926;1054
18745;244555;1629
18746;245896;1341
18747;247269;1373
18748;248655;1386
18749;249680;1025
18750;250337;657
18751;251450;1113
18752;252699;1249
18753;254091;1392
18754;255384;1293
18755;256906;1522
18756;257827;921
18757;258623;796
18758;259862;1239
18759;261128;1266
18760;262335;1207
18761;263475;1140
18762;264724;1249
18763;265536;812
18764;266063;527
