condition;measurement;ncases
18283;0;0
18284;0;0
18285;0;0
18286;0;0
18287;0;0
18288;0;0
18289;0;0
18290;0;0
18291;0;0
18292;0;0
18293;0;0
18294;0;0
18295;0;0
18296;0;0
18297;0;0
18298;0;0
18299;0;0
18300;0;0
18301;0;0
18302;0;0
18303;0;0
18304;0;0
18305;0;0
18306;0;0
18307;0;0
18308;0;0
18309;0;0
18310;0;0
18311;0;0
18312;0;0
18313;0;0
18314;0;0
18315;0;0
18316;0;0
18317;0;0
18318;0;0
18319;0;0
18320;0;0
18321;0;0
18322;0;0
18323;0;0
18324;0;0
18325;0;0
18326;0;0
18327;0;0
18328;0;0
18329;0;0
18330;0;0
18331;0;0
18332;0;0
18333;0;0
18334;0;0
18335;0;0
18336;0;0
18337;0;0
18338;0;0
18339;0;0
18340;0;0
18341;0;0
18342;0;0
18343;0;0
18344;0;0
18345;0;0
18346;0;0
18347;0;0
18348;0;0
18349;0;0
18350;0;0
18351;0;0
18352;0;0
18353;0;0
18354;3;3
18355;3;0
18356;4;1
18357;4;0
18358;5;1
18359;8;3
18360;8;0
18361;8;0
18362;9;1
18363;12;3
18364;13;1
18365;16;3
18366;16;0
18367;16;0
18368;16;0
18369;17;1
18370;17;0
18371;17;0
18372;17;0
18373;18;1
18374;23;5
18375;33;10
18376;33;0
18377;33;0
18378;34;1
18379;36;2
18380;36;0
18381;36;0
18382;37;1
18383;37;0
18384;38;1
18385;39;1
18386;41;2
18387;41;0
18388;43;2
18389;43;0
18390;43;0
18391;56;13
18392;56;0
18393;57;1
18394;57;0
18395;63;6
18396;63;0
18397;63;0
18398;65;2
18399;70;5
18400;70;0
18401;70;0
18402;71;1
18403;72;1
18404;82;10
18405;82;0
18406;83;1
18407;101;18
18408;101;0
18409;101;0
18410;203;102
18411;273;70
18412;279;6
18413;284;5
18414;336;52
18415;358;22
18416;369;11
18417;393;24
18418;409;16
18419;409;0
18420;438;29
18421;443;5
18422;455;12
18423;455;0
18424;481;26
18425;481;0
18426;529;48
18427;547;18
18428;555;8
18429;564;9
18430;572;8
18431;592;20
18432;620;28
18433;620;0
18434;730;110
18435;749;19
18436;803;54
18437;941;138
18438;960;19
18439;1005;45
18440;1038;33
18441;1146;108
18442;1152;6
18443;1224;72
18444;1265;41
18445;1342;77
18446;1498;156
18447;1613;115
18448;1613;0
18449;1742;129
18450;1818;76
18451;1864;46
18452;1942;78
18453;2069;127
18454;2261;192
18455;2364;103
18456;2430;66
18457;2497;67
18458;2614;117
18459;2712;98
18460;2805;93
18461;2810;5
18462;2907;97
18463;2992;85
18464;3045;53
18465;3302;257
18466;3302;0
18467;3453;151
18468;3453;0
18469;3640;187
18470;3664;24
18471;3709;45
18472;3738;29
18473;3858;120
18474;4078;220
18475;4186;108
18476;4231;45
18477;4272;41
18478;4361;89
18479;4426;65
18480;4491;65
18481;4575;84
18482;4624;49
18483;4658;34
18484;4674;16
18485;4714;40
18486;4752;38
18487;4912;160
18488;4988;76
18489;5026;38
18490;5072;46
18491;5125;53
18492;5193;68
18493;5240;47
18494;5282;42
18495;5322;40
18496;5382;60
18497;5414;32
18498;5419;5
18499;5423;4
18500;5474;51
18501;5496;22
18502;5523;27
18503;5528;5
18504;5536;8
18505;5566;30
18506;5576;10
18507;5579;3
18508;5593;14
18509;5608;15
18510;5611;3
18511;5614;3
18512;5621;7
18513;5630;9
18514;5653;23
18515;5655;2
18516;5669;14
18517;5678;9
18518;5690;12
18519;5697;7
18520;5701;4
18521;5704;3
18522;5711;7
18523;5716;5
18524;5718;2
18525;5731;13
18526;5733;2
18527;5739;6
18528;5746;7
18529;5747;1
18530;5764;17
18531;5766;2
18532;5768;2
18533;5770;2
18534;5772;2
18535;5773;1
18536;5779;6
18537;5783;4
18538;5783;0
18539;5786;3
18540;5794;8
18541;5796;2
18542;5803;7
18543;5809;6
18544;5813;4
18545;5821;8
18546;5821;0
18547;5824;3
18548;5827;3
18549;5829;2
18550;5836;7
18551;5842;6
18552;5852;10
18553;5857;5
18554;5860;3
18555;5861;1
18556;5864;3
18557;5874;10
18558;5885;11
18559;5887;2
18560;5890;3
18561;5894;4
18562;5897;3
18563;5904;7
18564;5916;12
18565;5923;7
18566;5930;7
18567;5932;2
18568;5933;1
18569;5934;1
18570;5934;0
18571;5940;6
18572;5942;2
18573;5948;6
18574;5951;3
18575;5953;2
18576;5953;0
18577;5955;2
18578;5958;3
18579;5962;4
18580;5964;2
18581;5965;1
18582;5971;6
18583;5971;0
18584;5999;28
18585;6002;3
18586;6003;1
18587;6003;0
18588;6003;0
18589;6009;6
18590;6017;8
18591;6018;1
18592;6020;2
18593;6024;4
18594;6025;1
18595;6025;0
18596;6028;3
18597;6028;0
18598;6040;12
18599;6043;3
18600;6047;4
18601;6049;2
18602;6051;2
18603;6051;0
18604;6051;0
18605;6051;0
18606;6051;0
18607;6055;4
18608;6063;8
18609;6066;3
18610;6070;4
18611;6080;10
18612;6091;11
18613;6138;47
18614;6148;10
18615;6153;5
18616;6161;8
18617;6202;41
18618;6248;46
18619;6261;13
18620;6277;16
18621;6339;62
18622;6343;4
18623;6354;11
18624;6377;23
18625;6388;11
18626;6471;83
18627;6583;112
18628;6684;101
18629;6712;28
18630;6844;132
18631;6935;91
18632;7110;175
18633;7337;227
18634;7611;274
18635;7925;314
18636;8306;381
18637;8575;269
18638;9027;452
18639;9027;0
18640;9400;373
18641;9991;591
18642;11223;1232
18643;11785;562
18644;12470;685
18645;13027;557
18646;13880;853
18647;14851;971
18648;16049;1198
18649;17365;1316
18650;18439;1074
18651;19395;956
18652;19987;592
18653;20830;843
18654;21660;830
18655;22304;644
18656;23020;716
18657;23497;477
18658;23963;466
18659;24365;402
18660;24903;538
18661;25449;546
18662;25884;435
18663;26360;476
18664;26875;515
18665;27195;320
18666;27422;227
18667;27722;300
18668;28050;328
18669;28270;220
18670;28630;360
18671;28876;246
18672;29035;159
18673;29181;146
18674;29421;240
18675;29634;213
18676;29837;203
18677;30277;440
18678;30528;251
18679;30742;214
18680;30942;200
18681;31106;164
18682;31295;189
18683;31502;207
18684;31675;173
18685;31798;123
18686;31945;147
18687;32008;63
18688;32148;140
18689;32229;81
18690;32283;54
18691;32283;0
18692;32398;115
18693;32442;44
18694;32469;27
18695;32528;59
18696;32614;86
18697;32673;59
18698;32746;73
18699;32789;43
18700;32789;0
18701;32864;75
18702;32894;30
18703;32970;76
18704;33045;75
18705;33174;129
18706;33216;42
18707;33237;21
18708;33270;33
18709;33323;53
18710;33354;31
18711;33387;33
18712;33415;28
18713;33458;43
18714;33481;23
18715;33505;24
18716;33525;20
18717;33551;26
18718;33584;33
18719;33639;55
18720;33647;8
18721;33661;14
18722;33673;12
18723;33685;12
18724;33718;33
18725;33738;20
18726;33779;41
18727;33805;26
18728;33827;22
18729;33859;32
18730;33872;13
18731;33891;19
18732;33902;11
18733;33919;17
18734;33919;0
18735;33941;22
18736;33959;18
18737;33968;9
18738;33975;7
18739;33989;14
18740;33989;0
18741;34011;22
18742;34016;5
18743;34021;5
18744;34031;10
18745;34052;21
18746;34062;10
18747;34078;16
18748;34095;17
18749;34096;1
18750;34099;3
18751;34123;24
18752;34143;20
18753;34151;8
18754;34158;7
18755;34166;8
18756;34171;5
18757;34180;9
18758;34183;3
18759;34183;0
18760;34200;17
18761;34200;0
18762;34210;10
18763;34214;4
18764;34216;2
