condition;measurement;ncases
18283;0;0
18284;0;0
18285;0;0
18286;3;3
18287;4;1
18288;4;0
18289;4;0
18290;7;3
18291;8;1
18292;8;0
18293;8;0
18294;8;0
18295;8;0
18296;10;2
18297;12;2
18298;12;0
18299;12;0
18300;16;4
18301;16;0
18302;18;2
18303;18;0
18304;18;0
18305;19;1
18306;19;0
18307;22;3
18308;22;0
18309;22;0
18310;22;0
18311;22;0
18312;22;0
18313;22;0
18314;22;0
18315;22;0
18316;22;0
18317;22;0
18318;22;0
18319;23;1
18320;23;0
18321;25;2
18322;29;4
18323;29;0
18324;36;7
18325;50;14
18326;50;0
18327;83;33
18328;93;10
18329;99;6
18330;117;18
18331;129;12
18332;149;20
18333;149;0
18334;197;48
18335;238;41
18336;428;190
18337;566;138
18338;673;107
18339;790;117
18340;900;110
18341;1030;130
18342;1183;153
18343;1306;123
18344;1518;212
18345;1624;106
18346;1796;172
18347;2031;235
18348;2161;130
18349;2320;159
18350;2470;150
18351;2626;156
18352;2766;140
18353;2908;142
18354;3116;208
18355;3333;217
18356;3483;150
18357;3662;179
18358;3793;131
18359;3963;170
18360;4119;156
18361;4228;109
18362;4346;118
18363;4530;184
18364;4683;153
18365;4817;134
18366;4987;170
18367;5072;85
18368;5182;110
18369;5251;69
18370;5305;54
18371;5389;84
18372;5425;36
18373;5482;57
18374;5532;50
18375;5603;71
18376;5691;88
18377;5742;51
18378;5780;38
18379;5820;40
18380;5851;31
18381;5945;94
18382;6002;57
18383;6071;69
18384;6176;105
18385;6298;122
18386;6353;55
18387;6383;30
18388;6428;45
18389;6467;39
18390;6535;68
18391;6589;54
18392;6656;67
18393;6726;70
18394;6742;16
18395;6779;37
18396;6819;40
18397;6855;36
18398;6872;17
18399;6894;22
18400;6941;47
18401;6978;37
18402;7009;31
18403;7059;50
18404;7137;78
18405;7185;48
18406;7245;60
18407;7417;172
18408;7604;187
18409;7619;15
18410;7629;10
18411;7732;103
18412;7762;30
18413;7819;57
18414;7857;38
18415;7877;20
18416;7970;93
18417;8247;277
18418;8266;19
18419;8303;37
18420;8322;19
18421;8329;7
18422;8336;7
18423;8338;2
18424;8369;31
18425;8402;33
18426;8445;43
18427;8453;8
18428;8494;41
18429;8505;11
18430;8515;10
18431;8529;14
18432;8535;6
18433;8556;21
18434;8572;16
18435;8587;15
18436;8590;3
18437;8596;6
18438;8600;4
18439;8606;6
18440;8616;10
18441;8634;18
18442;8637;3
18443;8639;2
18444;8640;1
18445;8643;3
18446;8648;5
18447;8658;10
18448;8663;5
18449;8668;5
18450;8674;6
18451;8677;3
18452;8683;6
18453;8696;13
18454;8704;8
18455;8718;14
18456;8725;7
18457;8729;4
18458;8734;5
18459;8737;3
18460;8755;18
18461;8764;9
18462;8779;15
18463;8800;21
18464;8815;15
18465;8831;16
18466;8840;9
18467;8861;21
18468;8884;23
18469;8897;13
18470;8904;7
18471;8943;39
18472;8956;13
18473;8964;8
18474;8976;12
18475;8985;9
18476;8999;14
18477;9001;2
18478;9002;1
18479;9023;21
18480;9038;15
18481;9063;25
18482;9070;7
18483;9083;13
18484;9094;11
18485;9103;9
18486;9114;11
18487;9129;15
18488;9149;20
18489;9175;26
18490;9200;25
18491;9212;12
18492;9219;7
18493;9235;16
18494;9240;5
18495;9249;9
18496;9257;8
18497;9267;10
18498;9274;7
18499;9285;11
18500;9291;6
18501;9296;5
18502;9306;10
18503;9317;11
18504;9334;17
18505;9340;6
18506;9354;14
18507;9360;6
18508;9374;14
18509;9385;11
18510;9391;6
18511;9397;6
18512;9459;62
18513;9559;100
18514;9583;24
18515;9628;45
18516;9810;182
18517;9868;58
18518;9915;47
18519;9946;31
18520;9969;23
18521;10031;62
18522;10052;21
18523;10147;95
18524;10167;20
18525;10219;52
18526;10276;57
18527;10358;82
18528;10505;147
18529;10576;71
18530;10687;111
18531;10769;82
18532;10919;150
18533;11034;115
18534;11135;101
18535;11224;89
18536;11484;260
18537;11771;287
18538;12088;317
18539;12381;293
18540;12813;432
18541;13504;691
18542;13993;489
18543;14368;375
18544;14722;354
18545;15096;374
18546;15657;561
18547;16220;563
18548;16880;660
18549;17540;660
18550;18129;589
18551;18758;629
18552;19627;869
18553;20498;871
18554;21363;865
18555;22225;862
18556;22957;732
18557;23804;847
18558;24514;710
18559;25742;1228
18560;26565;823
18561;27805;1240
18562;28640;835
18563;29441;801
18564;30090;649
18565;30889;799
18566;31548;659
18567;32505;957
18568;33339;834
18569;34393;1054
18570;35425;1032
18571;36434;1009
18572;38189;1755
18573;39357;1168
18574;40209;852
18575;41181;972
18576;42050;869
18577;42872;822
18578;43791;919
18579;45095;1304
18580;46209;1114
18581;47417;1208
18582;48520;1103
18583;49730;1210
18584;50390;660
18585;51680;1290
18586;52638;958
18587;53679;1041
18588;54775;1096
18589;56659;1884
18590;58847;2188
18591;59817;970
18592;60752;935
18593;61861;1109
18594;63176;1315
18595;64485;1309
18596;65697;1212
18597;67169;1472
18598;68020;851
18599;69095;1075
18600;70236;1141
18601;71359;1123
18602;72694;1335
18603;74294;1600
18604;75306;1012
18605;76265;959
18606;78499;2234
18607;80309;1810
18608;82246;1937
18609;83475;1229
18610;84846;1371
18611;86618;1772
18612;87913;1295
18613;89133;1220
18614;90816;1683
18615;91969;1153
18616;93309;1340
18617;95327;2018
18618;97389;2062
18619;98737;1348
18620;100318;1581
18621;101565;1247
18622;103900;2335
18623;105096;1196
18624;106690;1594
18625;108615;1925
18626;110485;1870
18627;113010;2525
18628;115078;2068
18629;117373;2295
18630;119077;1704
18631;120818;1741
18632;122845;2027
18633;125438;2593
18634;128465;3027
18635;131108;2643
18636;133559;2451
18637;135992;2433
18638;138224;2232
18639;141533;3309
18640;144518;2985
18641;147855;3337
18642;151066;3211
18643;155095;4029
18644;158434;3339
18645;161740;3306
18646;165371;3631
18647;169379;4008
18648;172549;3170
18649;176180;3631
18650;180455;4275
18651;183801;3346
18652;186849;3048
18653;190434;3585
18654;194114;3680
18655;198208;4094
18656;203933;5725
18657;209661;5728
18658;214959;5298
18659;219173;4214
18660;222628;3455
18661;226912;4284
18662;231483;4571
18663;234874;3391
18664;238721;3847
18665;242452;3731
18666;245552;3100
18667;248316;2764
18668;251604;3288
18669;254988;3384
18670;258306;3318
18671;261805;3499
18672;264269;2464
18673;266445;2176
18674;269165;2720
18675;272163;2998
18676;274875;2712
18677;277811;2936
18678;280272;2461
18679;283569;3297
18680;285761;2192
18681;288229;2468
18682;291774;3545
18683;293698;1924
18684;295951;2253
18685;298315;2364
18686;300752;2437
18687;302580;1828
18688;304135;1555
18689;305880;1745
18690;307943;2063
18691;310097;2154
18692;311777;1680
18693;313460;1683
18694;314989;1529
18695;316269;1280
18696;317717;1448
18697;319364;1647
18698;320939;1575
18699;322409;1470
18700;323763;1354
18701;324971;1208
18702;326034;1063
18703;327253;1219
18704;328466;1213
18705;330042;1576
18706;331713;1671
18707;333040;1327
18708;334156;1116
18709;335540;1384
18710;336808;1268
18711;338168;1360
18712;339443;1275
18713;340642;1199
18714;341944;1302
18715;342885;941
18716;344018;1133
18717;345500;1482
18718;346678;1178
18719;347972;1294
18720;349610;1638
18721;350959;1349
18722;352029;1070
18723;353329;1300
18724;354468;1139
18725;355753;1285
18726;357607;1854
18727;359117;1510
18728;360856;1739
18729;362173;1317
18730;363940;1767
18731;365829;1889
18732;367977;2148
18733;370528;2551
18734;372859;2331
18735;375054;2195
18736;377132;2078
18737;379473;2341
18738;381813;2340
18739;384688;2875
18740;387535;2847
18741;390252;2717
18742;392942;2690
18743;395718;2776
18744;398451;2733
18745;401593;3142
18746;404925;3332
18747;408713;3788
18748;411594;2881
18749;415012;3418
18750;417512;2500
18751;420632;3120
18752;424376;3744
18753;427927;3551
18754;432425;4498
18755;436944;4519
18756;440677;3733
18757;444484;3807
18758;448457;3973
18759;453222;4765
18760;458077;4855
18761;462190;4113
18762;466330;4140
18763;470110;3780
18764;474556;4446
