condition;measurement;ncases
18283;0;0
18284;0;0
18285;0;0
18286;0;0
18287;0;0
18288;0;0
18289;0;0
18290;0;0
18291;0;0
18292;0;0
18293;0;0
18294;0;0
18295;0;0
18296;0;0
18297;0;0
18298;0;0
18299;0;0
18300;0;0
18301;0;0
18302;0;0
18303;0;0
18304;0;0
18305;0;0
18306;0;0
18307;0;0
18308;0;0
18309;0;0
18310;0;0
18311;0;0
18312;0;0
18313;0;0
18314;0;0
18315;0;0
18316;0;0
18317;0;0
18318;0;0
18319;0;0
18320;0;0
18321;0;0
18322;0;0
18323;0;0
18324;0;0
18325;0;0
18326;0;0
18327;0;0
18328;3;3
18329;3;0
18330;3;0
18331;5;2
18332;6;1
18333;6;0
18334;12;6
18335;18;6
18336;21;3
18337;30;9
18338;38;8
18339;38;0
18340;53;15
18341;64;11
18342;73;9
18343;90;17
18344;107;17
18345;110;3
18346;129;19
18347;134;5
18348;139;5
18349;149;10
18350;151;2
18351;156;5
18352;169;13
18353;188;19
18354;196;8
18355;202;6
18356;213;11
18357;227;14
18358;241;14
18359;293;52
18360;299;6
18361;337;38
18362;350;13
18363;370;20
18364;378;8
18365;384;6
18366;393;9
18367;399;6
18368;412;13
18369;422;10
18370;426;4
18371;427;1
18372;431;4
18373;443;12
18374;444;1
18375;445;1
18376;447;2
18377;448;1
18378;448;0
18379;450;2
18380;458;8
18381;463;5
18382;465;2
18383;467;2
18384;468;1
18385;477;9
18386;480;3
18387;482;2
18388;484;2
18389;486;2
18390;489;3
18391;490;1
18392;496;6
18393;503;7
18394;506;3
18395;508;2
18396;522;14
18397;532;10
18398;546;14
18399;553;7
18400;558;5
18401;569;11
18402;584;15
18403;599;15
18404;600;1
18405;609;9
18406;610;1
18407;611;1
18408;611;0
18409;612;1
18410;616;4
18411;616;0
18412;618;2
18413;618;0
18414;619;1
18415;620;1
18416;622;2
18417;622;0
18418;625;3
18419;627;2
18420;629;2
18421;630;1
18422;632;2
18423;635;3
18424;640;5
18425;645;5
18426;646;1
18427;649;3
18428;650;1
18429;656;6
18430;662;6
18431;663;1
18432;663;0
18433;664;1
18434;665;1
18435;665;0
18436;665;0
18437;665;0
18438;668;3
18439;670;2
18440;670;0
18441;670;0
18442;670;0
18443;670;0
18444;671;1
18445;671;0
18446;672;1
18447;672;0
18448;672;0
18449;672;0
18450;673;1
18451;673;0
18452;674;1
18453;674;0
18454;674;0
18455;674;0
18456;674;0
18457;674;0
18458;674;0
18459;674;0
18460;674;0
18461;675;1
18462;677;2
18463;677;0
18464;677;0
18465;679;2
18466;680;1
18467;686;6
18468;686;0
18469;700;14
18470;701;1
18471;708;7
18472;720;12
18473;814;94
18474;824;10
18475;845;21
18476;860;15
18477;874;14
18478;890;16
18479;926;36
18480;946;20
18481;995;49
18482;1035;40
18483;1089;54
18484;1112;23
18485;1141;29
18486;1190;49
18487;1245;55
18488;1276;31
18489;1348;72
18490;1306;-42
18491;1375;69
18492;1423;48
18493;1470;47
18494;1510;40
18495;1546;36
18496;1577;31
18497;1612;35
18498;1667;55
18499;1705;38
18500;1751;46
18501;1788;37
18502;1820;32
18503;1847;27
18504;1862;15
18505;1883;21
18506;1909;26
18507;1931;22
18508;1965;34
18509;1984;19
18510;2014;30
18511;2039;25
18512;2076;37
18513;2099;23
18514;2162;63
18515;2204;42
18516;2247;43
18517;2274;27
18518;2352;78
18519;2405;53
18520;2454;49
18521;2560;106
18522;2595;35
18523;2634;39
18524;2699;65
18525;2731;32
18526;2776;45
18527;2814;38
18528;2856;42
18529;2898;42
18530;2929;31
18531;2958;29
18532;2979;21
18533;3006;27
18534;3035;29
18535;3058;23
18536;3095;37
18537;3139;44
18538;3204;65
18539;3270;66
18540;3327;57
18541;3374;47
18542;3442;68
18543;3506;64
18544;3581;75
18545;3681;100
18546;3776;95
18547;3844;68
18548;3937;93
18549;4048;111
18550;4160;112
18551;4282;122
18552;4486;204
18553;4628;142
18554;4737;109
18555;4871;134
18556;5026;155
18557;5137;111
18558;5258;121
18559;5373;115
18560;5498;125
18561;5578;80
18562;5685;107
18563;5760;75
18564;5866;106
18565;5942;76
18566;6042;100
18567;6182;140
18568;6400;218
18569;6506;106
18570;6590;84
18571;6764;174
18572;6893;129
18573;7039;146
18574;7141;102
18575;7243;102
18576;7396;153
18577;7537;141
18578;7646;109
18579;7796;150
18580;7917;121
18581;8034;117
18582;8137;103
18583;8247;110
18584;8420;173
18585;8560;140
18586;8681;121
18587;8822;141
18588;8924;102
18589;9004;80
18590;9137;133
18591;9253;116
18592;9405;152
18593;9501;96
18594;9609;108
18595;9752;143
18596;9873;121
18597;9975;102
18598;10101;126
18599;10197;96
18600;10320;123
18601;10423;103
18602;10520;97
18603;10659;139
18604;10699;40
18605;10778;79
18606;10884;106
18607;10980;96
18608;11101;121
18609;11153;52
18610;11254;101
18611;11303;49
18612;11415;112
18613;11475;60
18614;11569;94
18615;11621;52
18616;11714;93
18617;11802;88
18618;11910;108
18619;11992;82
18620;12062;70
18621;12112;50
18622;12241;129
18623;12325;84
18624;12426;101
18625;12541;115
18626;12665;124
18627;12774;109
18628;12909;135
18629;12997;88
18630;13082;85
18631;13230;148
18632;13388;158
18633;13612;224
18634;13776;164
18635;13967;191
18636;14212;245
18637;14396;184
18638;14529;133
18639;14769;240
18640;14958;189
18641;15079;121
18642;15272;193
18643;15447;175
18644;15588;141
18645;15742;154
18646;15942;200
18647;16129;187
18648;16280;151
18649;16423;143
18650;16542;119
18651;16658;116
18652;16861;203
18653;16999;138
18654;17192;193
18655;17400;208
18656;17585;185
18657;17721;136
18658;17903;182
18659;18027;124
18660;18168;141
18661;18306;138
18662;18385;79
18663;18442;57
18664;18576;134
18665;18676;100
18666;18813;137
18667;19015;202
18668;19182;167
18669;19333;151
18670;19497;164
18671;19651;154
18672;19789;138
18673;19945;156
18674;20047;102
18675;20246;199
18676;20409;163
18677;20563;154
18678;20762;199
18679;20892;130
18680;21085;193
18681;21306;221
18682;21532;226
18683;21724;192
18684;21982;258
18685;22219;237
18686;22482;263
18687;22657;175
18688;22993;336
18689;23226;233
18690;23588;362
18691;23871;283
18692;24216;345
18693;24398;182
18694;24599;201
18695;24847;248
18696;25357;510
18697;25640;283
18698;25969;329
18699;26267;298
18700;26535;268
18701;26748;213
18702;27061;313
18703;27272;211
18704;27515;243
18705;27694;179
18706;27904;210
18707;28128;224
18708;28319;191
18709;28409;90
18710;28510;101
18711;28612;102
18712;28715;103
18713;28808;93
18714;28875;67
18715;28938;63
18716;28993;55
18717;29033;40
18718;29085;52
18719;29127;42
18720;29189;62
18721;29223;34
18722;29279;56
18723;29343;64
18724;29408;65
18725;29463;55
18726;29511;48
18727;29548;37
18728;29614;66
18729;29661;47
18730;29720;59
18731;29778;58
18732;29833;55
18733;29860;27
18734;29927;67
18735;29966;39
18736;30026;60
18737;30039;13
18738;30063;24
18739;30096;33
18740;30129;33
18741;30149;20
18742;30174;25
18743;30189;15
18744;30234;45
18745;30249;15
18746;30276;27
18747;30292;16
18748;30307;15
18749;30319;12
18750;30354;35
18751;30381;27
18752;30411;30
18753;30420;9
18754;30432;12
18755;30438;6
18756;30447;9
18757;30458;11
18758;30464;6
18759;30469;5
18760;30473;4
18761;30474;1
18762;30478;4
18763;30480;2
18764;30484;4
