condition;measurement;ncases
18283;0;0
18284;0;0
18285;0;0
18286;0;0
18287;0;0
18288;0;0
18289;0;0
18290;0;0
18291;0;0
18292;0;0
18293;0;0
18294;0;0
18295;0;0
18296;0;0
18297;0;0
18298;0;0
18299;0;0
18300;0;0
18301;0;0
18302;0;0
18303;0;0
18304;0;0
18305;0;0
18306;0;0
18307;0;0
18308;0;0
18309;0;0
18310;0;0
18311;0;0
18312;0;0
18313;0;0
18314;0;0
18315;0;0
18316;0;0
18317;0;0
18318;0;0
18319;0;0
18320;0;0
18321;0;0
18322;0;0
18323;0;0
18324;0;0
18325;0;0
18326;0;0
18327;0;0
18328;0;0
18329;0;0
18330;0;0
18331;0;0
18332;0;0
18333;0;0
18334;0;0
18335;1;1
18336;1;0
18337;1;0
18338;1;0
18339;1;0
18340;2;1
18341;2;0
18342;2;0
18343;2;0
18344;2;0
18345;2;0
18346;2;0
18347;3;1
18348;3;0
18349;5;2
18350;5;0
18351;5;0
18352;6;1
18353;6;0
18354;6;0
18355;6;0
18356;6;0
18357;6;0
18358;6;0
18359;6;0
18360;6;0
18361;7;1
18362;7;0
18363;7;0
18364;7;0
18365;7;0
18366;7;0
18367;7;0
18368;7;0
18369;7;0
18370;7;0
18371;7;0
18372;7;0
18373;7;0
18374;7;0
18375;7;0
18376;7;0
18377;7;0
18378;7;0
18379;7;0
18380;7;0
18381;8;1
18382;8;0
18383;8;0
18384;8;0
18385;8;0
18386;8;0
18387;8;0
18388;8;0
18389;8;0
18390;8;0
18391;8;0
18392;8;0
18393;8;0
18394;9;1
18395;15;6
18396;20;5
18397;29;9
18398;40;11
18399;62;22
18400;81;19
18401;131;50
18402;141;10
18403;173;32
18404;200;27
18405;227;27
18406;237;10
18407;262;25
18408;268;6
18409;292;24
18410;346;54
18411;423;77
18412;483;60
18413;530;47
18414;588;58
18415;668;80
18416;745;77
18417;784;39
18418;883;99
18419;947;64
18420;1049;102
18421;1104;55
18422;1162;58
18423;1283;121
18424;1439;156
18425;1572;133
18426;1682;110
18427;1783;101
18428;1887;104
18429;2057;170
18430;2223;166
18431;2424;201
18432;2621;197
18433;2813;192
18434;2984;171
18435;3121;137
18436;3292;171
18437;3519;227
18438;3739;220
18439;3907;168
18440;4025;118
18441;4149;124
18442;4237;88
18443;4363;126
18444;4472;109
18445;4606;134
18446;4705;99
18447;4827;122
18448;4879;52
18449;4948;69
18450;5024;76
18451;5087;63
18452;5126;39
18453;5203;77
18454;5275;72
18455;5355;80
18456;5446;91
18457;5518;72
18458;5564;46
18459;5659;95
18460;5710;51
18461;5813;103
18462;5873;60
18463;5923;50
18464;5985;62
18465;6027;42
18466;6067;40
18467;6116;49
18468;6151;35
18469;6171;20
18470;6208;37
18471;6249;41
18472;6273;24
18473;6295;22
18474;6310;15
18475;6319;9
18476;6323;4
18477;6382;59
18478;6418;36
18479;6444;26
18480;6444;0
18481;6498;54
18482;6510;12
18483;6523;13
18484;6555;32
18485;6598;43
18486;6622;24
18487;6653;31
18488;6676;23
18489;6693;17
18490;6701;8
18491;6762;61
18492;6789;27
18493;6829;40
18494;6848;19
18495;6885;37
18496;6894;9
18497;6905;11
18498;6928;23
18499;6960;32
18500;6977;17
18501;6993;16
18502;7012;19
18503;7012;0
18504;7016;4
18505;7048;32
18506;7075;27
18507;7089;14
18508;7106;17
18509;7126;20
18510;7134;8
18511;7142;8
18512;7165;23
18513;7165;0
18514;7191;26
18515;7222;31
18516;7266;44
18517;7274;8
18518;7276;2
18519;7295;19
18520;7319;24
18521;7332;13
18522;7346;14
18523;7361;15
18524;7365;4
18525;7368;3
18526;7384;16
18527;7403;19
18528;7425;22
18529;7433;8
18530;7457;24
18531;7462;5
18532;7464;2
18533;7474;10
18534;7488;14
18535;7502;14
18536;7505;3
18537;7511;6
18538;7517;6
18539;7520;3
18540;7523;3
18541;7529;6
18542;7535;6
18543;7540;5
18544;7548;8
18545;7550;2
18546;7550;0
18547;7554;4
18548;7565;11
18549;7572;7
18550;7585;13
18551;7603;18
18552;7607;4
18553;7608;1
18554;7621;13
18555;7634;13
18556;7638;4
18557;7650;12
18558;7662;12
18559;7663;1
18560;7664;1
18561;7677;13
18562;7680;3
18563;7688;8
18564;7700;12
18565;7700;0
18566;7703;3
18567;7704;1
18568;7704;0
18569;7724;20
18570;7744;20
18571;7777;33
18572;7804;27
18573;7814;10
18574;7820;6
18575;7833;13
18576;7848;15
18577;7885;37
18578;7900;15
18579;7932;32
18580;7948;16
18581;7952;4
18582;7979;27
18583;7994;15
18584;8010;16
18585;8034;24
18586;8075;41
18587;8096;21
18588;8128;32
18589;8167;39
18590;8193;26
18591;8246;53
18592;8288;42
18593;8424;136
18594;8458;34
18595;8547;89
18596;8601;54
18597;8710;109
18598;8863;153
18599;9005;142
18600;9181;176
18601;9359;178
18602;9516;157
18603;9679;163
18604;9876;197
18605;10105;229
18606;10268;163
18607;10501;233
18608;10780;279
18609;10971;191
18610;11135;164
18611;11431;296
18612;11629;198
18613;11805;176
18614;12046;241
18615;12278;232
18616;12418;140
18617;12567;149
18618;12745;178
18619;12944;199
18620;13118;174
18621;13264;146
18622;13516;252
18623;13642;126
18624;13778;136
18625;13989;211
18626;14191;202
18627;14364;173
18628;14581;217
18629;14677;96
18630;14794;117
18631;14875;81
18632;14981;106
18633;15111;130
18634;15214;103
18635;15352;138
18636;15429;77
18637;15512;83
18638;15611;99
18639;15707;96
18640;15794;87
18641;15893;99
18642;15963;70
18643;15999;36
18644;16039;40
18645;16081;42
18646;16147;66
18647;16212;65
18648;16266;54
18649;16322;56
18650;16357;35
18651;16397;40
18652;16421;24
18653;16460;39
18654;16506;46
18655;16543;37
18656;16576;33
18657;16608;32
18658;16635;27
18659;16662;27
18660;16689;27
18661;16720;31
18662;16740;20
18663;16777;37
18664;16792;15
18665;16807;15
18666;16827;20
18667;16868;41
18668;16902;34
18669;16925;23
18670;16954;29
18671;16965;11
18672;16974;9
18673;16996;22
18674;17016;20
18675;17041;25
18676;17058;17
18677;17071;13
18678;17083;12
18679;17095;12
18680;17110;15
18681;17130;20
18682;17158;28
18683;17179;21
18684;17187;8
18685;17196;9
18686;17207;11
18687;17217;10
18688;17235;18
18689;17252;17
18690;17267;15
18691;17285;18
18692;17309;24
18693;17322;13
18694;17340;18
18695;17365;25
18696;17385;20
18697;17394;9
18698;17410;16
18699;17424;14
18700;17438;14
18701;17457;19
18702;17487;30
18703;17521;34
18704;17542;21
18705;17570;28
18706;17587;17
18707;17601;14
18708;17630;29
18709;17658;28
18710;17690;32
18711;17712;22
18712;17745;33
18713;17756;11
18714;17771;15
18715;17796;25
18716;17824;28
18717;17847;23
18718;17878;31
18719;17904;26
18720;17917;13
18721;17927;10
18722;17939;12
18723;17955;16
18724;17974;19
18725;17995;21
18726;18005;10
18727;18012;7
18728;18022;10
18729;18035;13
18730;18052;17
18731;18066;14
18732;18072;6
18733;18103;31
18734;18121;18
18735;18129;8
18736;18142;13
18737;18156;14
18738;18175;19
18739;18192;17
18740;18207;15
18741;18240;33
18742;18257;17
18743;18282;25
18744;18314;32
18745;18346;32
18746;18377;31
18747;18402;25
18748;18429;27
18749;18448;19
18750;18476;28
18751;18503;27
18752;18542;39
18753;18576;34
18754;18613;37
18755;18636;23
18756;18667;31
18757;18691;24
18758;18691;0
18759;18745;54
18760;18767;22
18761;18781;14
18762;18806;25
18763;18828;22
18764;18858;30
