condition;measurement;ncases
18283;0;0
18284;0;0
18285;0;0
18286;0;0
18287;0;0
18288;0;0
18289;0;0
18290;0;0
18291;0;0
18292;0;0
18293;0;0
18294;0;0
18295;0;0
18296;0;0
18297;0;0
18298;0;0
18299;0;0
18300;0;0
18301;0;0
18302;0;0
18303;0;0
18304;0;0
18305;0;0
18306;0;0
18307;0;0
18308;0;0
18309;0;0
18310;0;0
18311;0;0
18312;0;0
18313;0;0
18314;0;0
18315;0;0
18316;0;0
18317;0;0
18318;0;0
18319;0;0
18320;0;0
18321;0;0
18322;0;0
18323;0;0
18324;0;0
18325;0;0
18326;0;0
18327;0;0
18328;0;0
18329;0;0
18330;0;0
18331;0;0
18332;0;0
18333;0;0
18334;0;0
18335;0;0
18336;0;0
18337;0;0
18338;2;2
18339;2;0
18340;3;1
18341;14;11
18342;14;0
18343;21;7
18344;27;6
18345;47;20
18346;52;5
18347;69;17
18348;82;13
18349;84;2
18350;85;1
18351;91;6
18352;109;18
18353;123;14
18354;144;21
18355;174;30
18356;201;27
18357;214;13
18358;233;19
18359;241;8
18360;248;7
18361;252;4
18362;255;3
18363;263;8
18364;272;9
18365;274;2
18366;283;9
18367;288;5
18368;303;15
18369;303;0
18370;307;4
18371;308;1
18372;312;4
18373;313;1
18374;315;2
18375;316;1
18376;319;3
18377;320;1
18378;321;1
18379;321;0
18380;321;0
18381;322;1
18382;322;0
18383;322;0
18384;322;0
18385;322;0
18386;323;1
18387;324;1
18388;324;0
18389;324;0
18390;324;0
18391;324;0
18392;324;0
18393;324;0
18394;324;0
18395;324;0
18396;324;0
18397;324;0
18398;324;0
18399;324;0
18400;324;0
18401;324;0
18402;324;0
18403;324;0
18404;324;0
18405;324;0
18406;324;0
18407;324;0
18408;324;0
18409;324;0
18410;324;0
18411;324;0
18412;324;0
18413;324;0
18414;324;0
18415;324;0
18416;324;0
18417;324;0
18418;324;0
18419;324;0
18420;324;0
18421;324;0
18422;324;0
18423;324;0
18424;324;0
18425;324;0
18426;324;0
18427;325;1
18428;326;1
18429;326;0
18430;333;7
18431;337;4
18432;355;18
18433;359;4
18434;362;3
18435;367;5
18436;378;11
18437;389;11
18438;414;25
18439;439;25
18440;469;30
18441;481;12
18442;501;20
18443;548;47
18444;576;28
18445;616;40
18446;663;47
18447;720;57
18448;781;61
18449;841;60
18450;907;66
18451;960;53
18452;1019;59
18453;1019;0
18454;1164;145
18455;1221;57
18456;1287;66
18457;1287;0
18458;1287;0
18459;1287;0
18460;1965;678
18461;2072;107
18462;2188;116
18463;2188;0
18464;2381;193
18465;2472;91
18466;2569;97
18467;2665;96
18468;2747;82
18469;2799;52
18470;2893;94
18471;2949;56
18472;3016;67
18473;3016;0
18474;3073;57
18475;3198;125
18476;3258;60
18477;3301;43
18478;3361;60
18479;3411;50
18480;3480;69
18481;3549;69
18482;3588;39
18483;3618;30
18484;3696;78
18485;3748;52
18486;3813;65
18487;3857;44
18488;3930;73
18489;3960;30
18490;4035;75
18491;4085;50
18492;4132;47
18493;4174;42
18494;4229;55
18495;4277;48
18496;4313;36
18497;4343;30
18498;4378;35
18499;4444;66
18500;4499;55
18501;4558;59
18502;4663;105
18503;4727;64
18504;4790;63
18505;4835;45
18506;4917;82
18507;5019;102
18508;5165;146
18509;5275;110
18510;5422;147
18511;5553;131
18512;5659;106
18513;5875;216
18514;6094;219
18515;6222;128
18516;6385;163
18517;6530;145
18518;6712;182
18519;6900;188
18520;7061;161
18521;7291;230
18522;7503;212
18523;7711;208
18524;7898;187
18525;8612;714
18526;8842;230
18527;9138;296
18528;9428;290
18529;9717;289
18530;9962;245
18531;10197;235
18532;10313;116
18533;10441;128
18534;10575;134
18535;10772;197
18536;10987;215
18537;11690;703
18538;11934;244
18539;12127;193
18540;12359;232
18541;12584;225
18542;12794;210
18543;13004;210
18544;13348;344
18545;13641;293
18546;13869;228
18547;14050;181
18548;14268;218
18549;14461;193
18550;14672;211
18551;15281;609
18552;15427;146
18553;15615;188
18554;15760;145
18555;15892;132
18556;16069;177
18557;16259;190
18558;16436;177
18559;16629;193
18560;16797;168
18561;16909;112
18562;17091;182
18563;17392;301
18564;17746;354
18565;18066;320
18566;18341;275
18567;18714;373
18568;19210;496
18569;19977;767
18570;20851;874
18571;21533;682
18572;22079;546
18573;22379;300
18574;22805;426
18575;23608;803
18576;24154;546
18577;24865;711
18578;25509;644
18579;26109;600
18580;26686;577
18581;27177;491
18582;27773;596
18583;28392;619
18584;29031;639
18585;29577;546
18586;30079;502
18587;30653;574
18588;31062;409
18589;31618;556
18590;32188;570
18591;32808;620
18592;33316;508
18593;33836;520
18594;34454;618
18595;34881;427
18596;35265;384
18597;35849;584
18598;36351;502
18599;36932;581
18600;37467;535
18601;37879;412
18602;38246;367
18603;38562;316
18604;39153;591
18605;39607;454
18606;40165;558
18607;40546;381
18608;40948;402
18609;41426;478
18610;41803;377
18611;42148;345
18612;42563;415
18613;42995;432
18614;43390;395
18615;43709;319
18616;43955;246
18617;44284;329
18618;44542;258
18619;45062;520
18620;45423;361
18621;45945;522
18622;46327;382
18623;46694;367
18624;46969;275
18625;47404;435
18626;47782;378
18627;48247;465
18628;48589;342
18629;48856;267
18630;49195;339
18631;49630;435
18632;50054;424
18633;50697;643
18634;51160;463
18635;51596;436
18636;51999;403
18637;52431;432
18638;52819;388
18639;53338;519
18640;53840;502
18641;54316;476
18642;54730;414
18643;55136;406
18644;55493;357
18645;55803;310
18646;56228;425
18647;56579;351
18648;56998;419
18649;57482;484
18650;57929;447
18651;58316;387
18652;58697;381
18653;59262;565
18654;59825;563
18655;60288;463
18656;60827;539
18657;61202;375
18658;61659;457
18659;61972;313
18660;62476;504
18661;63118;642
18662;63633;515
18663;64168;535
18664;64739;571
18665;65227;488
18666;65657;430
18667;66234;577
18668;66857;623
18669;67441;584
18670;68004;563
18671;68476;472
18672;68921;445
18673;69294;373
18674;69770;476
18675;70174;404
18676;70658;484
18677;71112;454
18678;71593;481
18679;71995;402
18680;72395;400
18681;72969;574
18682;73612;643
18683;74183;571
18684;74789;606
18685;75332;543
18686;75834;502
18687;76283;449
18688;76868;585
18689;77493;625
18690;78060;567
18691;78634;574
18692;79237;603
18693;79774;537
18694;80191;417
18695;80803;612
18696;81457;654
18697;82029;572
18698;82610;581
18699;83165;555
18700;83693;528
18701;84163;470
18702;84700;537
18703;85253;553
18704;85774;521
18705;86282;508
18706;86782;500
18707;87212;430
18708;87638;426
18709;88116;478
18710;88550;434
18711;88991;441
18712;89363;372
18713;89732;369
18714;90083;351
18715;90418;335
18716;90832;414
18717;91218;386
18718;91573;355
18719;91906;333
18720;92222;316
18721;92519;297
18722;92740;221
18723;93030;290
18724;93309;279
18725;93566;257
18726;93803;237
18727;94035;232
18728;94269;234
18729;94419;150
18730;94643;224
18731;94859;216
18732;95042;183
18733;95205;163
18734;95377;172
18735;95551;174
18736;95695;144
18737;95894;199
18738;96048;154
18739;96187;139
18740;96348;161
18741;96499;151
18742;96660;161
18743;96779;119
18744;96930;151
18745;97080;150
18746;97257;177
18747;97389;132
18748;97517;128
18749;97619;102
18750;97718;99
18751;97813;95
18752;97930;117
18753;98042;112
18754;98142;100
18755;98237;95
18756;98303;66
18757;98365;62
18758;98449;84
18759;98546;97
18760;98619;73
18761;98703;84
18762;98778;75
18763;98852;74
18764;98898;46
