condition;measurement;ncases
18283;0;0
18284;0;0
18285;0;0
18286;0;0
18287;0;0
18288;0;0
18289;0;0
18290;0;0
18291;0;0
18292;0;0
18293;0;0
18294;0;0
18295;0;0
18296;0;0
18297;0;0
18298;0;0
18299;0;0
18300;0;0
18301;0;0
18302;0;0
18303;0;0
18304;0;0
18305;0;0
18306;0;0
18307;0;0
18308;0;0
18309;0;0
18310;0;0
18311;0;0
18312;0;0
18313;0;0
18314;0;0
18315;0;0
18316;0;0
18317;0;0
18318;0;0
18319;0;0
18320;0;0
18321;0;0
18322;0;0
18323;1;1
18324;1;0
18325;1;0
18326;2;1
18327;2;0
18328;2;0
18329;2;0
18330;2;0
18331;3;1
18332;5;2
18333;6;1
18334;7;1
18335;17;10
18336;28;11
18337;29;1
18338;38;9
18339;49;11
18340;63;14
18341;77;14
18342;96;19
18343;115;19
18344;143;28
18345;170;27
18346;225;55
18347;275;50
18348;345;70
18349;402;57
18350;479;77
18351;556;77
18352;617;61
18353;654;37
18354;708;54
18355;791;83
18356;919;128
18357;1021;102
18358;1120;99
18359;1184;64
18360;1275;91
18361;1374;99
18362;1448;74
18363;1545;97
18364;1661;116
18365;1763;102
18366;1888;125
18367;2024;136
18368;2283;259
18369;2564;281
18370;2685;121
18371;2855;170
18372;3046;191
18373;3209;163
18374;3446;237
18375;3568;122
18376;3758;190
18377;3897;139
18378;4065;168
18379;4120;55
18380;4252;132
18381;4321;69
18382;4423;102
18383;4569;146
18384;4729;160
18385;4903;174
18386;5053;150
18387;5219;166
18388;5408;189
18389;5548;140
18390;5711;163
18391;5910;199
18392;6063;153
18393;6281;218
18394;6418;137
18395;6512;94
18396;6607;95
18397;6652;45
18398;6741;89
18399;6870;129
18400;6952;82
18401;7023;71
18402;7133;110
18403;7211;78
18404;7332;121
18405;7406;74
18406;7433;27
18407;7532;99
18408;7577;45
18409;7601;24
18410;7643;42
18411;7714;71
18412;7780;66
18413;7807;27
18414;7833;26
18415;7866;33
18416;7922;56
18417;8003;81
18418;8071;68
18419;8151;80
18420;8224;73
18421;8302;78
18422;8437;135
18423;8508;71
18424;8537;29
18425;8610;73
18426;8692;82
18427;8793;101
18428;8885;92
18429;8931;46
18430;8997;66
18431;9074;77
18432;9613;539
18433;9839;226
18434;9977;138
18435;10172;195
18436;10344;172
18437;10907;563
18438;11338;431
18439;11633;295
18440;11877;244
18441;12052;175
18442;12290;238
18443;12533;243
18444;12636;103
18445;12969;333
18446;13288;319
18447;13822;534
18448;14215;393
18449;14379;164
18450;14607;228
18451;14771;164
18452;15079;308
18453;15328;249
18454;15542;214
18455;15745;203
18456;15936;191
18457;16097;161
18458;16262;165
18459;16545;283
18460;16726;181
18461;17015;289
18462;17236;221
18463;17562;326
18464;17742;180
18465;17962;220
18466;18264;302
18467;18834;570
18468;19645;811
18469;20278;633
18470;20887;609
18471;21387;500
18472;22213;826
18473;23259;1046
18474;24322;1063
18475;25015;693
18476;25537;522
18477;26196;659
18478;27217;1021
18479;28500;1283
18480;29644;1144
18481;30662;1018
18482;32007;1345
18483;33237;1230
18484;34063;826
18485;35195;1132
18486;36694;1499
18487;37935;1241
18488;39241;1306
18489;41017;1776
18490;42489;1472
18491;43558;1069
18492;44803;1245
18493;46313;1510
18494;47638;1325
18495;49247;1609
18496;50812;1565
18497;52349;1537
18498;53252;903
18499;54528;1276
18500;55864;1336
18501;57085;1221
18502;58489;1404
18503;60056;1567
18504;61399;1343
18505;62590;1191
18506;63781;1191
18507;65453;1672
18508;66855;1402
18509;68605;1750
18510;70160;1555
18511;72394;2234
18512;73780;1386
18513;75721;1941
18514;77878;2157
18515;79767;1889
18516;82197;2430
18517;84435;2238
18518;86686;2251
18519;88203;1517
18520;90324;2121
18521;92016;1692
18522;94504;2488
18523;97264;2760
18524;99816;2552
18525;101743;1927
18526;103119;1376
18527;105346;2227
18528;107743;2397
18529;110099;2356
18530;112522;2423
18531;115241;2719
18532;117685;2444
18533;119107;1422
18534;121183;2076
18535;123653;2470
18536;126044;2391
18537;128565;2521
18538;131228;2663
18539;133272;2044
18540;134695;1423
18541;137248;2553
18542;140024;2776
18543;142953;2929
18544;146398;3445
18545;149841;3443
18546;152404;2563
18547;153761;1357
18548;156946;3185
18549;160333;3387
18550;163650;3317
18551;167148;3498
18552;170911;3763
18553;173632;2721
18554;175749;2117
18555;179003;3254
18556;182580;3577
18557;186731;4151
18558;190416;3685
18559;194461;4045
18560;197481;3020
18561;199745;2264
18562;203733;3988
18563;207718;3985
18564;212038;4320
18565;215294;3256
18566;219084;3790
18567;222544;3460
18568;225070;2526
18569;229565;4495
18570;235310;5745
18571;240951;5641
18572;246349;5398
18573;252185;5836
18574;256781;4596
18575;259951;3170
18576;265165;5214
18577;270626;5461
18578;276821;6195
18579;282336;5515
18580;288211;5875
18581;293177;4966
18582;296189;3012
18583;301604;5415
18584;306995;5391
18585;311554;4559
18586;316260;4706
18587;320962;4702
18588;324941;3979
18589;327528;2587
18590;331527;3999
18591;336506;4979
18592;340684;4178
18593;345276;4592
18594;349688;4412
18595;353803;4115
18596;356336;2533
18597;359844;3508
18598;364190;4346
18599;368624;4434
18600;372620;3996
18601;376738;4118
18602;379657;2919
18603;381188;1531
18604;384088;2900
18605;388184;4096
18606;391529;3345
18607;394564;3035
18608;397597;3033
18609;399609;2012
18610;400826;1217
18611;403619;2793
18612;406970;3351
18613;409746;2776
18614;412393;2647
18615;415226;2833
18616;417125;1899
18617;418002;877
18618;420648;2646
18619;423214;2566
18620;425864;2650
18621;428193;2329
18622;430562;2369
18623;432079;1517
18624;433029;950
18625;435189;2160
18626;437332;2143
18627;439193;1861
18628;440970;1777
18629;442141;1171
18630;443146;1005
18631;443802;656
18632;445439;1637
18633;447081;1642
18634;448678;1597
18635;450221;1543
18636;451637;1416
18637;452532;895
18638;452988;456
18639;453789;801
18640;455055;1266
18641;456334;1279
18642;457625;1291
18643;458865;1240
18644;459671;806
18645;460144;473
18646;461390;1246
18647;462542;1152
18648;463706;1164
18649;464844;1138
18650;465769;925
18651;466289;520
18652;466626;337
18653;467493;867
18654;468383;890
18655;469139;756
18656;469990;851
18657;470691;701
18658;471157;466
18659;471438;281
18660;472273;835
18661;473047;774
18662;473667;620
18663;474379;712
18664;474966;587
18665;475355;389
18666;475589;234
18667;476125;536
18668;476689;564
18669;477160;471
18670;477656;496
18671;478135;479
18672;478474;339
18673;478595;121
18674;479071;476
18675;479579;508
18676;480056;477
18677;480504;448
18678;480948;444
18679;481155;207
18680;481263;108
18681;481709;446
18682;482128;419
18683;482514;386
18684;482994;480
18685;483410;416
18686;483654;244
18687;483766;112
18688;484159;393
18689;484753;594
18690;485147;394
18691;485567;420
18692;485974;407
18693;486223;249
18694;486325;102
18695;486833;508
18696;487286;453
18697;487750;464
18698;488181;431
18699;488632;451
18700;488937;305
18701;489096;159
18702;489622;526
18703;490088;466
18704;490575;487
18705;491019;444
18706;491463;444
18707;491709;246
18708;491834;125
18709;492403;569
18710;492842;439
18711;493353;511
18712;493867;514
18713;494358;491
18714;494659;301
18715;494756;97
18716;495421;665
18717;496097;676
18718;496676;579
18719;497257;581
18720;497832;575
18721;498197;365
18722;498329;132
18723;499025;696
18724;499688;663
18725;500323;635
18726;500948;625
18727;501688;740
18728;502102;414
18729;502277;175
18730;502961;684
18731;503664;703
18732;504260;596
18733;504847;587
18734;505447;600
18735;505811;364
18736;505949;138
18737;506669;720
18738;507338;669
18739;507938;600
18740;508530;592
18741;509037;507
18742;509363;326
18743;509465;102
18744;509972;507
18745;510465;493
18746;510886;421
18747;511249;363
18748;511562;313
18749;511856;294
18750;511912;56
18751;512285;373
18752;512656;371
18753;513016;360
18754;513314;298
18755;513628;314
18756;513864;236
18757;513922;58
18758;514164;242
18759;514432;268
18760;514670;238
18761;514705;35
18762;514817;112
18763;514944;127
18764;515023;79
