condition;measurement;ncases
18283;0;0
18284;0;0
18285;0;0
18286;0;0
18287;0;0
18288;0;0
18289;0;0
18290;0;0
18291;0;0
18292;0;0
18293;0;0
18294;0;0
18295;0;0
18296;0;0
18297;0;0
18298;0;0
18299;0;0
18300;0;0
18301;0;0
18302;0;0
18303;0;0
18304;0;0
18305;0;0
18306;0;0
18307;0;0
18308;0;0
18309;0;0
18310;0;0
18311;0;0
18312;0;0
18313;0;0
18314;0;0
18315;0;0
18316;0;0
18317;0;0
18318;0;0
18319;0;0
18320;0;0
18321;0;0
18322;0;0
18323;0;0
18324;0;0
18325;0;0
18326;0;0
18327;0;0
18328;0;0
18329;0;0
18330;0;0
18331;0;0
18332;0;0
18333;0;0
18334;0;0
18335;0;0
18336;0;0
18337;0;0
18338;0;0
18339;0;0
18340;0;0
18341;0;0
18342;0;0
18343;1;1
18344;1;0
18345;3;2
18346;5;2
18347;7;2
18348;7;0
18349;8;1
18350;8;0
18351;8;0
18352;8;0
18353;10;2
18354;10;0
18355;10;0
18356;10;0
18357;10;0
18358;10;0
18359;10;0
18360;17;7
18361;17;0
18362;20;3
18363;20;0
18364;21;1
18365;21;0
18366;28;7
18367;29;1
18368;31;2
18369;34;3
18370;35;1
18371;39;4
18372;39;0
18373;39;0
18374;41;2
18375;46;5
18376;65;19
18377;70;5
18378;76;6
18379;76;0
18380;76;0
18381;76;0
18382;76;0
18383;79;3
18384;79;0
18385;80;1
18386;80;0
18387;81;1
18388;81;0
18389;81;0
18390;82;1
18391;87;5
18392;91;4
18393;103;12
18394;104;1
18395;104;0
18396;115;11
18397;119;4
18398;129;10
18399;137;8
18400;145;8
18401;146;1
18402;156;10
18403;162;6
18404;164;2
18405;168;4
18406;194;26
18407;209;15
18408;213;4
18409;227;14
18410;233;6
18411;234;1
18412;244;10
18413;254;10
18414;254;0
18415;307;53
18416;316;9
18417;352;36
18418;354;2
18419;409;55
18420;424;15
18421;433;9
18422;453;20
18423;472;19
18424;489;17
18425;509;20
18426;553;44
18427;583;30
18428;609;26
18429;638;29
18430;651;13
18431;662;11
18432;668;6
18433;688;20
18434;733;45
18435;737;4
18436;757;20
18437;762;5
18438;788;26
18439;816;28
18440;839;23
18441;859;20
18442;883;24
18443;889;6
18444;903;14
18445;918;15
18446;939;21
18447;969;30
18448;987;18
18449;1012;25
18450;1040;28
18451;1071;31
18452;1092;21
18453;1111;19
18454;1135;24
18455;1157;22
18456;1219;62
18457;1268;49
18458;1330;62
18459;1383;53
18460;1402;19
18461;1435;33
18462;1491;56
18463;1507;16
18464;1536;29
18465;1557;21
18466;1582;25
18467;1590;8
18468;1616;26
18469;1669;53
18470;1701;32
18471;1720;19
18472;1748;28
18473;1808;60
18474;1864;56
18475;1907;43
18476;1946;39
18477;1973;27
18478;2029;56
18479;2079;50
18480;2120;41
18481;2213;93
18482;2241;28
18483;2269;28
18484;2411;142
18485;2481;70
18486;2559;78
18487;2638;79
18488;2708;70
18489;2791;83
18490;2855;64
18491;2914;59
18492;2991;77
18493;3045;54
18494;3115;70
18495;3195;80
18496;3304;109
18497;3395;91
18498;3440;45
18499;3508;68
18500;3590;82
18501;3651;61
18502;3697;46
18503;3760;63
18504;3821;61
18505;3916;95
18506;4039;123
18507;4117;78
18508;4207;90
18509;4265;58
18510;4341;76
18511;4444;103
18512;4557;113
18513;4647;90
18514;4764;117
18515;4832;68
18516;4918;86
18517;5040;122
18518;5269;229
18519;5482;213
18520;5713;231
18521;5994;281
18522;6161;167
18523;6264;103
18524;6537;273
18525;6771;234
18526;6912;141
18527;7114;202
18528;7262;148
18529;7399;137
18530;7589;190
18531;7757;168
18532;7983;226
18533;8288;305
18534;8556;268
18535;8728;172
18536;8888;160
18537;8979;91
18538;9049;70
18539;9196;147
18540;9296;100
18541;9398;102
18542;9494;96
18543;9639;145
18544;9742;103
18545;9844;102
18546;10001;157
18547;10088;87
18548;10258;170
18549;10392;134
18550;10537;145
18551;10612;75
18552;10707;95
18553;10866;159
18554;11080;214
18555;11190;110
18556;11331;141
18557;11559;228
18558;11748;189
18559;11895;147
18560;11986;91
18561;12161;175
18562;12273;112
18563;12415;142
18564;12525;110
18565;12777;252
18566;12869;92
18567;12988;119
18568;13130;142
18569;13202;72
18570;13283;81
18571;13391;108
18572;13485;94
18573;13577;92
18574;13768;191
18575;13823;55
18576;13892;69
18577;13991;99
18578;14094;103
18579;14227;133
18580;14340;113
18581;14448;108
18582;14514;66
18583;14566;52
18584;14629;63
18585;14723;94
18586;14877;154
18587;14981;104
18588;15037;56
18589;15109;72
18590;15231;122
18591;15302;71
18592;15467;165
18593;15506;39
18594;15586;80
18595;15613;27
18596;15701;88
18597;15770;69
18598;15866;96
18599;15918;52
18600;16038;120
18601;16133;95
18602;16244;111
18603;16326;82
18604;16373;47
18605;16440;67
18606;16521;81
18607;16680;159
18608;16812;132
18609;16954;142
18610;17002;48
18611;17042;40
18612;17143;101
18613;17256;113
18614;17338;82
18615;17477;139
18616;17568;91
18617;17695;127
18618;17767;72
18619;17767;0
18620;18031;264
18621;18108;77
18622;18162;54
18623;18265;103
18624;18310;45
18625;18372;62
18626;18485;113
18627;18642;157
18628;18794;152
18629;18968;174
18630;19309;341
18631;19463;154
18632;19542;79
18633;19667;125
18634;19961;294
18635;20482;521
18636;21361;879
18637;21939;578
18638;22334;395
18639;22996;662
18640;23726;730
18641;24269;543
18642;25004;735
18643;25862;858
18644;26551;689
18645;27446;895
18646;28270;824
18647;29396;1126
18648;30225;829
18649;30848;623
18650;31628;780
18651;32418;790
18652;32781;363
18653;34055;1274
18654;34926;871
18655;35833;907
18656;37108;1275
18657;37705;597
18658;38654;949
18659;39460;806
18660;40260;800
18661;41433;1173
18662;42488;1055
18663;43184;696
18664;44112;928
18665;44600;488
18666;44912;312
18667;45785;873
18668;46736;951
18669;47790;1054
18670;48588;798
18671;49135;547
18672;50265;1130
18673;50691;426
18674;51800;1109
18675;52629;829
18676;53527;898
18677;54204;677
18678;54968;764
18679;55643;675
18680;56160;517
18681;56595;435
18682;56920;325
18683;57597;677
18684;58218;621
18685;58772;554
18686;59350;578
18687;59607;257
18688;59914;307
18689;60395;481
18690;61170;775
18691;61529;359
18692;62131;602
18693;62520;389
18694;62703;183
18695;62882;179
18696;63174;292
18697;63645;471
18698;64004;359
18699;64296;292
18700;64516;220
18701;64516;0
18702;64929;413
18703;65197;268
18704;65452;255
18705;65799;347
18706;66064;265
18707;66212;148
18708;66306;94
18709;66496;190
18710;66649;153
18711;66762;113
18712;66879;117
18713;67011;132
18714;67197;186
18715;67197;0
18716;67292;95
18717;67579;287
18718;67729;150
18719;67923;194
18720;68005;82
18721;68119;114
18722;68227;108
18723;68292;65
18724;68431;139
18725;68466;35
18726;68506;40
18727;68578;72
18728;68758;180
18729;68792;34
18730;68871;79
18731;68927;56
18732;69002;75
18733;69067;65
18734;69134;67
18735;69203;69
18736;69228;25
18737;69309;81
18738;69437;128
18739;69523;86
18740;69597;74
18741;69643;46
18742;69665;22
18743;69715;50
18744;69762;47
18745;69804;42
18746;69864;60
18747;69917;53
18748;69965;48
18749;69984;19
18750;70000;16
18751;70031;31
18752;70052;21
18753;70108;56
18754;70138;30
18755;70166;28
18756;70212;46
18757;70283;71
18758;70267;-16
18759;70287;20
18760;70315;28
18761;70361;46
18762;70410;49
18763;70442;32
18764;70463;21
