condition;measurement;ncases
18283;0;0
18284;0;0
18285;0;0
18286;1;1
18287;1;0
18288;1;0
18289;1;0
18290;1;0
18291;1;0
18292;1;0
18293;1;0
18294;1;0
18295;1;0
18296;1;0
18297;1;0
18298;1;0
18299;1;0
18300;1;0
18301;1;0
18302;1;0
18303;1;0
18304;1;0
18305;1;0
18306;1;0
18307;1;0
18308;1;0
18309;1;0
18310;1;0
18311;1;0
18312;1;0
18313;1;0
18314;1;0
18315;1;0
18316;1;0
18317;1;0
18318;1;0
18319;1;0
18320;1;0
18321;1;0
18322;1;0
18323;1;0
18324;1;0
18325;1;0
18326;1;0
18327;1;0
18328;1;0
18329;1;0
18330;1;0
18331;1;0
18332;1;0
18333;1;0
18334;1;0
18335;1;0
18336;1;0
18337;1;0
18338;1;0
18339;1;0
18340;1;0
18341;1;0
18342;1;0
18343;1;0
18344;2;1
18345;2;0
18346;3;1
18347;3;0
18348;4;1
18349;5;1
18350;5;0
18351;5;0
18352;5;0
18353;5;0
18354;6;1
18355;6;0
18356;9;3
18357;9;0
18358;9;0
18359;9;0
18360;9;0
18361;9;0
18362;9;0
18363;9;0
18364;12;3
18365;14;2
18366;16;2
18367;16;0
18368;16;0
18369;30;14
18370;31;1
18371;31;0
18372;31;0
18373;43;12
18374;45;2
18375;48;3
18376;49;1
18377;49;0
18378;52;3
18379;52;0
18380;54;2
18381;57;3
18382;57;0
18383;59;2
18384;59;0
18385;75;16
18386;75;0
18387;82;7
18388;99;17
18389;101;2
18390;102;1
18391;110;8
18392;110;0
18393;134;24
18394;217;83
18395;250;33
18396;249;-1
18397;267;18
18398;291;24
18399;295;4
18400;375;80
18401;402;27
18402;427;25
18403;457;30
18404;516;59
18405;584;68
18406;603;19
18407;682;79
18408;772;90
18409;886;114
18410;1042;156
18411;1212;170
18412;1401;189
18413;1572;171
18414;1811;239
18415;2099;288
18416;2300;201
18417;2634;334
18418;2912;278
18419;3235;323
18420;3448;213
18421;3762;314
18422;4086;324
18423;4364;278
18424;4614;250
18425;5062;448
18426;5335;273
18427;5760;425
18428;6211;451
18429;6591;380
18430;7177;586
18431;7848;671
18432;8274;426
18433;8605;331
18434;9026;421
18435;9561;535
18436;10099;538
18437;10728;629
18438;11162;434
18439;11755;593
18440;12309;554
18441;12772;463
18442;13248;476
18443;13564;316
18444;14046;482
18445;14519;473
18446;15259;740
18447;15491;232
18448;15784;293
18449;15964;180
18450;16168;204
18451;16423;255
18452;16531;108
18453;16649;118
18454;16719;70
18455;16801;82
18456;16945;144
18457;17061;116
18458;17177;116
18459;17344;167
18460;17445;101
18461;17502;57
18462;17658;156
18463;17844;186
18464;17994;150
18465;18094;100
18466;18241;147
18467;18374;133
18468;18483;109
18469;18613;130
18470;18752;139
18471;19063;311
18472;19273;210
18473;19547;274
18474;19771;224
18475;20086;315
18476;20332;246
18477;20750;418
18478;21009;259
18479;21390;381
18480;21750;360
18481;22214;464
18482;22592;378
18483;22972;380
18484;23310;338
18485;23948;638
18486;24432;484
18487;24957;525
18488;25551;594
18489;26019;468
18490;26660;641
18491;27241;581
18492;28257;1016
18493;28938;681
18494;29645;707
18495;30483;838
18496;31117;634
18497;31935;818
18498;32678;743
18499;33533;855
18500;34418;885
18501;35529;1111
18502;36456;927
18503;37340;884
18504;38561;1221
18505;39460;899
18506;40529;1069
18507;41649;1120
18508;42877;1228
18509;44236;1359
18510;45277;1041
18511;46257;980
18512;47236;979
18513;48138;902
18514;49219;1081
18515;50465;1246
18516;51919;1454
18517;53120;1201
18518;54159;1039
18519;55329;1170
18520;56788;1459
18521;58327;1539
18522;59573;1246
18523;61593;2020
18524;62797;1204
18525;64122;1325
18526;65276;1154
18527;66632;1356
18528;67804;1172
18529;69301;1497
18530;70614;1313
18531;71821;1207
18532;73394;1573
18533;74745;1351
18534;76258;1513
18535;77817;1559
18536;79728;1911
18537;82450;2722
18538;84570;2120
18539;86823;2253
18540;89263;2440
18541;90814;1551
18542;94253;3439
18543;98617;4364
18544;100676;2059
18545;105684;5008
18546;107755;2071
18547;111802;4047
18548;115358;3556
18549;117996;2638
18550;121745;3749
18551;126137;4392
18552;129304;3167
18553;132246;2942
18554;136036;3790
18555;139129;3093
18556;144872;5743
18557;148509;3637
18558;153008;4499
18559;155233;2225
18560;158089;2856
18561;159830;1741
18562;160400;570
18563;162354;1954
18564;164718;2364
18565;168235;3517
18566;170743;2508
18567;173567;2824
18568;176500;2933
18569;179614;3114
18570;182923;3309
18571;185974;3051
18572;188883;2909
18573;191636;2753
18574;194453;2817
18575;197024;2571
18576;199760;2736
18577;202329;2569
18578;204242;1913
18579;206353;2111
18580;208299;1946
18581;209776;1477
18582;210973;1197
18583;211475;502
18584;212917;1442
18585;215020;2103
18586;216965;1945
18587;218639;1674
18588;220308;1669
18589;222288;1980
18590;224078;1790
18591;226026;1948
18592;227640;1614
18593;229343;1703
18594;230723;1380
18595;231978;1255
18596;233452;1474
18597;233452;0
18598;236246;2794
18599;237589;1343
18600;238861;1272
18601;239885;1024
18602;240981;1096
18603;241995;1014
18604;243377;1382
18605;244433;1056
18606;245650;1217
18607;246694;1044
18608;247593;899
18609;248423;830
18610;249244;821
18611;250180;936
18612;250916;736
18613;251692;776
18614;252474;782
18615;253184;710
18616;253772;588
18617;254514;742
18618;255236;722
18619;255979;743
18620;256592;613
18621;257200;608
18622;257700;500
18623;258181;481
18624;258840;659
18625;259548;708
18626;260059;511
18627;260593;534
18628;261019;426
18629;261438;419
18630;261859;421
18631;262262;403
18632;262784;522
18633;263193;409
18634;263605;412
18635;264159;554
18636;264521;362
18637;264780;259
18638;265268;488
18639;265698;430
18640;266143;445
18641;266546;403
18642;266816;270
18643;267056;240
18644;267322;266
18645;267644;322
18646;267992;348
18647;268310;318
18648;268646;336
18649;268948;302
18650;269180;232
18651;269450;270
18652;269789;339
18653;270092;303
18654;270375;283
18655;270588;213
18656;270745;157
18657;270854;109
18658;270959;105
18659;271118;159
18660;271289;171
18661;271431;142
18662;271602;171
18663;271707;105
18664;271806;99
18665;271925;119
18666;272055;130
18667;272215;160
18668;272349;134
18669;272430;81
18670;272557;127
18671;272614;57
18672;272718;104
18673;272840;122
18674;272945;105
18675;273070;125
18676;273166;96
18677;273263;97
18678;273351;88
18679;273431;80
18680;273556;125
18681;273666;110
18682;273760;94
18683;273872;112
18684;273984;112
18685;274065;81
18686;274143;78
18687;274216;73
18688;274294;78
18689;274381;87
18690;274488;107
18691;274608;120
18692;274655;47
18693;274721;66
18694;274810;89
18695;274869;59
18696;274973;104
18697;275070;97
18698;275118;48
18699;275178;60
18700;275231;53
18701;275310;79
18702;275424;114
18703;275518;94
18704;275625;107
18705;275750;125
18706;275829;79
18707;275906;77
18708;276056;150
18709;276244;188
18710;276389;145
18711;276509;120
18712;276665;156
18713;276750;85
18714;276839;89
18715;276980;141
18716;277147;167
18717;277309;162
18718;277461;152
18719;277640;179
18720;277768;128
18721;277944;176
18722;278210;266
18723;278470;260
18724;278768;298
18725;279100;332
18726;279388;288
18727;279725;337
18728;280028;303
18729;280524;496
18730;280984;460
18731;281564;580
18732;282054;490
18733;282890;836
18734;283658;768
18735;284673;1015
18736;285900;1227
18737;287567;1667
18738;289787;2220
18739;292152;2365
18740;294601;2449
18741;297087;2486
18742;300119;3032
18743;303561;3442
18744;307925;4364
18745;312699;4774
18746;317530;4831
18747;323187;5657
18748;328893;5706
18749;336030;7137
18750;343418;7388
18751;351005;7587
18752;359610;8605
18753;368580;8970
18754;377603;9023
18755;385890;8287
18756;394667;8777
18757;403794;9127
18758;413111;9317
18759;422349;9238
18760;431191;8842
18761;439658;8467
18762;447704;8046
18763;455020;7316
18764;464218;9198
