condition;measurement;ncases
18283;0;0
18284;0;0
18285;0;0
18286;0;0
18287;0;0
18288;0;0
18289;0;0
18290;0;0
18291;0;0
18292;0;0
18293;0;0
18294;0;0
18295;0;0
18296;0;0
18297;0;0
18298;0;0
18299;0;0
18300;0;0
18301;0;0
18302;0;0
18303;0;0
18304;0;0
18305;0;0
18306;0;0
18307;0;0
18308;0;0
18309;0;0
18310;0;0
18311;0;0
18312;0;0
18313;0;0
18314;0;0
18315;0;0
18316;0;0
18317;0;0
18318;0;0
18319;0;0
18320;1;1
18321;1;0
18322;1;0
18323;1;0
18324;1;0
18325;3;2
18326;3;0
18327;4;1
18328;5;1
18329;5;0
18330;5;0
18331;5;0
18332;5;0
18333;5;0
18334;5;0
18335;6;1
18336;8;2
18337;8;0
18338;12;4
18339;20;8
18340;28;8
18341;39;11
18342;52;13
18343;102;50
18344;102;0
18345;155;53
18346;205;50
18347;283;78
18348;368;85
18349;451;83
18350;514;63
18351;589;75
18352;647;58
18353;708;61
18354;797;89
18355;868;71
18356;950;82
18357;1039;89
18358;1106;67
18359;1160;54
18360;1210;50
18361;1239;29
18362;1283;44
18363;1312;29
18364;1330;18
18365;1349;19
18366;1366;17
18367;1386;20
18368;1401;15
18369;1409;8
18370;1422;13
18371;1431;9
18372;1440;9
18373;1445;5
18374;1451;6
18375;1456;5
18376;1461;5
18377;1470;9
18378;1469;-1
18379;1472;3
18380;1474;2
18381;1476;2
18382;1479;3
18383;1485;6
18384;1487;2
18385;1487;0
18386;1486;-1
18387;1488;2
18388;1489;1
18389;1490;1
18390;1492;2
18391;1494;2
18392;1497;3
18393;1497;0
18394;1497;0
18395;1497;0
18396;1498;1
18397;1498;0
18398;1499;1
18399;1499;0
18400;1499;0
18401;1503;4
18402;1503;0
18403;1504;1
18404;1504;0
18405;1504;0
18406;1504;0
18407;1504;0
18408;1504;0
18409;1504;0
18410;1504;0
18411;1504;0
18412;1504;0
18413;1504;0
18414;1504;0
18415;1504;0
18416;1504;0
18417;1504;0
18418;1504;0
18419;1504;0
18420;1504;0
18421;1504;0
18422;1504;0
18423;1504;0
18424;1504;0
18425;1504;0
18426;1504;0
18427;1504;0
18428;1506;2
18429;1506;0
18430;1507;1
18431;1507;0
18432;1509;2
18433;1511;2
18434;1513;2
18435;1515;2
18436;1516;1
18437;1519;3
18438;1520;1
18439;1522;2
18440;1526;4
18441;1528;2
18442;1528;0
18443;1528;0
18444;1530;2
18445;1530;0
18446;1530;0
18447;1533;3
18448;1534;1
18449;1536;2
18450;1537;1
18451;1540;3
18452;1542;2
18453;1543;1
18454;1544;1
18455;1544;0
18456;1545;1
18457;1547;2
18458;1548;1
18459;1549;1
18460;1550;1
18461;1553;3
18462;1554;1
18463;1555;1
18464;1555;0
18465;1555;0
18466;1556;1
18467;1556;0
18468;1556;0
18469;1556;0
18470;1557;1
18471;1559;2
18472;1560;1
18473;1560;0
18474;1562;2
18475;1565;3
18476;1567;2
18477;1567;0
18478;1569;2
18479;1569;0
18480;1569;0
18481;1569;0
18482;1569;0
18483;1569;0
18484;1570;1
18485;1570;0
18486;1589;19
18487;1602;13
18488;1609;7
18489;1622;13
18490;1631;9
18491;1643;12
18492;1649;6
18493;1654;5
18494;1665;11
18495;1671;6
18496;1674;3
18497;1683;9
18498;1690;7
18499;1695;5
18500;1702;7
18501;1714;12
18502;1727;13
18503;1729;2
18504;1738;9
18505;1752;14
18506;1757;5
18507;1759;2
18508;1764;5
18509;1767;3
18510;1772;5
18511;1776;4
18512;1782;6
18513;1788;6
18514;1792;4
18515;1793;1
18516;1795;2
18517;1797;2
18518;1798;1
18519;1801;3
18520;1802;1
18521;1809;7
18522;1809;0
18523;1811;2
18524;1815;4
18525;1815;0
18526;1815;0
18527;1824;9
18528;1827;3
18529;1829;2
18530;1831;2
18531;1833;2
18532;1833;0
18533;1835;2
18534;1836;1
18535;1848;12
18536;1848;0
18537;1849;1
18538;1854;5
18539;1855;1
18540;1858;3
18541;1861;3
18542;1864;3
18543;1866;2
18544;1870;4
18545;1871;1
18546;1871;0
18547;1872;1
18548;1874;2
18549;1876;2
18550;1880;4
18551;1883;3
18552;1886;3
18553;1886;0
18554;1887;1
18555;1912;25
18556;1914;2
18557;1923;9
18558;1934;11
18559;1935;1
18560;1940;5
18561;1941;1
18562;1943;2
18563;1949;6
18564;1950;1
18565;1957;7
18566;1959;2
18567;1963;4
18568;1968;5
18569;1971;3
18570;1973;2
18571;1974;1
18572;1976;2
18573;1982;6
18574;1986;4
18575;1987;1
18576;1988;1
18577;1991;3
18578;1995;4
18579;1998;3
18580;2001;3
18581;2001;0
18582;2005;4
18583;2008;3
18584;2010;2
18585;2013;3
18586;2019;6
18587;2028;9
18588;2030;2
18589;2031;1
18590;2039;8
18591;2040;1
18592;2047;7
18593;2050;3
18594;2050;0
18595;2056;6
18596;2059;3
18597;2060;1
18598;2069;9
18599;2069;0
18600;2078;9
18601;2078;0
18602;2079;1
18603;2085;6
18604;2088;3
18605;2088;0
18606;2092;4
18607;2092;0
18608;2096;4
18609;2096;0
18610;2096;0
18611;2100;4
18612;2100;0
18613;2110;10
18614;2110;0
18615;2116;6
18616;2121;5
18617;2121;0
18618;2128;7
18619;2128;0
18620;2128;0
18621;2128;0
18622;2144;16
18623;2144;0
18624;2151;7
18625;2151;0
18626;2162;11
18627;2162;0
18628;2162;0
18629;2181;19
18630;2181;0
18631;2186;5
18632;2186;0
18633;2188;2
18634;2188;0
18635;2188;0
18636;2219;31
18637;2222;3
18638;2222;0
18639;2228;6
18640;2228;0
18641;2246;18
18642;2246;0
18643;2256;10
18644;2262;6
18645;2262;0
18646;2267;5
18647;2267;0
18648;2276;9
18649;2276;0
18650;2283;7
18651;2288;5
18652;2290;2
18653;2295;5
18654;2299;4
18655;2305;6
18656;2303;-2
18657;2304;1
18658;2304;0
18659;2307;3
18660;2308;1
18661;2313;5
18662;2315;2
18663;2315;0
18664;2320;5
18665;2320;0
18666;2322;2
18667;2324;2
18668;2324;0
18669;2326;2
18670;2328;2
18671;2330;2
18672;2336;6
18673;2337;1
18674;2340;3
18675;2344;4
18676;2348;4
18677;2350;2
18678;2350;0
18679;2357;7
18680;2363;6
18681;2365;2
18682;2368;3
18683;2371;3
18684;2372;1
18685;2376;4
18686;2378;2
18687;2382;4
18688;2384;2
18689;2389;5
18690;2389;0
18691;2398;9
18692;2399;1
18693;2405;6
18694;2409;4
18695;2410;1
18696;2416;6
18697;2417;1
18698;2422;5
18699;2423;1
18700;2430;7
18701;2432;2
18702;2434;2
18703;2434;0
18704;2444;10
18705;2444;0
18706;2453;9
18707;2462;9
18708;2462;0
18709;2470;8
18710;2476;6
18711;2479;3
18712;2481;2
18713;2482;1
18714;2493;11
18715;2495;2
18716;2497;2
18717;2501;4
18718;2501;0
18719;2501;0
18720;2501;0
18721;2507;6
18722;2524;17
18723;2531;7
18724;2555;24
18725;2561;6
18726;2571;10
18727;2574;3
18728;2583;9
18729;2587;4
18730;2589;2
18731;2591;2
18732;2591;0
18733;2591;0
18734;2595;4
18735;2596;1
18736;2597;1
18737;2599;2
18738;2600;1
18739;2600;0
18740;2600;0
18741;2601;1
18742;2601;0
18743;2609;8
18744;2609;0
18745;2613;4
18746;2613;0
18747;2613;0
18748;2618;5
18749;2622;4
18750;2623;1
18751;2629;6
18752;2633;4
18753;2634;1
18754;2634;0
18755;2642;8
18756;2644;2
18757;2644;0
18758;2643;-1
18759;2644;1
18760;2645;1
18761;2645;0
18762;2646;1
18763;2651;5
18764;2653;2
