condition;measurement;ncases
18283;0;0
18284;0;0
18285;0;0
18286;0;0
18287;0;0
18288;0;0
18289;0;0
18290;0;0
18291;0;0
18292;0;0
18293;0;0
18294;0;0
18295;0;0
18296;0;0
18297;0;0
18298;0;0
18299;0;0
18300;0;0
18301;0;0
18302;0;0
18303;0;0
18304;0;0
18305;0;0
18306;0;0
18307;0;0
18308;0;0
18309;0;0
18310;0;0
18311;0;0
18312;0;0
18313;0;0
18314;0;0
18315;0;0
18316;0;0
18317;0;0
18318;1;1
18319;1;0
18320;6;5
18321;15;9
18322;19;4
18323;25;6
18324;32;7
18325;56;24
18326;87;31
18327;108;21
18328;147;39
18329;176;29
18330;205;29
18331;400;195
18332;598;198
18333;702;104
18334;996;294
18335;1090;94
18336;1221;131
18337;1333;112
18338;1463;130
18339;1550;87
18340;1746;196
18341;1914;168
18342;2118;204
18343;2385;267
18344;2621;236
18345;2863;242
18346;3084;221
18347;3369;285
18348;3755;386
18349;4015;260
18350;4284;269
18351;4445;161
18352;4641;196
18353;4863;222
18354;5147;284
18355;5370;223
18356;5550;180
18357;5687;137
18358;5865;178
18359;6086;221
18360;6086;0
18361;6211;125
18362;6314;103
18363;6409;95
18364;6525;116
18365;6603;78
18366;6623;20
18367;6740;117
18368;6896;156
18369;6937;41
18370;7036;99
18371;7078;42
18372;7156;78
18373;7191;35
18374;7338;147
18375;7401;63
18376;7463;62
18377;7499;36
18378;7527;28
18379;7599;72
18380;7660;61
18381;7710;50
18382;7738;28
18383;7783;45
18384;7809;26
18385;7847;38
18386;7904;57
18387;7955;51
18388;7996;41
18389;8034;38
18390;8070;36
18391;8099;29
18392;8105;6
18393;8132;27
18394;8157;25
18395;8175;18
18396;8196;21
18397;8219;23
18398;8237;18
18399;8249;12
18400;8257;8
18401;8267;10
18402;8281;14
18403;8309;28
18404;8332;23
18405;8346;14
18406;8352;6
18407;8364;12
18408;8383;19
18409;8401;18
18410;8411;10
18411;8422;11
18412;8437;15
18413;8440;3
18414;8446;6
18415;8455;9
18416;8477;22
18417;8504;27
18418;8522;18
18419;8531;9
18420;8547;16
18421;8561;14
18422;8576;15
18423;8594;18
18424;8608;14
18425;8620;12
18426;8628;8
18427;8631;3
18428;8647;16
18429;8660;13
18430;8692;32
18431;8708;16
18432;8726;18
18433;8742;16
18434;8745;3
18435;8751;6
18436;8772;21
18437;8788;16
18438;8788;0
18439;8832;44
18440;8846;14
18441;8855;9
18442;8862;7
18443;8879;17
18444;8896;17
18445;8902;6
18446;8921;19
18447;8926;5
18448;8930;4
18449;8936;6
18450;8947;11
18451;8950;3
18452;8965;15
18453;8974;9
18454;8977;3
18455;8981;4
18456;8984;3
18457;9001;17
18458;9011;10
18459;9015;4
18460;9025;10
18461;9028;3
18462;9028;0
18463;9034;6
18464;9053;19
18465;9059;6
18466;9085;26
18467;9092;7
18468;9111;19
18469;9117;6
18470;9132;15
18471;9150;18
18472;9172;22
18473;9208;36
18474;9240;32
18475;9253;13
18476;9268;15
18477;9334;66
18478;9362;28
18479;9409;47
18480;9468;59
18481;9551;83
18482;9599;48
18483;9638;39
18484;9684;46
18485;9751;67
18486;9783;32
18487;9851;68
18488;9908;57
18489;9965;57
18490;10005;40
18491;10060;55
18492;10111;51
18493;10162;51
18494;10197;35
18495;10275;78
18496;10299;24
18497;10323;24
18498;10395;72
18499;10454;59
18500;10504;50
18501;10542;38
18502;10582;40
18503;10611;29
18504;10643;32
18505;10782;139
18506;10871;89
18507;11034;163
18508;11120;86
18509;11231;111
18510;11296;65
18511;11388;92
18512;11521;133
18513;11623;102
18514;11746;123
18515;11867;121
18516;12003;136
18517;12079;76
18518;12154;75
18519;12276;122
18520;12393;117
18521;12498;105
18522;12644;146
18523;12769;125
18524;12858;89
18525;12897;39
18526;13005;108
18527;13153;148
18528;13277;124
18529;13406;129
18530;13545;139
18531;13627;82
18532;13698;71
18533;13788;90
18534;13915;127
18535;14027;112
18536;14149;122
18537;14284;135
18538;14362;78
18539;14457;95
18540;14605;148
18541;14784;179
18542;15013;229
18543;15221;208
18544;15388;167
18545;15466;78
18546;15524;58
18547;15639;115
18548;15793;154
18549;15953;160
18550;16137;184
18551;16272;135
18552;16369;97
18553;16457;88
18554;16603;146
18555;16772;169
18556;16964;192
18557;17234;270
18558;17532;298
18559;17749;217
18560;17909;160
18561;18342;433
18562;18666;324
18563;19069;403
18564;19564;495
18565;20062;498
18566;20331;269
18567;20635;304
18568;21339;704
18569;21956;617
18570;22578;622
18571;23229;651
18572;23835;606
18573;24243;408
18574;24732;489
18575;25325;593
18576;25887;562
18577;26511;624
18578;27228;717
18579;27916;688
18580;28434;518
18581;28434;0
18582;28434;0
18583;30114;1680
18584;30770;656
18585;31441;671
18586;32014;573
18587;32352;338
18588;32765;413
18589;33183;418
18590;33717;534
18591;34268;551
18592;34748;480
18593;35193;445
18594;35546;353
18595;35828;282
18596;36150;322
18597;36591;441
18598;36969;378
18599;37371;402
18600;37801;430
18601;38073;272
18602;38323;250
18603;38703;380
18604;39163;460
18605;39525;362
18606;40023;498
18607;40439;416
18608;40803;364
18609;41003;200
18610;41334;331
18611;41852;518
18612;42312;460
18613;42776;464
18614;43207;431
18615;43582;375
18616;43905;323
18617;44336;431
18618;44932;596
18619;45455;523
18620;45931;476
18621;46248;317
18622;46678;430
18623;47059;381
18624;47585;526
18625;48278;693
18626;49010;732
18627;49567;557
18628;49803;236
18629;50266;463
18630;50716;450
18631;51245;529
18632;52180;935
18633;52967;787
18634;53792;825
18635;54476;684
18636;54919;443
18637;55474;555
18638;55903;429
18639;56615;712
18640;57282;667
18641;57736;454
18642;58202;466
18643;58445;243
18644;58651;206
18645;59034;383
18646;59456;422
18647;59887;431
18648;60259;372
18649;60565;306
18650;60803;238
18651;61082;279
18652;61315;233
18653;61594;279
18654;61961;367
18655;62276;315
18656;62575;299
18657;62793;218
18658;62966;173
18659;63262;296
18660;63553;291
18661;63839;286
18662;64212;373
18663;64483;271
18664;64653;170
18665;64772;119
18666;65118;346
18667;65338;220
18668;65547;209
18669;65811;264
18670;66236;425
18671;66392;156
18672;66501;109
18673;66854;353
18674;67140;286
18675;67498;358
18676;67824;326
18677;68107;283
18678;68315;208
18679;68532;217
18680;68758;226
18681;69148;390
18682;69489;341
18683;70040;551
18684;70564;524
18685;70826;262
18686;71006;180
18687;71735;729
18688;72234;499
18689;72923;689
18690;73493;570
18691;74183;690
18692;74546;363
18693;74942;396
18694;75770;828
18695;76484;714
18696;77169;685
18697;78041;872
18698;78946;905
18699;79800;854
18700;80440;640
18701;81305;865
18702;82455;1150
18703;83519;1064
18704;84553;1034
18705;85542;989
18706;86362;820
18707;86939;577
18708;88035;1096
18709;89120;1085
18710;90104;984
18711;90935;831
18712;92007;1072
18713;92469;462
18714;93150;681
18715;94139;989
18716;95208;1069
18717;96079;871
18718;96770;691
18719;97410;640
18720;98102;692
18721;98676;574
18722;99249;573
18723;100149;900
18724;101082;933
18725;101960;878
18726;102719;759
18727;102974;255
18728;103621;647
18729;104269;648
18730;105008;739
18731;105607;599
18732;106224;617
18733;106727;503
18734;107144;417
18735;107510;366
18736;108028;518
18737;108342;314
18738;109137;795
18739;109581;444
18740;110061;480
18741;110390;329
18742;110612;222
18743;111162;550
18744;111686;524
18745;112156;470
18746;112541;385
18747;112970;429
18748;113259;289
18749;113469;210
18750;113952;483
18751;114436;484
18752;114905;469
18753;115411;506
18754;115818;407
18755;116134;316
18756;116365;231
18757;117022;657
18758;117495;473
18759;117995;500
18760;118315;320
18761;118740;425
18762;119052;312
18763;119299;247
18764;119500;201
