condition;measurement;ncases
18283;0;0
18284;0;0
18285;0;0
18286;0;0
18287;0;0
18288;0;0
18289;0;0
18290;0;0
18291;0;0
18292;0;0
18293;0;0
18294;0;0
18295;0;0
18296;0;0
18297;0;0
18298;0;0
18299;0;0
18300;0;0
18301;0;0
18302;0;0
18303;0;0
18304;0;0
18305;0;0
18306;0;0
18307;0;0
18308;0;0
18309;0;0
18310;0;0
18311;0;0
18312;0;0
18313;0;0
18314;0;0
18315;0;0
18316;0;0
18317;2;2
18318;2;0
18319;2;0
18320;4;2
18321;4;0
18322;4;0
18323;5;1
18324;5;0
18325;5;0
18326;6;1
18327;6;0
18328;6;0
18329;6;0
18330;16;10
18331;19;3
18332;20;1
18333;28;8
18334;31;3
18335;53;22
18336;136;83
18337;236;100
18338;299;63
18339;454;155
18340;501;47
18341;730;229
18342;776;46
18343;875;99
18344;972;97
18345;1063;91
18346;1201;138
18347;1373;172
18348;1495;122
18349;1597;102
18350;1717;120
18351;1938;221
18352;2118;180
18353;2421;303
18354;2686;265
18355;2818;132
18356;3157;339
18357;3766;609
18358;4035;269
18359;4263;228
18360;4489;226
18361;4695;206
18362;5011;316
18363;5230;219
18364;5496;266
18365;5837;341
18366;6383;546
18367;6919;536
18368;7025;106
18369;7638;613
18370;8348;710
18371;8418;70
18372;9565;1147
18373;10076;511
18374;11155;1079
18375;11940;785
18376;12723;783
18377;13328;605
18378;13915;587
18379;14612;697
18380;15525;913
18381;16817;1292
18382;18114;1297
18383;19103;989
18384;20084;981
18385;20941;857
18386;22049;1108
18387;24073;2024
18388;24644;571
18389;26435;1791
18390;28736;2301
18391;30334;1598
18392;32081;1747
18393;34336;2255
18394;35298;962
18395;35788;490
18396;38799;3011
18397;38799;0
18398;40151;1352
18399;42125;1974
18400;43966;1841
18401;45898;1932
18402;48091;2193
18403;50694;2603
18404;52437;1743
18405;54601;2164
18406;56349;1748
18407;57705;1356
18408;59151;1446
18409;61227;2076
18410;64028;2801
18411;66457;2429
18412;69496;3039
18413;72460;2964
18414;76398;3938
18415;80463;4065
18416;85264;4801
18417;89249;3985
18418;93983;4734
18419;98943;4960
18420;103671;4728
18421;108317;4646
18422;113702;5385
18423;119536;5834
18424;125933;6397
18425;125933;0
18426;132405;6472
18427;144478;12073
18428;148921;4443
18429;154760;5839
18430;160118;5358
18431;165062;4944
18432;171666;6604
18433;176617;4951
18434;181088;4471
18435;185034;3946
18436;188926;3892
18437;192970;4044
18438;195745;2775
18439;198883;3138
18440;202955;4072
18441;206512;3557
18442;209337;2825
18443;213470;4133
18444;217809;4339
18445;221896;4087
18446;221896;0
18447;225283;3387
18448;231818;6535
18449;234509;2691
18450;237489;2980
18451;240848;3359
18452;243599;2751
18453;246351;2752
18454;248872;2521
18455;251625;2753
18456;253604;1979
18457;255769;2165
18458;257914;2145
18459;257914;0
18460;261917;4003
18461;263496;1579
18462;265083;1587
18463;266096;1013
18464;267428;1332
18465;269191;1763
18466;270400;1209
18467;271887;1487
18468;273113;1226
18469;273113;0
18470;274289;1176
18471;275225;936
18472;276288;1063
18473;277402;1114
18474;278305;903
18475;278305;0
18476;279699;1394
18477;280461;762
18478;280461;0
18479;281136;675
18480;281863;727
18481;282645;782
18482;283487;842
18483;284121;634
18484;284660;539
18485;285191;531
18486;285921;730
18487;286674;753
18488;287300;626
18489;288047;747
18490;289215;1168
18491;289215;0
18492;289832;617
18493;290445;613
18494;290958;513
18495;291588;630
18496;292174;586
18497;293261;1087
18498;293261;0
18499;293711;450
18500;294193;482
18501;294638;445
18502;295053;415
18503;295372;319
18504;295636;264
18505;295849;213
18506;296149;300
18507;297014;865
18508;297512;498
18509;298025;513
18510;298025;0
18511;298903;878
18512;299233;330
18513;299659;426
18514;300030;371
18515;300371;341
18516;300955;584
18517;301481;526
18518;302020;539
18519;302424;404
18520;303089;665
18521;303634;545
18522;304386;752
18523;305031;645
18524;305671;640
18525;306304;633
18526;306886;582
18527;307418;532
18528;308217;799
18529;309015;798
18530;309581;566
18531;310275;694
18532;310841;566
18533;311516;675
18534;312263;747
18535;312806;543
18536;313431;625
18537;313984;553
18538;314616;632
18539;314616;0
18540;315727;1111
18541;316351;624
18542;316934;583
18543;317595;661
18544;318266;671
18545;318932;666
18546;319317;385
18547;319848;531
18548;320463;615
18549;321218;755
18550;321877;659
18551;322452;575
18552;323019;567
18553;323452;433
18554;324034;582
18555;324744;710
18556;325480;736
18557;326216;736
18558;327063;847
18559;327895;832
18560;328602;707
18561;329375;773
18562;330200;825
18563;331108;908
18564;332186;1078
18565;332993;807
18566;333970;977
18567;335093;1123
18568;336260;1167
18569;337573;1313
18570;338875;1302
18571;340251;1376
18572;341753;1502
18573;343189;1436
18574;344839;1650
18575;346476;1637
18576;348184;1708
18577;349992;1808
18578;352296;2304
18579;354461;2165
18580;356904;2443
18581;359032;2128
18582;361082;2050
18583;363380;2298
18584;365927;2547
18585;368665;2738
18586;371508;2843
18587;374173;2665
18588;376929;2756
18589;379883;2954
18590;382892;3009
18591;386198;3306
18592;389311;3113
18593;392356;3045
18594;395185;2829
18595;398024;2839
18596;400482;2458
18597;403311;2829
18598;406810;3499
18599;410072;3262
18600;413191;3119
18601;416499;3308
18602;420294;3795
18603;423179;2885
18604;426142;2963
18605;429280;3138
18606;432327;3047
18607;435056;2729
18608;438425;3369
18609;440787;2362
18610;443246;2459
18611;445977;2731
18612;448522;2545
18613;451494;2972
18614;454673;3179
18615;457288;2615
18616;458968;1680
18617;460672;1704
18618;462814;2142
18619;465070;2256
18620;467222;2152
18621;469482;2260
18622;471335;1853
18623;473309;1974
18624;475085;1776
18625;477240;2155
18626;479715;2475
18627;482178;2463
18628;484362;2184
18629;486634;2272
18630;488529;1895
18631;490476;1947
18632;492594;2118
18633;495075;2481
18634;497510;2435
18635;499517;2007
18636;502416;2899
18637;504293;1877
18638;506701;2408
18639;508824;2123
18640;511921;3097
18641;514338;2417
18642;516770;2432
18643;519291;2521
18644;521211;1920
18645;523011;1800
18646;524783;1772
18647;527146;2363
18648;528891;1745
18649;530818;1927
18650;532412;1594
18651;534041;1629
18652;535914;1873
18653;537477;1563
18654;539387;1910
18655;541031;1644
18656;543214;2183
18657;544813;1599
18658;546428;1615
18659;547648;1220
18660;549032;1384
18661;550540;1508
18662;551842;1302
18663;553128;1286
18664;554474;1346
18665;555511;1037
18666;556519;1008
18667;557591;1072
18668;559093;1502
18669;560363;1270
18670;561625;1262
18671;563029;1404
18672;564077;1048
18673;564077;0
18674;565989;1912
18675;567261;1272
18676;568506;1245
18677;569846;1340
18678;571174;1328
18679;572334;1160
18680;573384;1050
18681;574580;1196
18682;575941;1361
18683;577482;1541
18684;578797;1315
18685;579973;1176
18686;581365;1392
18687;582528;1163
18688;583916;1388
18689;585435;1519
18690;587014;1579
18691;588728;1714
18692;590508;1780
18693;592100;1592
18694;593453;1353
18695;595239;1786
18696;597497;2258
18697;600198;2701
18698;602536;2338
18699;605200;2664
18700;607453;2253
18701;609964;2511
18702;612315;2351
18703;615810;3495
18704;619259;3449
18705;623135;3876
18706;626802;3667
18707;630471;3669
18708;633741;3270
18709;637042;3301
18710;640988;3946
18711;645356;4368
18712;649824;4468
18713;654591;4767
18714;659116;4525
18715;663200;4084
18716;667957;4757
18717;672931;4974
18718;678165;5234
18719;682888;4723
18720;687908;5020
18721;692231;4323
18722;696184;3953
18723;700188;4004
18724;705517;5329
18725;710829;5312
18726;715968;5139
18727;721018;5050
18728;725602;4584
18729;729920;4318
18730;734423;4503
18731;739818;5395
18732;745182;5364
18733;750158;4976
18734;756285;6127
18735;761437;5152
18736;766882;5445
18737;772381;5499
18738;778238;5857
18739;784108;5870
18740;790016;5908
18741;795627;5611
18742;800452;4825
18743;804939;4487
18744;810231;5292
18745;815711;5480
18746;820823;5112
18747;825519;4696
18748;829933;4414
18749;834146;4213
18750;837523;3377
18751;837523;0
18752;841636;4113
18753;850131;8495
18754;854240;4109
18755;858026;3786
18756;861473;3447
18757;864557;3084
18758;867438;2881
18759;870703;3265
18760;873220;2517
18761;874751;1531
18762;877130;2379
18763;880362;3232
18764;882928;2566
