condition;measurement;ncases
18283;0;0
18284;0;0
18285;0;0
18286;0;0
18287;0;0
18288;0;0
18289;0;0
18290;0;0
18291;0;0
18292;0;0
18293;0;0
18294;0;0
18295;0;0
18296;0;0
18297;0;0
18298;0;0
18299;0;0
18300;0;0
18301;0;0
18302;0;0
18303;0;0
18304;0;0
18305;0;0
18306;0;0
18307;0;0
18308;0;0
18309;0;0
18310;0;0
18311;0;0
18312;0;0
18313;0;0
18314;0;0
18315;0;0
18316;0;0
18317;0;0
18318;0;0
18319;0;0
18320;0;0
18321;0;0
18322;0;0
18323;0;0
18324;0;0
18325;0;0
18326;0;0
18327;0;0
18328;0;0
18329;1;1
18330;1;0
18331;1;0
18332;5;4
18333;5;0
18334;6;1
18335;6;0
18336;6;0
18337;8;2
18338;9;1
18339;11;2
18340;11;0
18341;13;2
18342;18;5
18343;22;4
18344;22;0
18345;27;5
18346;37;10
18347;41;4
18348;52;11
18349;56;4
18350;59;3
18351;64;5
18352;65;1
18353;69;4
18354;77;8
18355;92;15
18356;96;4
18357;104;8
18358;113;9
18359;115;2
18360;119;4
18361;124;5
18362;129;5
18363;133;4
18364;134;1
18365;147;13
18366;159;12
18367;161;2
18368;174;13
18369;199;25
18370;202;3
18371;206;4
18372;208;2
18373;208;0
18374;213;5
18375;213;0
18376;223;10
18377;228;5
18378;228;0
18379;228;0
18380;239;11
18381;239;0
18382;266;27
18383;333;67
18384;370;37
18385;396;26
18386;415;19
18387;431;16
18388;440;9
18389;462;22
18390;563;101
18391;689;126
18392;713;24
18393;724;11
18394;737;13
18395;740;3
18396;754;14
18397;759;5
18398;778;19
18399;786;8
18400;788;2
18401;829;41
18402;833;4
18403;836;3
18404;838;2
18405;850;12
18406;862;12
18407;865;3
18408;877;12
18409;884;7
18410;900;16
18411;917;17
18412;964;47
18413;986;22
18414;995;9
18415;1013;18
18416;1070;57
18417;1086;16
18418;1087;1
18419;1090;3
18420;1135;45
18421;1145;10
18422;1187;42
18423;1202;15
18424;1230;28
18425;1254;24
18426;1261;7
18427;1289;28
18428;1296;7
18429;1303;7
18430;1308;5
18431;1330;22
18432;1336;6
18433;1362;26
18434;1379;17
18435;1392;13
18436;1422;30
18437;1528;106
18438;1569;41
18439;1711;142
18440;1942;231
18441;2127;185
18442;2191;64
18443;2221;30
18444;2260;39
18445;2303;43
18446;2349;46
18447;2385;36
18448;2427;42
18449;2456;29
18450;2502;46
18451;2554;52
18452;2638;84
18453;2736;98
18454;2820;84
18455;2948;128
18456;2980;32
18457;3074;94
18458;3198;124
18459;3342;144
18460;3457;115
18461;3629;172
18462;3721;92
18463;3748;27
18464;3817;69
18465;4000;183
18466;4113;113
18467;4224;111
18468;4328;104
18469;4444;116
18470;4548;104
18471;4674;126
18472;4866;192
18473;5207;341
18474;5338;131
18475;5485;147
18476;5644;159
18477;5724;80
18478;5852;128
18479;6060;208
18480;6375;315
18481;6508;133
18482;6705;197
18483;6907;202
18484;7234;327
18485;7519;285
18486;8018;499
18487;8389;371
18488;9022;633
18489;9381;359
18490;9791;410
18491;10135;344
18492;10606;471
18493;11133;527
18494;11817;684
18495;12536;719
18496;12974;438
18497;13233;259
18498;13602;369
18499;14228;626
18500;14872;644
18501;15290;418
18502;15873;583
18503;16474;601
18504;17105;631
18505;17662;557
18506;18338;676
18507;19138;800
18508;19959;821
18509;20654;695
18510;21871;1217
18511;22486;615
18512;23353;867
18513;24214;861
18514;25026;812
18515;25631;605
18516;26512;881
18517;27324;812
18518;27817;493
18519;28367;550
18520;29298;931
18521;30419;1121
18522;31113;694
18523;32127;1014
18524;33015;888
18525;33520;505
18526;34260;740
18527;34828;568
18528;35571;743
18529;36404;833
18530;37226;822
18531;37922;696
18532;38684;762
18533;39432;748
18534;40101;669
18535;40758;657
18536;41799;1041
18537;42684;885
18538;43452;768
18539;44182;730
18540;44715;533
18541;45647;932
18542;46435;788
18543;47316;881
18544;48275;959
18545;48978;703
18546;49675;697
18547;50344;669
18548;51197;853
18549;51845;648
18550;52596;751
18551;53482;886
18552;54015;533
18553;54724;709
18554;55452;728
18555;56073;621
18556;56819;746
18557;57526;707
18558;58259;733
18559;59043;784
18560;59594;551
18561;60109;515
18562;60557;448
18563;61290;733
18564;62050;760
18565;62596;546
18566;63185;589
18567;63731;546
18568;64156;425
18569;64628;472
18570;65258;630
18571;65778;520
18572;66481;703
18573;66941;460
18574;67589;648
18575;67948;359
18576;68497;549
18577;69106;609
18578;69653;547
18579;70392;739
18580;71065;673
18581;71574;509
18582;72099;525
18583;72857;758
18584;73639;782
18585;74495;856
18586;75058;563
18587;75857;799
18588;76476;619
18589;77072;596
18590;77891;819
18591;78878;987
18592;79517;639
18593;80436;919
18594;81131;695
18595;81906;775
18596;82424;518
18597;83479;1055
18598;84482;1003
18599;85477;995
18600;86499;1022
18601;87213;714
18602;87920;707
18603;88723;803
18604;89421;698
18605;90146;725
18606;90958;812
18607;92113;1155
18608;92913;800
18609;93582;669
18610;94223;641
18611;95353;1130
18612;96209;856
18613;97028;819
18614;98296;1268
18615;99157;861
18616;99789;632
18617;100612;823
18618;101544;932
18619;102371;827
18620;103329;958
18621;103888;559
18622;104162;274
18623;104422;260
18624;105374;952
18625;106136;762
18626;106958;822
18627;107932;974
18628;108349;417
18629;108718;369
18630;109073;355
18631;109837;764
18632;110796;959
18633;111694;898
18634;112856;1162
18635;113994;1138
18636;115026;1032
18637;115733;707
18638;116535;802
18639;117590;1055
18640;118592;1002
18641;119640;1048
18642;120789;1149
18643;121648;859
18644;122160;512
18645;122588;428
18646;123359;771
18647;124447;1088
18648;125518;1071
18649;126370;852
18650;127081;711
18651;127652;571
18652;128366;714
18653;129394;1028
18654;130163;769
18655;130917;754
18656;131886;969
18657;132548;662
18658;133227;679
18659;133781;554
18660;134482;701
18661;135229;747
18662;136023;794
18663;136890;867
18664;137603;713
18665;138118;515
18666;138945;827
18667;139819;874
18668;140797;978
18669;141775;978
18670;142598;823
18671;143443;845
18672;144042;599
18673;145095;1053
18674;146216;1121
18675;147253;1037
18676;148622;1369
18677;149684;1062
18678;150731;1047
18679;151718;987
18680;152658;940
18681;153790;1132
18682;154904;1114
18683;156189;1285
18684;157603;1414
18685;158537;934
18686;159474;937
18687;160448;974
18688;161530;1082
18689;162871;1341
18690;164310;1439
18691;165811;1501
18692;166969;1158
18693;168043;1074
18694;169860;1817
18695;171985;2125
18696;174013;2028
18697;175827;1814
18698;177593;1766
18699;179072;1479
18700;180014;942
18701;181414;1400
18702;183348;1934
18703;185888;2540
18704;188493;2605
18705;190499;2006
18706;192599;2100
18707;194122;1523
18708;196112;1990
18709;198135;2023
18710;200823;2688
18711;202700;1877
18712;204704;2004
18713;206597;1893
18714;208655;2058
18715;210425;1770
18716;212691;2266
18717;214667;1976
18718;216278;1611
18719;217886;1608
18720;219393;1507
18721;221207;1814
18722;222663;1456
18723;224736;2073
18724;227116;2380
18725;229595;2479
18726;232142;2547
18727;233745;1603
18728;235292;1547
18729;237542;2250
18730;240141;2599
18731;242161;2020
18732;244528;2367
18733;244528;0
18734;248364;3836
18735;250165;1801
18736;252443;2278
18737;255046;2603
18738;257706;2660
18739;260382;2676
18740;263134;2752
18741;265296;2162
18742;267082;1786
18743;269353;2271
18744;271814;2461
18745;274170;2356
18746;276865;2695
18747;279077;2212
18748;281023;1946
18749;282543;1520
18750;284453;1910
18751;286667;2214
18752;288974;2307
18753;291540;2566
18754;294233;2693
18755;296306;2073
18756;297789;1483
18757;299684;1895
18758;302061;2377
18759;304889;2828
18760;307457;2568
18761;309638;2181
18762;311746;2108
18763;313527;1781
18764;315547;2020
