condition;measurement;ncases
18283;0;0
18284;0;0
18285;0;0
18286;0;0
18287;0;0
18288;0;0
18289;0;0
18290;0;0
18291;1;1
18292;1;0
18293;1;0
18294;2;1
18295;2;0
18296;2;0
18297;2;0
18298;2;0
18299;3;1
18300;3;0
18301;3;0
18302;3;0
18303;3;0
18304;3;0
18305;3;0
18306;3;0
18307;3;0
18308;3;0
18309;3;0
18310;3;0
18311;3;0
18312;3;0
18313;3;0
18314;3;0
18315;3;0
18316;3;0
18317;3;0
18318;3;0
18319;3;0
18320;3;0
18321;3;0
18322;3;0
18323;3;0
18324;3;0
18325;3;0
18326;3;0
18327;5;2
18328;6;1
18329;10;4
18330;20;10
18331;33;13
18332;49;16
18333;52;3
18334;64;12
18335;111;47
18336;140;29
18337;142;2
18338;187;45
18339;202;15
18340;217;15
18341;230;13
18342;307;77
18343;380;73
18344;462;82
18345;552;90
18346;636;84
18347;707;71
18348;803;96
18349;1075;272
18350;1418;343
18351;1546;128
18352;2084;538
18353;2311;227
18354;2633;322
18355;3018;385
18356;3094;76
18357;3246;152
18358;3660;414
18359;3764;104
18360;3870;106
18361;4076;206
18362;4195;119
18363;4428;233
18364;4648;220
18365;4932;284
18366;5223;291
18367;5453;230
18368;5660;207
18369;5878;218
18370;6087;209
18371;6259;172
18372;6459;200
18373;6599;140
18374;6710;111
18375;6981;271
18376;7192;211
18377;7294;102
18378;7579;285
18379;7777;198
18380;7958;181
18381;8212;254
18382;8488;276
18383;8772;284
18384;8928;156
18385;9223;295
18386;9485;262
18387;9684;199
18388;10004;320
18389;10343;339
18390;10463;120
18391;10610;147
18392;10794;184
18393;11086;292
18394;11350;264
18395;11618;268
18396;11876;258
18397;12091;215
18398;12305;214
18399;12513;208
18400;12718;205
18401;12942;224
18402;13221;279
18403;13434;213
18404;13597;163
18405;13777;180
18406;14035;258
18407;14319;284
18408;14669;350
18409;15049;380
18410;15588;539
18411;16634;1046
18412;17224;590
18413;18086;862
18414;18638;552
18415;18997;359
18416;19748;751
18417;20382;634
18418;20626;244
18419;21340;714
18420;21895;555
18421;22474;579
18422;22992;518
18423;23732;740
18424;24175;443
18425;24787;612
18426;25392;605
18427;25930;538
18428;26420;490
18429;26781;361
18430;27238;457
18431;27799;561
18432;28459;660
18433;29400;941
18434;30052;652
18435;30682;630
18436;31825;1143
18437;32295;470
18438;33069;774
18439;34073;1004
18440;34803;730
18441;35455;652
18442;36438;983
18443;37514;1076
18444;38511;997
18445;38805;294
18446;40336;1531
18447;41830;1494
18448;44254;2424
18449;46333;2079
18450;47873;1540
18451;50359;2486
18452;51754;1395
18453;52914;1160
18454;54222;1308
18455;56259;2037
18456;57006;747
18457;57545;539
18458;58850;1305
18459;61266;2416
18460;63001;1735
18461;65304;2303
18462;67456;2152
18463;68898;1442
18464;70764;1866
18465;72269;1505
18466;74390;2121
18467;76444;2054
18468;78412;1968
18469;80448;2036
18470;82040;1592
18471;83673;1633
18472;85486;1813
18473;89374;3888
18474;93354;3980
18475;98232;4878
18476;103185;4953
18477;106330;3145
18478;112593;6263
18479;115980;3387
18480;119460;3480
18481;122754;3294
18482;126885;4131
18483;129913;3028
18484;136638;6725
18485;139538;2900
18486;143749;4211
18487;147526;3777
18488;153660;6134
18489;157918;4258
18490;161253;3335
18491;164474;3221
18492;169213;4739
18493;173774;4561
18494;178022;4248
18495;182365;4343
18496;187249;4884
18497;189601;2352
18498;194252;4651
18499;197164;2912
18500;202361;5197
18501;205581;3220
18502;209544;3963
18503;213131;3587
18504;217396;4265
18505;220819;3423
18506;224264;3445
18507;226440;2176
18508;228403;1963
18509;232072;3669
18510;234570;2498
18511;237365;2795
18512;238727;1362
18513;241987;3260
18514;245143;3156
18515;248947;3804
18516;252964;4017
18517;257863;4899
18518;261216;3353
18519;265888;4672
18520;269407;3519
18521;272934;3527
18522;276289;3355
18523;279526;3237
18524;283460;3934
18525;286743;3283
18526;290190;3447
18527;291789;1599
18528;294591;2802
18529;296755;2164
18530;299361;2606
18531;301256;1895
18532;304226;2970
18533;307288;3062
18534;309303;2015
18535;311694;2391
18536;314079;2385
18537;316678;2599
18538;319330;2652
18539;322497;3167
18540;324762;2265
18541;326833;2071
18542;329637;2804
18543;331869;2232
18544;334770;2901
18545;336926;2156
18546;339341;2415
18547;342816;3475
18548;344713;1897
18549;346536;1823
18550;348698;2162
18551;351750;3052
18552;354338;2588
18553;356618;2280
18554;359169;2551
18555;360775;1606
18556;362243;1468
18557;363888;1645
18558;365799;1911
18559;367819;2020
18560;370028;2209
18561;371630;1602
18562;373144;1514
18563;375180;2036
18564;376935;1755
18565;378933;1998
18566;380729;1796
18567;383113;2384
18568;385400;2287
18569;387161;1761
18570;388137;976
18571;389725;1588
18572;391809;2084
18573;393961;2152
18574;396395;2434
18575;398449;2054
18576;399749;1300
18577;401416;1667
18578;402820;1404
18579;404713;1893
18580;406337;1624
18581;407838;1501
18582;409574;1736
18583;410718;1144
18584;412097;1379
18585;413430;1333
18586;415067;1637
18587;416852;1785
18588;418818;1966
18589;420614;1796
18590;421722;1108
18591;422915;1193
18592;424297;1382
18593;425918;1621
18594;427797;1879
18595;429864;2067
18596;431630;1766
18597;432925;1295
18598;434357;1432
18599;435413;1056
18600;436345;932
18601;438069;1724
18602;439834;1765
18603;441399;1565
18604;442785;1386
18605;444164;1379
18606;445540;1376
18607;447039;1499
18608;448331;1292
18609;449400;1069
18610;450733;1333
18611;451839;1106
18612;452988;1149
18613;454447;1459
18614;456562;2115
18615;458044;1482
18616;459789;1745
18617;461505;1716
18618;462815;1310
18619;464004;1189
18620;465724;1720
18621;467601;1877
18622;469005;1404
18623;469886;881
18624;470650;764
18625;471526;876
18626;472532;1006
18627;474064;1532
18628;475820;1756
18629;476916;1096
18630;477807;891
18631;478761;954
18632;479693;932
18633;480737;1044
18634;482083;1346
18635;483852;1769
18636;485797;1945
18637;487690;1893
18638;489736;2046
18639;491258;1522
18640;492700;1442
18641;494605;1905
18642;496646;2041
18643;498691;2045
18644;500577;1886
18645;502736;2159
18646;504084;1348
18647;505939;1855
18648;507717;1778
18649;509887;2170
18650;511679;1792
18651;513619;1940
18652;514996;1377
18653;516166;1170
18654;518407;2241
18655;519575;1168
18656;521413;1838
18657;523516;2103
18658;525618;2102
18659;527272;1654
18660;528853;1581
18661;530118;1265
18662;531699;1581
18663;533587;1888
18664;535521;1934
18665;537310;1789
18666;538995;1685
18667;540227;1232
18668;541560;1333
18669;543282;1722
18670;545300;2018
18671;547255;1955
18672;549176;1921
18673;550860;1684
18674;552246;1386
18675;553424;1178
18676;555163;1739
18677;557058;1895
18678;559288;2230
18679;561169;1881
18680;563456;2287
18681;564865;1409
18682;566420;1555
18683;568680;2260
18684;571327;2647
18685;574247;2920
18686;576352;2105
18687;578381;2029
18688;580442;2061
18689;582223;1781
18690;584667;2444
18691;587704;3037
18692;591138;3434
18693;594412;3274
18694;597763;3351
18695;600428;2665
18696;603308;2880
18697;607048;3740
18698;611618;4570
18699;616611;4993
18700;621498;4887
18701;626893;5395
18702;631320;4427
18703;635698;4378
18704;640984;5286
18705;648066;7082
18706;656056;7990
18707;663794;7738
18708;671792;7998
18709;677653;5861
18710;684311;6658
18711;693048;8737
18712;702856;9808
18713;712442;9586
18714;721892;9450
18715;731894;10002
18716;741181;9287
18717;747288;6107
18718;756199;8911
18719;771497;15298
18720;784043;12546
18721;795051;11008
18722;803398;8347
18723;812760;9362
18724;819164;6404
18725;828366;9202
18726;840554;12188
18727;853209;12655
18728;864868;11659
18729;876225;11357
18730;884783;8558
18731;892880;8097
18732;904285;11405
18733;914971;10686
18734;926052;11081
18735;936133;10081
18736;945745;9612
18737;953106;7361
18738;962307;9201
18739;971049;8742
18740;979740;8691
18741;989380;9640
18742;997523;8143
18743;1006428;8905
18744;1013618;7190
18745;1020495;6877
18746;1028738;8243
18747;1037460;8722
18748;1046653;9193
18749;1054983;8330
18750;1062225;7242
18751;1067892;5667
18752;1073555;5663
18753;1080172;6617
18754;1087885;7713
18755;1094849;6964
18756;1101990;7141
18757;1108826;6836
18758;1113547;4721
18759;1118359;4812
18760;1124724;6365
18761;1131467;6743
18762;1138187;6720
18763;1143963;5776
18764;1149925;5962
