condition;measurement;ncases
18283;0;0
18284;0;0
18285;0;0
18286;0;0
18287;0;0
18288;0;0
18289;0;0
18290;0;0
18291;0;0
18292;0;0
18293;0;0
18294;0;0
18295;0;0
18296;0;0
18297;0;0
18298;0;0
18299;0;0
18300;0;0
18301;0;0
18302;0;0
18303;0;0
18304;0;0
18305;0;0
18306;0;0
18307;0;0
18308;0;0
18309;0;0
18310;0;0
18311;0;0
18312;0;0
18313;0;0
18314;0;0
18315;0;0
18316;0;0
18317;0;0
18318;1;1
18319;1;0
18320;3;2
18321;3;0
18322;3;0
18323;3;0
18324;3;0
18325;4;1
18326;6;2
18327;9;3
18328;9;0
18329;15;6
18330;15;0
18331;25;10
18332;45;20
18333;49;4
18334;89;40
18335;123;34
18336;131;8
18337;158;27
18338;184;26
18339;260;76
18340;277;17
18341;308;31
18342;367;59
18343;433;66
18344;576;143
18345;794;218
18346;906;112
18347;1029;123
18348;1292;263
18349;1452;160
18350;1815;363
18351;2109;294
18352;2245;136
18353;2460;215
18354;2738;278
18355;3183;445
18356;3613;430
18357;3864;251
18358;4057;193
18359;4417;360
18360;4761;344
18361;5202;441
18362;5467;265
18363;5990;523
18364;6300;310
18365;6633;333
18366;6879;246
18367;7216;337
18368;7707;491
18369;8067;360
18370;8418;351
18371;8746;328
18372;8936;190
18373;9242;306
18374;9710;468
18375;10096;386
18376;10417;321
18377;10635;218
18378;11036;401
18379;11339;303
18380;11616;277
18381;11978;362
18382;12240;262
18383;12567;327
18384;12732;165
18385;13163;431
18386;13512;349
18387;13837;325
18388;14107;270
18389;14499;392
18390;14811;312
18391;15131;320
18392;15362;231
18393;15588;226
18394;15778;190
18395;16002;224
18396;16247;245
18397;16437;190
18398;16704;267
18399;16871;167
18400;17036;165
18401;17191;155
18402;17387;196
18403;17585;198
18404;17712;127
18405;17857;145
18406;18070;213
18407;18283;213
18408;18429;146
18409;18594;165
18410;18791;197
18411;18982;191
18412;19133;151
18413;19257;124
18414;19398;141
18415;19517;119
18416;19669;152
18417;19907;238
18418;20103;196
18419;20290;187
18420;20479;189
18421;20604;125
18422;20749;145
18423;20945;196
18424;21182;237
18425;21404;222
18426;21679;275
18427;21999;320
18428;22165;166
18429;22415;250
18430;22760;345
18431;23080;320
18432;23400;320
18433;23730;330
18434;24045;315
18435;24291;246
18436;24505;214
18437;24826;321
18438;25286;460
18439;25697;411
18440;26022;325
18441;26313;291
18442;26582;269
18443;26970;388
18444;27296;326
18445;27746;450
18446;28166;420
18447;28582;416
18448;28973;391
18449;29223;250
18450;29620;397
18451;30175;555
18452;30789;614
18453;31381;592
18454;32079;698
18455;32535;456
18456;32948;413
18457;33585;637
18458;34226;641
18459;35003;777
18460;35802;799
18461;36691;889
18462;37458;767
18463;38139;681
18464;39133;994
18465;40163;1030
18466;41275;1112
18467;42394;1119
18468;43678;1284
18469;44798;1120
18470;45902;1104
18471;47053;1151
18472;48235;1182
18473;49591;1356
18474;50886;1295
18475;52111;1225
18476;53186;1075
18477;54009;823
18478;55241;1232
18479;56550;1309
18480;57895;1345
18481;59273;1378
18482;60623;1350
18483;61768;1145
18484;62547;779
18485;63762;1215
18486;65177;1415
18487;66631;1454
18488;68046;1415
18489;69374;1328
18490;70461;1087
18491;71194;733
18492;72208;1014
18493;73617;1409
18494;74963;1346
18495;76355;1392
18496;77544;1189
18497;78505;961
18498;79330;825
18499;80390;1060
18500;81646;1256
18501;83150;1504
18502;84468;1318
18503;85833;1365
18504;86785;952
18505;87540;755
18506;88593;1053
18507;89891;1298
18508;91256;1365
18509;92595;1339
18510;93864;1269
18511;95014;1150
18512;95897;883
18513;97033;1136
18514;98304;1271
18515;99684;1380
18516;101075;1391
18517;102386;1311
18518;103495;1109
18519;104187;692
18520;105298;1111
18521;107011;1713
18522;108690;1679
18523;110217;1527
18524;111550;1333
18525;112781;1231
18526;113589;808
18527;114648;1059
18528;116415;1767
18529;118054;1639
18530;119683;1629
18531;121235;1552
18532;122673;1438
18533;123944;1271
18534;125414;1470
18535;127572;2158
18536;129658;2086
18537;132001;2343
18538;134065;2064
18539;135900;1835
18540;137491;1591
18541;139612;2121
18542;142570;2958
18543;145700;3130
18544;148886;3186
18545;152403;3517
18546;155283;2880
18547;157352;2069
18548;160461;3109
18549;164477;4016
18550;168490;4013
18551;172516;4026
18552;176468;3952
18553;180388;3920
18554;182854;2466
18555;186254;3400
18556;191102;4848
18557;196004;4902
18558;201032;5028
18559;205793;4761
18560;209648;3855
18561;212492;2844
18562;217216;4724
18563;222559;5343
18564;229040;6481
18565;235586;6546
18566;241339;5753
18567;246663;5324
18568;250704;4041
18569;258437;7733
18570;267088;8651
18571;276802;9714
18572;287062;10260
18573;296999;9937
18574;303751;6752
18575;306991;3240
18576;314295;7304
18577;324094;9799
18578;334236;10142
18579;343725;9489
18580;353185;9460
18581;360281;7096
18582;365212;4931
18583;373474;8262
18584;383743;10269
18585;393851;10108
18586;403123;9272
18587;412808;9685
18588;418645;5837
18589;422852;4207
18590;430605;7753
18591;440344;9739
18592;449349;9005
18593;457848;8499
18594;465982;8134
18595;471536;5554
18596;475362;3826
18597;479634;4272
18598;484550;4916
18599;492211;7661
18600;500273;8062
18601;508345;8072
18602;513576;5231
18603;517236;3660
18604;524675;7439
18605;532040;7365
18606;539107;7067
18607;545567;6460
18608;551900;6333
18609;556335;4435
18610;559587;3252
18611;565758;6171
18612;571749;5991
18613;577446;5697
18614;582786;5340
18615;587944;5158
18616;591294;3350
18617;593783;2489
18618;598792;5009
18619;604251;5459
18620;608561;4310
18621;612373;3812
18622;613760;1387
18623;615809;2049
18624;618429;2620
18625;623066;4637
18626;627941;4875
18627;632263;4322
18628;636201;3938
18629;637395;1194
18630;640429;3034
18631;643559;3130
18632;648288;4729
18633;654007;5719
18634;658958;4951
18635;663799;4841
18636;668202;4403
18637;671284;3082
18638;673271;1987
18639;676968;3697
18640;681392;4424
18641;684917;3525
18642;688270;3353
18643;691488;3218
18644;693644;2156
18645;695153;1509
18646;697898;2745
18647;700898;3000
18648;703776;2878
18649;706475;2699
18650;709194;2719
18651;711010;1816
18652;712561;1551
18653;715438;2877
18654;718612;3174
18655;721513;2901
18656;724250;2737
18657;726918;2668
18658;728743;1825
18659;730056;1313
18660;732732;2676
18661;735484;2752
18662;738152;2668
18663;740732;2580
18664;743343;2611
18665;745318;1975
18666;746637;1319
18667;749434;2797
18668;752482;3048
18669;755126;2644
18670;757676;2550
18671;760091;2415
18672;761963;1872
18673;763294;1331
18674;765970;2676
18675;768785;2815
18676;771843;3058
18677;774555;2712
18678;777276;2721
18679;779695;2419
18680;781329;1634
18681;784711;3382
18682;788048;3337
18683;791971;3923
18684;795732;3761
18685;799164;3432
18686;801994;2830
18687;804090;2096
18688;808040;3950
18689;812318;4278
18690;816589;4271
18691;820931;4342
18692;824995;4064
18693;828283;3288
18694;830563;2280
18695;835552;4989
18696;840116;4564
18697;845352;5236
18698;850362;5010
18699;855326;4964
18700;859709;4383
18701;862681;2972
18702;868799;6118
18703;874985;6186
18704;881159;6174
18705;886752;5593
18706;892848;6096
18707;897115;4267
18708;900858;3743
18709;907007;6149
18710;913143;6136
18711;919794;6651
18712;926310;6516
18713;932179;5869
18714;936618;4439
18715;940443;3825
18716;946647;6204
18717;952803;6156
18718;958918;6115
18719;964726;5808
18720;970224;5498
18721;974375;4151
18722;977986;3611
18723;983217;5231
18724;988624;5407
18725;993613;4989
18726;998555;4942
18727;1002865;4310
18728;1006167;3302
18729;1008490;2323
18730;1012373;3883
18731;1016449;4076
18732;1020301;3852
18733;1023565;3264
18734;1027039;3474
18735;1029304;2265
18736;1031072;1768
18737;1034003;2931
18738;1037009;3006
18739;1039998;2989
18740;1042521;2523
18741;1044722;2201
18742;1046264;1542
18743;1047520;1256
18744;1049539;2019
18745;1051779;2240
18746;1053629;1850
18747;1055265;1636
18748;1056572;1307
18749;1057655;1083
18750;1058337;682
18751;1059331;994
18752;1060895;1564
18753;1062527;1632
18754;1063949;1422
18755;1065254;1305
18756;1066111;857
18757;1066731;620
18758;1067887;1156
18759;1068817;930
18760;1069770;953
18761;1070605;835
18762;1071334;729
18763;1071899;565
18764;1072291;392
