condition;measurement;ncases
18283;0;0
18284;0;0
18285;0;0
18286;0;0
18287;0;0
18288;0;0
18289;0;0
18290;0;0
18291;0;0
18292;2;2
18293;2;0
18294;2;0
18295;2;0
18296;2;0
18297;2;0
18298;2;0
18299;2;0
18300;2;0
18301;2;0
18302;2;0
18303;2;0
18304;2;0
18305;2;0
18306;2;0
18307;2;0
18308;2;0
18309;2;0
18310;2;0
18311;2;0
18312;2;0
18313;2;0
18314;2;0
18315;2;0
18316;2;0
18317;2;0
18318;2;0
18319;2;0
18320;2;0
18321;2;0
18322;2;0
18323;3;1
18324;3;0
18325;3;0
18326;4;1
18327;13;9
18328;13;0
18329;17;4
18330;17;0
18331;20;3
18332;20;0
18333;28;8
18334;45;17
18335;59;14
18336;63;4
18337;90;27
18338;114;24
18339;147;33
18340;199;52
18341;253;54
18342;306;53
18343;367;61
18344;438;71
18345;495;57
18346;658;163
18347;840;182
18348;1036;196
18349;1264;228
18350;1534;270
18351;1836;302
18352;2337;501
18353;2777;440
18354;3548;771
18355;4149;601
18356;4731;582
18357;5389;658
18358;6343;954
18359;7497;1154
18360;8672;1175
18361;10131;1459
18362;11917;1786
18363;13584;1667
18364;15770;2186
18365;18328;2558
18366;21102;2774
18367;24490;3388
18368;27938;3448
18369;32008;4070
18370;36793;4785
18371;42853;6060
18372;47121;4268
18373;52763;5642
18374;57999;5236
18375;62773;4774
18376;68622;5849
18377;74588;5966
18378;80949;6361
18379;87147;6198
18380;93558;6411
18381;99399;5841
18382;106498;7099
18383;114431;7933
18384;124054;9623
18385;134687;10633
18386;145268;10581
18387;155370;10102
18388;165929;10559
18389;177160;11231
18390;187859;10699
18391;198676;10817
18392;209688;11012
18393;221344;11656
18394;232243;10899
18395;242271;10028
18396;252245;9974
18397;262843;10598
18398;272043;9200
18399;281752;9709
18400;290678;8926
18401;299941;9263
18402;308705;8764
18403;317554;8849
18404;326448;8894
18405;335882;9434
18406;344481;8599
18407;353427;8946
18408;362342;8915
18409;370680;8338
18410;379051;8371
18411;387623;8572
18412;396575;8952
18413;405843;9268
18414;414328;8485
18415;423186;8858
18416;431715;8529
18417;440538;8823
18418;449256;8718
18419;458102;8846
18420;467073;8971
18421;476043;8970
18422;484630;8587
18423;493023;8393
18424;501800;8777
18425;510761;8961
18426;519458;8697
18427;528267;8809
18428;536484;8217
18429;544725;8241
18430;552549;7824
18431;560321;7772
18432;568292;7971
18433;576162;7870
18434;583879;7717
18435;591465;7586
18436;598878;7413
18437;606043;7165
18438;613148;7105
18439;619936;6788
18440;626779;6843
18441;633563;6784
18442;640246;6683
18443;646929;6683
18444;653479;6550
18445;660231;6752
18446;666941;6710
18447;673564;6623
18448;680283;6719
18449;686852;6569
18450;693215;6363
18451;699749;6534
18452;706240;6491
18453;712863;6623
18454;719449;6586
18455;726036;6587
18456;732547;6511
18457;738787;6240
18458;745197;6410
18459;751612;6415
18460;758001;6389
18461;764215;6214
18462;770311;6096
18463;776212;5901
18464;782040;5828
18465;787890;5850
18466;793720;5830
18467;799499;5779
18468;805332;5833
18469;811073;5741
18470;816680;5607
18471;822060;5380
18472;827509;5449
18473;832993;5484
18474;838461;5468
18475;843890;5429
18476;849277;5387
18477;854641;5364
18478;859762;5121
18479;864948;5186
18480;870187;5239
18481;875378;5191
18482;880563;5185
18483;885718;5155
18484;890799;5081
18485;895691;4892
18486;900745;5054
18487;905762;5017
18488;910778;5016
18489;915808;5030
18490;920719;4911
18491;925558;4839
18492;930276;4718
18493;935066;4790
18494;939833;4767
18495;944671;4838
18496;949531;4860
18497;954328;4797
18498;959016;4688
18499;963655;4639
18500;968297;4642
18501;972972;4675
18502;977730;4758
18503;982573;4843
18504;987470;4897
18505;992402;4932
18506;997072;4670
18507;1001965;4893
18508;1006923;4958
18509;1011987;5064
18510;1017131;5144
18511;1022228;5097
18512;1027334;5106
18513;1032354;5020
18514;1037526;5172
18515;1042836;5310
18516;1048257;5421
18517;1053663;5406
18518;1059024;5361
18519;1064438;5414
18520;1069873;5435
18521;1075485;5612
18522;1081152;5667
18523;1086955;5803
18524;1092915;5960
18525;1098958;6043
18526;1105048;6090
18527;1111157;6109
18528;1117487;6330
18529;1123976;6489
18530;1131088;7112
18531;1138509;7421
18532;1146273;7764
18533;1154299;8026
18534;1162428;8129
18535;1170799;8371
18536;1179634;8835
18537;1188928;9294
18538;1198663;9735
18539;1209039;10376
18540;1219796;10757
18541;1231277;11481
18542;1242258;10981
18543;1253603;11345
18544;1265572;11969
18545;1278245;12673
18546;1291687;13442
18547;1305093;13406
18548;1318783;13690
18549;1332824;14041
18550;1346380;13556
18551;1361317;14937
18552;1376020;14703
18553;1390824;14804
18554;1406667;15843
18555;1422775;16108
18556;1438219;15444
18557;1453923;15704
18558;1471000;17077
18559;1487260;16260
18560;1503652;16392
18561;1520800;17148
18562;1537142;16342
18563;1553028;15886
18564;1570446;17418
18565;1588433;17987
18566;1606267;17834
18567;1624648;18381
18568;1642665;18017
18569;1661096;18431
18570;1680579;19483
18571;1699695;19116
18572;1720063;20368
18573;1740172;20109
18574;1760420;20248
18575;1781997;21577
18576;1802762;20765
18577;1822345;19583
18578;1843678;21333
18579;1865395;21717
18580;1887836;22441
18581;1910149;22313
18582;1932711;22562
18583;1954912;22201
18584;1975629;20717
18585;1998966;23337
18586;2023025;24059
18587;2047563;24538
18588;2071858;24295
18589;2096749;24891
18590;2120836;24087
18591;2144229;23393
18592;2169424;25195
18593;2196691;27267
18594;2223500;26809
18595;2249890;26390
18596;2275936;26046
18597;2302062;26126
18598;2327105;25043
18599;2354934;27829
18600;2382012;27078
18601;2410462;28450
18602;2439163;28701
18603;2466961;27798
18604;2492713;25752
18605;2518551;25838
18606;2546113;27562
18607;2574319;28206
18608;2602048;27729
18609;2629699;27651
18610;2656601;26902
18611;2682866;26265
18612;2708940;26074
18613;2736727;27787
18614;2764843;28116
18615;2792615;27772
18616;2821125;28510
18617;2850042;28917
18618;2878382;28340
18619;2905196;26814
18620;2934695;29499
18621;2963290;28595
18622;2992123;28833
18623;3019972;27849
18624;3047335;27363
18625;3073923;26588
18626;3100018;26095
18627;3127347;27329
18628;3153960;26613
18629;3179898;25938
18630;3203743;23845
18631;3226758;23015
18632;3250713;23955
18633;3274615;23902
18634;3297833;23218
18635;3321163;23330
18636;3344175;23012
18637;3366715;22540
18638;3389733;23018
18639;3412390;22657
18640;3434934;22544
18641;3459237;24303
18642;3483531;24294
18643;3507201;23670
18644;3530379;23178
18645;3552888;22509
18646;3574330;21442
18647;3595136;20806
18648;3616680;21544
18649;3637862;21182
18650;3658447;20585
18651;3679247;20800
18652;3698246;18999
18653;3716228;17982
18654;3733692;17464
18655;3752548;18856
18656;3771514;18966
18657;3790265;18751
18658;3808348;18083
18659;3825739;17391
18660;3842145;16406
18661;3858367;16222
18662;3874830;16463
18663;3891274;16444
18664;3907653;16379
18665;3923461;15808
18666;3939162;15701
18667;3953970;14808
18668;3968228;14258
18669;3983031;14803
18670;3997898;14867
18671;4012538;14640
18672;4026506;13968
18673;4040505;13999
18674;4053535;13030
18675;4066164;12629
18676;4079407;13243
18677;4092649;13242
18678;4105424;12775
18679;4117992;12568
18680;4130447;12455
18681;4142126;11679
18682;4153735;11609
18683;4164802;11067
18684;4175757;10955
18685;4187166;11409
18686;4198400;11234
18687;4209850;11450
18688;4220291;10441
18689;4230707;10416
18690;4241970;11263
18691;4252876;10906
18692;4263785;10909
18693;4274263;10478
18694;4284408;10145
18695;4293750;9342
18696;4302726;8976
18697;4311893;9167
18698;4321588;9695
18699;4331396;9808
18700;4341381;9985
18701;4350728;9347
18702;4360033;9305
18703;4368943;8910
18704;4378656;9713
18705;4388268;9612
18706;4397816;9548
18707;4407031;9215
18708;4416226;9195
18709;4424595;8369
18710;4433364;8769
18711;4442492;9128
18712;4451565;9073
18713;4460348;8783
18714;4469327;8979
18715;4477916;8589
18716;4486078;8162
18717;4494234;8156
18718;4503291;9057
18719;4511973;8682
18720;4520879;8906
18721;4529576;8697
18722;4538101;8525
18723;4546307;8206
18724;4554481;8174
18725;4563026;8545
18726;4572053;9027
18727;4580633;8580
18728;4589209;8576
18729;4597400;8191
18730;4605444;8044
18731;4613646;8202
18732;4622464;8818
18733;4631336;8872
18734;4640537;9201
18735;4649044;8507
18736;4657509;8465
18737;4665553;8044
18738;4673699;8146
18739;4682573;8874
18740;4691290;8717
18741;4699988;8698
18742;4708640;8652
18743;4717321;8681
18744;4725252;7931
18745;4732981;7729
18746;4742142;9161
18747;4750755;8613
18748;4759902;9147
18749;4768476;8574
18750;4776844;8368
18751;4784497;7653
18752;4792354;7857
18753;4799872;7518
18754;4808133;8261
18755;4816331;8198
18756;4824621;8290
18757;4832959;8338
18758;4840948;7989
18759;4849044;8096
18760;4857303;8259
18761;4866641;9338
18762;4875308;8667
18763;4883734;8426
18764;4892938;9204
