condition;measurement;ncases
18283;0;0
18284;0;0
18285;0;0
18286;0;0
18287;0;0
18288;0;0
18289;0;0
18290;0;0
18291;0;0
18292;0;0
18293;0;0
18294;0;0
18295;0;0
18296;0;0
18297;0;0
18298;0;0
18299;0;0
18300;0;0
18301;0;0
18302;0;0
18303;0;0
18304;0;0
18305;0;0
18306;0;0
18307;0;0
18308;0;0
18309;0;0
18310;0;0
18311;0;0
18312;0;0
18313;0;0
18314;0;0
18315;0;0
18316;0;0
18317;0;0
18318;0;0
18319;1;1
18320;1;0
18321;1;0
18322;1;0
18323;8;7
18324;10;2
18325;16;6
18326;21;5
18327;21;0
18328;23;2
18329;36;13
18330;36;0
18331;51;15
18332;62;11
18333;69;7
18334;80;11
18335;80;0
18336;101;21
18337;109;8
18338;109;0
18339;119;10
18340;119;0
18341;144;25
18342;144;0
18343;175;31
18344;187;12
18345;187;0
18346;208;21
18347;208;0
18348;223;15
18349;224;1
18350;224;0
18351;230;6
18352;236;6
18353;236;0
18354;245;9
18355;245;0
18356;259;14
18357;266;7
18358;266;0
18359;279;13
18360;279;0
18361;333;54
18362;344;11
18363;356;12
18364;356;0
18365;356;0
18366;371;15
18367;372;1
18368;426;54
18369;435;9
18370;455;20
18371;461;6
18372;462;1
18373;476;14
18374;488;12
18375;501;13
18376;513;12
18377;513;0
18378;538;25
18379;538;0
18380;553;15
18381;563;10
18382;569;6
18383;580;11
18384;580;0
18385;582;2
18386;582;0
18387;589;7
18388;608;19
18389;622;14
18390;623;1
18391;637;14
18392;628;-9
18393;628;0
18394;638;10
18395;643;5
18396;648;5
18397;652;4
18398;653;1
18399;654;1
18400;654;0
18401;655;1
18402;656;1
18403;658;2
18404;661;3
18405;665;4
18406;665;0
18407;666;1
18408;666;0
18409;667;1
18410;670;3
18411;671;1
18412;671;0
18413;671;0
18414;671;0
18415;672;1
18416;674;2
18417;678;4
18418;680;2
18419;680;0
18420;680;0
18421;687;7
18422;688;1
18423;691;3
18424;691;0
18425;694;3
18426;694;0
18427;694;0
18428;694;0
18429;694;0
18430;696;2
18431;696;0
18432;696;0
18433;696;0
18434;696;0
18435;697;1
18436;698;1
18437;698;0
18438;698;0
18439;698;0
18440;698;0
18441;698;0
18442;698;0
18443;698;0
18444;698;0
18445;698;0
18446;698;0
18447;698;0
18448;698;0
18449;698;0
18450;698;0
18451;698;0
18452;699;1
18453;699;0
18454;699;0
18455;699;0
18456;699;0
18457;699;0
18458;699;0
18459;699;0
18460;699;0
18461;699;0
18462;699;0
18463;699;0
18464;699;0
18465;699;0
18466;699;0
18467;699;0
18468;699;0
18469;699;0
18470;699;0
18471;699;0
18472;699;0
18473;699;0
18474;699;0
18475;699;0
18476;699;0
18477;699;0
18478;699;0
18479;699;0
18480;699;0
18481;699;0
18482;699;0
18483;699;0
18484;699;0
18485;699;0
18486;699;0
18487;699;0
18488;699;0
18489;699;0
18490;699;0
18491;699;0
18492;702;3
18493;704;2
18494;704;0
18495;704;0
18496;704;0
18497;704;0
18498;704;0
18499;710;6
18500;710;0
18501;710;0
18502;710;0
18503;710;0
18504;710;0
18505;715;5
18506;715;0
18507;735;20
18508;735;0
18509;735;0
18510;716;-19
18511;716;0
18512;716;0
18513;716;0
18514;722;6
18515;722;0
18516;722;0
18517;722;0
18518;722;0
18519;722;0
18520;723;1
18521;723;0
18522;723;0
18523;723;0
18524;723;0
18525;723;0
18526;723;0
18527;723;0
18528;723;0
18529;727;4
18530;727;0
18531;727;0
18532;727;0
18533;727;0
18534;727;0
18535;732;5
18536;732;0
18537;732;0
18538;732;0
18539;732;0
18540;732;0
18541;732;0
18542;732;0
18543;741;9
18544;741;0
18545;741;0
18546;741;0
18547;741;0
18548;741;0
18549;741;0
18550;759;18
18551;759;0
18552;759;0
18553;759;0
18554;766;7
18555;766;0
18556;774;8
18557;802;28
18558;819;17
18559;819;0
18560;819;0
18561;852;33
18562;852;0
18563;852;0
18564;928;76
18565;928;0
18566;928;0
18567;928;0
18568;928;0
18569;994;66
18570;994;0
18571;1043;49
18572;1043;0
18573;1043;0
18574;1043;0
18575;1114;71
18576;1114;0
18577;1190;76
18578;1190;0
18579;1253;63
18580;1253;0
18581;1253;0
18582;1290;37
18583;1290;0
18584;1358;68
18585;1358;0
18586;1395;37
18587;1395;0
18588;1395;0
18589;1428;33
18590;1428;0
18591;1492;64
18592;1514;22
18593;1554;40
18594;1586;32
18595;1586;0
18596;1612;26
18597;1650;38
18598;1687;37
18599;1714;27
18600;1756;42
18601;1789;33
18602;1789;0
18603;1800;11
18604;1800;0
18605;1834;34
18606;1868;34
18607;1908;40
18608;1932;24
18609;1932;0
18610;1934;2
18611;1982;48
18612;2025;43
18613;2049;24
18614;2072;23
18615;2107;35
18616;2107;0
18617;2135;28
18618;2176;41
18619;2205;29
18620;2231;26
18621;2231;0
18622;2231;0
18623;2231;0
18624;2275;44
18625;2333;58
18626;2384;51
18627;2428;44
18628;2428;0
18629;2428;0
18630;2428;0
18631;2493;65
18632;2549;56
18633;2549;0
18634;2583;34
18635;2628;45
18636;2628;0
18637;2628;0
18638;2667;39
18639;2706;39
18640;2723;17
18641;2737;14
18642;2767;30
18643;2778;11
18644;2778;0
18645;2787;9
18646;2803;16
18647;2815;12
18648;2833;18
18649;2861;28
18650;2874;13
18651;2874;0
18652;2889;15
18653;2915;26
18654;2941;26
18655;2969;28
18656;2996;27
18657;2996;0
18658;3025;29
18659;3025;0
18660;3066;41
18661;3094;28
18662;3111;17
18663;3111;0
18664;3127;16
18665;3127;0
18666;3137;10
18667;3187;50
18668;3213;26
18669;3247;34
18670;3278;31
18671;3278;0
18672;3278;0
18673;3317;39
18674;3352;35
18675;3394;42
18676;3420;26
18677;3440;20
18678;3472;32
18679;3472;0
18680;3494;22
18681;3538;44
18682;3585;47
18683;3621;36
18684;3671;50
18685;3716;45
18686;3716;0
18687;3746;30
18688;3791;45
18689;3829;38
18690;3867;38
18691;3896;29
18692;3922;26
18693;3922;0
18694;3935;13
18695;3984;49
18696;4030;46
18697;4062;32
18698;4096;34
18699;4126;30
18700;4126;0
18701;4151;25
18702;4204;53
18703;4249;45
18704;4292;43
18705;4328;36
18706;4356;28
18707;4356;0
18708;4388;32
18709;4432;44
18710;4484;52
18711;4484;0
18712;4547;63
18713;4603;56
18714;4603;0
18715;4631;28
18716;4678;47
18717;4730;52
18718;4730;0
18719;4775;45
18720;4775;0
18721;4775;0
18722;4775;0
18723;4864;89
18724;4904;40
18725;4932;28
18726;4944;12
18727;4956;12
18728;4956;0
18729;4962;6
18730;4985;23
18731;5004;19
18732;5010;6
18733;5016;6
18734;5026;10
18735;5026;0
18736;5030;4
18737;5040;10
18738;5044;4
18739;5045;1
18740;5047;2
18741;5047;0
18742;5047;0
18743;5055;8
18744;5058;3
18745;5059;1
18746;5060;1
18747;5066;6
18748;5066;0
18749;5066;0
18750;5067;1
18751;5067;0
18752;5067;0
18753;5067;0
18754;5067;0
18755;5067;0
18756;5067;0
18757;5083;16
18758;5083;0
18759;5083;0
18760;5083;0
18761;5083;0
18762;5083;0
18763;5083;0
18764;5087;4
