condition;measurement;ncases
18283;0;0
18284;0;0
18285;0;0
18286;0;0
18287;0;0
18288;0;0
18289;0;0
18290;0;0
18291;0;0
18292;0;0
18293;0;0
18294;0;0
18295;0;0
18296;0;0
18297;0;0
18298;0;0
18299;0;0
18300;0;0
18301;0;0
18302;0;0
18303;0;0
18304;0;0
18305;0;0
18306;0;0
18307;0;0
18308;0;0
18309;0;0
18310;0;0
18311;0;0
18312;0;0
18313;0;0
18314;0;0
18315;0;0
18316;0;0
18317;0;0
18318;0;0
18319;0;0
18320;0;0
18321;0;0
18322;0;0
18323;0;0
18324;0;0
18325;0;0
18326;0;0
18327;1;1
18328;1;0
18329;3;2
18330;3;0
18331;7;4
18332;10;3
18333;16;6
18334;32;16
18335;44;12
18336;54;10
18337;63;9
18338;72;9
18339;105;33
18340;123;18
18341;137;14
18342;178;41
18343;185;7
18344;186;1
18345;204;18
18346;216;12
18347;226;10
18348;269;43
18349;292;23
18350;314;22
18351;336;22
18352;363;27
18353;400;37
18354;426;26
18355;450;24
18356;471;21
18357;485;14
18358;534;49
18359;581;47
18360;682;101
18361;701;19
18362;715;14
18363;728;13
18364;742;14
18365;769;27
18366;835;66
18367;863;28
18368;977;114
18369;1049;72
18370;1089;40
18371;1161;72
18372;1173;12
18373;1199;26
18374;1244;45
18375;1325;81
18376;1360;35
18377;1373;13
18378;1379;6
18379;1381;2
18380;1384;3
18381;1391;7
18382;1396;5
18383;1403;7
18384;1407;4
18385;1408;1
18386;1413;5
18387;1421;8
18388;1429;8
18389;1445;16
18390;1455;10
18391;1455;0
18392;1457;2
18393;1457;0
18394;1465;8
18395;1469;4
18396;1477;8
18397;1480;3
18398;1493;13
18399;1494;1
18400;1495;1
18401;1495;0
18402;1496;1
18403;1502;6
18404;1503;1
18405;1504;1
18406;1509;5
18407;1511;2
18408;1513;2
18409;1515;2
18410;1520;5
18411;1520;0
18412;1521;1
18413;1521;0
18414;1522;1
18415;1522;0
18416;1525;3
18417;1526;1
18418;1526;0
18419;1528;2
18420;1528;0
18421;1530;2
18422;1531;1
18423;1533;2
18424;1541;8
18425;1542;1
18426;1545;3
18427;1548;3
18428;1552;4
18429;1552;0
18430;1561;9
18431;1562;1
18432;1576;14
18433;1586;10
18434;1587;1
18435;1588;1
18436;1589;1
18437;1607;18
18438;1630;23
18439;1643;13
18440;1657;14
18441;1664;7
18442;1665;1
18443;1667;2
18444;1687;20
18445;1700;13
18446;1720;20
18447;1749;29
18448;1764;15
18449;1765;1
18450;1767;2
18451;1798;31
18452;1851;53
18453;1870;19
18454;1893;23
18455;1901;8
18456;1902;1
18457;1908;6
18458;1927;19
18459;1951;24
18460;1965;14
18461;1976;11
18462;1979;3
18463;1980;1
18464;2021;41
18465;2058;37
18466;2089;31
18467;2118;29
18468;2141;23
18469;2179;38
18470;2181;2
18471;2204;23
18472;2245;41
18473;2265;20
18474;2292;27
18475;2337;45
18476;2344;7
18477;2354;10
18478;2368;14
18479;2417;49
18480;2480;63
18481;2523;43
18482;2566;43
18483;2596;30
18484;2599;3
18485;2615;16
18486;2690;75
18487;2739;49
18488;2801;62
18489;2855;54
18490;2902;47
18491;2907;5
18492;2922;15
18493;3022;100
18494;3102;80
18495;3225;123
18496;3316;91
18497;3356;40
18498;3424;68
18499;3452;28
18500;3536;84
18501;3626;90
18502;3728;102
18503;3842;114
18504;3876;34
18505;3917;41
18506;3989;72
18507;4042;53
18508;4163;121
18509;4300;137
18510;4526;226
18511;4614;88
18512;4636;22
18513;4727;91
18514;4888;161
18515;5066;178
18516;5252;186
18517;5453;201
18518;5532;79
18519;5580;48
18520;5768;188
18521;5860;92
18522;6021;161
18523;6256;235
18524;6546;290
18525;6677;131
18526;6756;79
18527;6931;175
18528;7269;338
18529;7629;360
18530;8048;419
18531;8600;552
18532;9078;478
18533;9343;265
18534;9574;231
18535;10141;567
18536;10938;797
18537;11617;679
18538;12321;704
18539;13139;818
18540;13492;353
18541;13812;320
18542;14689;877
18543;15726;1037
18544;16910;1184
18545;18797;1887
18546;19851;1054
18547;20355;504
18548;20886;531
18549;22296;1410
18550;24225;1929
18551;26300;2075
18552;28268;1968
18553;29835;1567
18554;30695;860
18555;31400;705
18556;33602;2202
18557;35330;1728
18558;37911;2581
18559;40801;2890
18560;43843;3042
18561;45155;1312
18562;46056;901
18563;48943;2887
18564;51728;2785
18565;55091;3363
18566;57664;2573
18567;59946;2282
18568;61829;1883
18569;63556;1727
18570;66772;3216
18571;68734;1962
18572;71088;2354
18573;73667;2579
18574;75495;1828
18575;76072;577
18576;77123;1051
18577;79181;2058
18578;81772;2591
18579;83796;2024
18580;85567;1771
18581;86767;1200
18582;87276;509
18583;88602;1326
18584;89913;1311
18585;91578;1665
18586;93396;1818
18587;95257;1861
18588;96241;984
18589;96472;231
18590;97493;1021
18591;99304;1811
18592;101257;1953
18593;103106;1849
18594;104632;1526
18595;105733;1101
18596;105929;196
18597;107183;1254
18598;109226;2043
18599;111208;1982
18600;113392;2184
18601;115462;2070
18602;116731;1269
18603;117283;552
18604;119232;1949
18605;121796;2564
18606;124921;3125
18607;127087;2166
18608;130794;3707
18609;132984;2190
18610;133489;505
18611;135523;2034
18612;139088;3565
18613;142133;3045
18614;146124;3991
18615;149275;3151
18616;151336;2061
18617;152555;1219
18618;155218;2663
18619;158905;3687
18620;161562;2657
18621;165608;4046
18622;166649;1041
18623;167523;874
18624;168092;569
18625;170187;2095
18626;173228;3041
18627;179543;6315
18628;184508;4965
18629;186244;1736
18630;187463;1219
18631;188099;636
18632;191088;2989
18633;196047;4959
18634;198184;2137
18635;201164;2980
18636;205236;4072
18637;208209;2973
18638;209069;860
18639;211479;2410
18640;215055;3576
18641;217978;2923
18642;220707;2729
18643;222752;2045
18644;223325;573
18645;224385;1060
18646;226294;1909
18647;228778;2484
18648;231242;2464
18649;233027;1785
18650;234571;1544
18651;236476;1905
18652;237027;551
18653;238617;1590
18654;241392;2775
18655;243427;2035
18656;246008;2581
18657;248190;2182
18658;249913;1723
18659;250357;444
18660;252094;1737
18661;254826;2732
18662;256903;2077
18663;259533;2630
18664;261774;2241
18665;263326;1552
18666;264083;757
18667;265807;1724
18668;268986;3179
18669;271473;2487
18670;273904;2431
18671;276234;2330
18672;277682;1448
18673;278254;572
18674;279696;1442
18675;282864;3168
18676;285419;2555
18677;287752;2333
18678;290457;2705
18679;292143;1686
18680;292792;649
18681;294790;1998
18682;298337;3547
18683;300775;2438
18684;303420;2645
18685;306268;2848
18686;308083;1815
18687;308925;842
18688;311002;2077
18689;314359;3357
18690;317159;2800
18691;319582;2423
18692;322104;2522
18693;323390;1286
18694;323786;396
18695;325993;2207
18696;329593;3600
18697;331571;1978
18698;333872;2301
18699;336235;2363
18700;337503;1268
18701;337960;457
18702;339538;1578
18703;342430;2892
18704;344470;2040
18705;346149;1679
18706;347944;1795
18707;348869;925
18708;349270;401
18709;350551;1281
18710;352528;1977
18711;354182;1654
18712;355454;1272
18713;356985;1531
18714;357910;925
18715;358115;205
18716;359330;1215
18717;361185;1855
18718;362489;1304
18719;363874;1385
18720;364622;748
18721;365242;620
18722;365400;158
18723;365733;333
18724;366894;1161
18725;368470;1576
18726;369393;923
18727;370473;1080
18728;371062;589
18729;371168;106
18730;372038;870
18731;373107;1069
18732;373950;843
18733;374586;636
18734;375336;750
18735;375974;638
18736;376067;93
18737;376709;642
18738;377473;764
18739;378150;677
18740;378635;485
18741;379476;841
18742;379911;435
18743;380010;99
18744;380498;488
18745;381180;682
18746;381744;564
18747;382211;467
18748;382720;509
18749;383098;378
18750;383228;130
18751;383609;381
18752;384317;708
18753;384660;343
18754;385022;362
18755;385395;373
18756;385475;80
18757;385786;311
18758;386136;350
18759;386540;404
18760;386868;328
18761;387162;294
18762;387420;258
18763;387523;103
18764;387659;136
