condition;measurement;ncases
18283;0;0
18284;0;0
18285;0;0
18286;0;0
18287;0;0
18288;0;0
18289;0;0
18290;0;0
18291;0;0
18292;0;0
18293;1;1
18294;1;0
18295;1;0
18296;1;0
18297;1;0
18298;1;0
18299;1;0
18300;1;0
18301;2;1
18302;2;0
18303;2;0
18304;2;0
18305;2;0
18306;2;0
18307;2;0
18308;2;0
18309;2;0
18310;2;0
18311;2;0
18312;2;0
18313;2;0
18314;2;0
18315;2;0
18316;2;0
18317;6;4
18318;13;7
18319;15;2
18320;32;17
18321;45;13
18322;84;39
18323;120;36
18324;165;45
18325;222;57
18326;259;37
18327;400;141
18328;500;100
18329;673;173
18330;1073;400
18331;1695;622
18332;2277;582
18333;2277;0
18334;5232;2955
18335;6391;1159
18336;7798;1407
18337;9942;2144
18338;11748;1806
18339;13910;2162
18340;17963;4053
18341;20410;2447
18342;25374;4964
18343;28768;3394
18344;35136;6368
18345;39885;4749
18346;49515;9630
18347;57786;8271
18348;65719;7933
18349;73235;7516
18350;80110;6875
18351;87956;7846
18352;95923;7967
18353;104118;8195
18354;112065;7947
18355;119199;7134
18356;126168;6969
18357;131646;5478
18358;136675;5029
18359;141942;5267
18360;148220;6278
18361;153222;5002
18362;158273;5051
18363;163027;4754
18364;166831;3804
18365;170099;3268
18366;172541;2442
18367;177644;5103
18368;184948;7304
18369;190839;5891
18370;191726;887
18371;198674;6948
18372;200210;1536
18373;204178;3968
18374;208389;4211
18375;213024;4635
18376;202990;-10034
18377;205905;2915
18378;207634;1729
18379;209465;1831
18380;210773;1308
18381;212917;2144
18382;213435;518
18383;215216;1781
18384;216582;1366
18385;217466;884
18386;218011;545
18387;219329;1318
18388;220325;996
18389;221447;1122
18390;222857;1410
18391;223578;721
18392;224350;772
18393;227436;3086
18394;228030;594
18395;228691;661
18396;229540;849
18397;230183;643
18398;230698;515
18399;230698;0
18400;231606;908
18401;232037;431
18402;232555;518
18403;233037;482
18404;234824;1787
18405;235290;466
18406;235772;482
18407;235400;-372
18408;236259;859
18409;236259;0
18410;237906;1647
18411;238564;658
18412;239228;664
18413;239479;251
18414;239638;159
18415;239932;294
18416;240326;394
18417;240660;334
18418;240978;318
18419;241310;332
18420;241550;240
18421;241717;167
18422;241966;249
18423;242280;314
18424;242707;427
18425;243209;502
18426;243605;396
18427;243928;323
18428;244109;181
18429;244328;219
18430;244683;355
18431;245268;585
18432;245575;307
18433;245938;363
18434;246272;334
18435;246504;232
18436;246752;248
18437;247086;334
18438;247486;400
18439;247905;419
18440;248469;564
18441;248770;301
18442;248970;200
18443;249271;301
18444;249659;388
18445;250103;444
18446;250545;442
18447;250545;0
18448;250545;0
18449;251789;1244
18450;252130;341
18451;252513;383
18452;253056;543
18453;253908;852
18454;253908;0
18455;253908;0
18456;255953;2045
18457;256619;666
18458;257494;875
18459;258855;1361
18460;260255;1400
18461;260255;0
18462;260255;0
18463;264836;4581
18464;266194;1358
18465;267551;1357
18466;270166;2615
18467;272421;2255
18468;272421;0
18469;272421;0
18470;278782;6361
18471;280610;1828
18472;282641;2031
18473;285430;2789
18474;288522;3092
18475;288522;0
18476;288522;0
18477;297054;8532
18478;302814;5760
18479;305767;2953
18480;309855;4088
18481;314362;4507
18482;314362;0
18483;314362;0
18484;322980;8618
18485;326612;3632
18486;329784;3172
18487;337334;7550
18488;342813;5479
18489;342813;0
18490;342813;0
18491;359082;16269
18492;364196;5114
18493;370867;6671
18494;377906;7039
18495;386054;8148
18496;386054;0
18497;386054;0
18498;405436;19382
18499;412553;7117
18500;419849;7296
18501;429507;9658
18502;439286;9779
18503;439286;0
18504;439286;0
18505;462858;23572
18506;470973;8115
18507;479554;8581
18508;488513;8959
18509;498989;10476
18510;498989;0
18511;498989;0
18512;525549;26560
18513;534513;8964
18514;543379;8866
18515;554143;10764
18516;566326;12183
18517;566326;0
18518;566326;0
18519;593730;27404
18520;603167;9437
18521;614360;11193
18522;625651;11291
18523;640040;14389
18524;640040;0
18525;640040;0
18526;671468;31428
18527;682267;10799
18528;693556;11289
18529;704209;10653
18530;716481;12272
18531;716481;0
18532;716481;0
18533;748266;31785
18534;748266;0
18535;769188;20922
18536;778607;9419
18537;789932;11325
18538;789932;0
18539;789932;0
18540;813412;23480
18541;825410;11998
18542;835901;10491
18543;848324;12423
18544;861112;12788
18545;861112;0
18546;861112;0
18547;888968;27856
18548;896086;7118
18549;908056;11970
18550;921374;13318
18551;936560;15186
18552;936560;0
18553;936560;0
18554;974449;37889
18555;988322;13873
18556;1005295;16973
18557;1026281;20986
18558;1046132;19851
18559;1046132;0
18560;1046132;0
18561;1098320;52188
18562;1116738;18418
18563;1136503;19765
18564;1160083;23580
18565;1185678;25595
18566;1185678;0
18567;1185678;0
18568;1240697;55019
18569;1259366;18669
18570;1284408;25042
18571;1306316;21908
18572;1328832;22516
18573;1328832;0
18574;1328832;0
18575;1381218;52386
18576;1381218;0
18577;1417709;36491
18578;1437220;19511
18579;1458591;21371
18580;1458591;0
18581;1458591;0
18582;1496864;38273
18583;1510023;13159
18584;1525341;15318
18585;1541574;16233
18586;1556730;15156
18587;1556730;0
18588;1556730;0
18589;1582616;25886
18590;1594844;12228
18591;1605066;10222
18592;1617355;12289
18593;1628208;10853
18594;1628208;0
18595;1628208;0
18596;1648187;19979
18597;1656444;8257
18598;1665775;9331
18599;1675902;10127
18600;1684647;8745
18601;1684647;0
18602;1684647;0
18603;1702328;17681
18604;1702328;0
18605;1712101;9773
18606;1720056;7955
18607;1730575;10519
18608;1730575;0
18609;1730575;0
18610;1751884;21309
18611;1762212;10328
18612;1773290;11078
18613;1785421;12131
18614;1797236;11815
18615;1797236;0
18616;1797236;0
18617;1819249;22013
18618;1829903;10654
18619;1842289;12386
18620;1854951;12662
18621;1854951;0
18622;1854951;0
18623;1854951;0
18624;1879413;24462
18625;1893502;14089
18626;1910218;16716
18627;1928265;18047
18628;1928265;0
18629;1928265;0
18630;1928265;0
18631;1958844;30579
18632;1982544;23700
18633;1982544;0
18634;2024904;42360
18635;2050360;25456
18636;2050360;0
18637;2050360;0
18638;2111782;61422
18639;2137220;25438
18640;2176089;38869
18641;2211967;35878
18642;2252164;40197
18643;2252164;0
18644;2252164;0
18645;2336451;84287
18646;2370742;34291
18647;2412318;41576
18648;2456675;44357
18649;2499560;42885
18650;2499560;0
18651;2499560;0
18652;2593382;93822
18653;2629817;36435
18654;2670102;40285
18655;2705001;34899
18656;2743119;38118
18657;2743119;0
18658;2743119;0
18659;2822805;79686
18660;2851869;29064
18661;2883465;31596
18662;2913425;29960
18663;2941990;28565
18664;2941990;0
18665;2941990;0
18666;2989085;47095
18667;3005487;16402
18668;3023601;18114
18669;3041454;17853
18670;3056035;14581
18671;3056035;0
18672;3056035;0
18673;3086286;30251
18674;3096343;10057
18675;3107172;10829
18676;3121687;14515
18677;3133122;11435
18678;3133122;0
18679;3133122;0
18680;3153971;20849
18681;3161432;7461
18682;3170644;9212
18683;3180212;9568
18684;3188553;8341
18685;3188553;0
18686;3188553;0
18687;3204531;15978
18688;3130184;-74347
18689;3136321;6137
18690;3142358;6037
18691;3149012;6654
18692;3149012;0
18693;3149012;0
18694;3160970;11958
18695;3164982;4012
18696;3172101;7119
18697;3178356;6255
18698;3183704;5348
18699;3183704;0
18700;3183704;0
18701;3195062;11358
18702;3200024;4962
18703;3206116;6092
18704;3212332;6216
18705;3212332;0
18706;3212332;0
18707;3212332;0
18708;3228803;16471
18709;3234319;5516
18710;3234319;0
18711;3247738;13419
18712;3255324;7586
18713;3255324;0
18714;3255324;0
18715;3270825;15501
18716;3275819;4994
18717;3284353;8534
18718;3291394;7041
18719;3291394;0
18720;3300965;9571
18721;3300965;0
18722;3311325;10360
18723;3317948;6623
18724;3326736;8788
18725;3336637;9901
18726;3347512;10875
18727;3347512;0
18728;3347512;0
18729;3370256;22744
18730;3376548;6292
18731;3387022;10474
18732;3396685;9663
18733;3407283;10598
18734;3407283;0
18735;3407283;0
18736;3428354;21071
18737;3428354;0
18738;3446072;17718
18739;3456886;10814
18740;3468617;11731
18741;3468617;0
18742;3468617;0
18743;3488469;19852
18744;3496134;7665
18745;3504799;8665
18746;3514942;10143
18747;3524077;9135
18748;3524077;0
18749;3524077;0
18750;3540430;16353
18751;3544945;4515
18752;3551262;6317
18753;3559222;7960
18754;3567408;8186
18755;3567408;0
18756;3567408;0
18757;3581392;13984
18758;3586333;4941
18759;3592751;6418
18760;3598452;5701
18761;3604799;6347
18762;3604799;0
18763;3604799;0
18764;3615860;11061
