condition;measurement;ncases
18283;0;0
18284;0;0
18285;0;0
18286;0;0
18287;0;0
18288;1;1
18289;1;0
18290;1;0
18291;1;0
18292;1;0
18293;1;0
18294;1;0
18295;1;0
18296;1;0
18297;1;0
18298;1;0
18299;1;0
18300;1;0
18301;1;0
18302;1;0
18303;1;0
18304;1;0
18305;1;0
18306;1;0
18307;1;0
18308;1;0
18309;1;0
18310;1;0
18311;1;0
18312;1;0
18313;1;0
18314;1;0
18315;1;0
18316;1;0
18317;1;0
18318;1;0
18319;1;0
18320;1;0
18321;1;0
18322;1;0
18323;1;0
18324;1;0
18325;1;0
18326;1;0
18327;1;0
18328;1;0
18329;1;0
18330;1;0
18331;1;0
18332;2;1
18333;2;0
18334;6;4
18335;10;4
18336;18;8
18337;28;10
18338;44;16
18339;51;7
18340;60;9
18341;73;13
18342;77;4
18343;82;5
18344;97;15
18345;102;5
18346;102;0
18347;106;4
18348;106;0
18349;113;7
18350;117;4
18351;122;5
18352;143;21
18353;146;3
18354;151;5
18355;159;8
18356;166;7
18357;176;10
18358;178;2
18359;185;7
18360;189;4
18361;190;1
18362;190;0
18363;198;8
18364;210;12
18365;217;7
18366;233;16
18367;238;5
18368;238;0
18369;244;6
18370;254;10
18371;271;17
18372;304;33
18373;310;6
18374;330;20
18375;368;38
18376;420;52
18377;460;40
18378;523;63
18379;588;65
18380;619;31
18381;649;30
18382;663;14
18383;690;27
18384;705;15
18385;718;13
18386;751;33
18387;771;20
18388;797;26
18389;824;27
18390;835;11
18391;847;12
18392;863;16
18393;869;6
18394;889;20
18395;915;26
18396;925;10
18397;935;10
18398;960;25
18399;981;21
18400;992;11
18401;1027;35
18402;1028;1
18403;1055;27
18404;1068;13
18405;1089;21
18406;1141;52
18407;1182;41
18408;1319;137
18409;1469;150
18410;1530;61
18411;1558;28
18412;1620;62
18413;1633;13
18414;1643;10
18415;1683;40
18416;1749;66
18417;1797;48
18418;1801;4
18419;1814;13
18420;1835;21
18421;1857;22
18422;1859;2
18423;1869;10
18424;1877;8
18425;1880;3
18426;1884;4
18427;1889;5
18428;1905;16
18429;1915;10
18430;1924;9
18431;1947;23
18432;1950;3
18433;1950;0
18434;1950;0
18435;1951;1
18436;1991;40
18437;2001;10
18438;2010;9
18439;2014;4
18440;2033;19
18441;2037;4
18442;2039;2
18443;2047;8
18444;2054;7
18445;2066;12
18446;2069;3
18447;2074;5
18448;2076;2
18449;2077;1
18450;2081;4
18451;2094;13
18452;2154;60
18453;2454;300
18454;2511;57
18455;2617;106
18456;2646;29
18457;2665;19
18458;2671;6
18459;2687;16
18460;2697;10
18461;2703;6
18462;2724;21
18463;2730;6
18464;2730;0
18465;2752;22
18466;2753;1
18467;2764;11
18468;2770;6
18469;2782;12
18470;2805;23
18471;2810;5
18472;2810;0
18473;2814;4
18474;2815;1
18475;2815;0
18476;2823;8
18477;2828;5
18478;2834;6
18479;2839;5
18480;2839;0
18481;2839;0
18482;2841;2
18483;2844;3
18484;2871;27
18485;2880;9
18486;2881;1
18487;2882;1
18488;2886;4
18489;2890;4
18490;2893;3
18491;2900;7
18492;2902;2
18493;2902;0
18494;2918;16
18495;2941;23
18496;2947;6
18497;2953;6
18498;2959;6
18499;2971;12
18500;2984;13
18501;2986;2
18502;2989;3
18503;2995;6
18504;3012;17
18505;3049;37
18506;3092;43
18507;3101;9
18508;3111;10
18509;3115;4
18510;3121;6
18511;3123;2
18512;3123;0
18513;3140;17
18514;3147;7
18515;3155;8
18516;3169;14
18517;3195;26
18518;3234;39
18519;3262;28
18520;3271;9
18521;3271;0
18522;3276;5
18523;3281;5
18524;3283;2
18525;3287;4
18526;3299;12
18527;3313;14
18528;3324;11
18529;3333;9
18530;3345;12
18531;3349;4
18532;3360;11
18533;3363;3
18534;3374;11
18535;3380;6
18536;3382;2
18537;3388;6
18538;3395;7
18539;3402;7
18540;3513;111
18541;4252;739
18542;4459;207
18543;4488;29
18544;4523;35
18545;4628;105
18546;4752;124
18547;4844;92
18548;5038;194
18549;5170;132
18550;5244;74
18551;5354;110
18552;5475;121
18553;5538;63
18554;5625;87
18555;5811;186
18556;5978;167
18557;6287;309
18558;7153;866
18559;7521;368
18560;7872;351
18561;8413;541
18562;8870;457
18563;9205;335
18564;9791;586
18565;10424;633
18566;10663;239
18567;11060;397
18568;11335;275
18569;11744;409
18570;12187;443
18571;12570;383
18572;12970;400
18573;13419;449
18574;13929;510
18575;14285;356
18576;14715;430
18577;15350;635
18578;15723;373
18579;16191;468
18580;16583;392
18581;17287;704
18582;17674;387
18583;18075;401
18584;18402;327
18585;18841;439
18586;19280;439
18587;19771;491
18588;20171;400
18589;20508;337
18590;20967;459
18591;21469;502
18592;22028;559
18593;22501;473
18594;22988;487
18595;23484;496
18596;23987;503
18597;24532;545
18598;25410;878
18599;26038;628
18600;26559;521
18601;27228;669
18602;27877;649
18603;28580;703
18604;29378;798
18605;30072;694
18606;30613;541
18607;31375;762
18608;32135;760
18609;32790;655
18610;33478;688
18611;34121;643
18612;34737;616
18613;35387;650
18614;36049;662
18615;36667;618
18616;37261;594
18617;37631;370
18618;38059;428
18619;38639;580
18620;39231;592
18621;39782;551
18622;40380;598
18623;41054;674
18624;41603;549
18625;42056;453
18626;42702;646
18627;43299;597
18628;43856;557
18629;44371;515
18630;44774;403
18631;45242;468
18632;45726;484
18633;46248;522
18634;46780;532
18635;47305;525
18636;47840;535
18637;48380;540
18638;48949;569
18639;49537;588
18640;50229;692
18641;50899;670
18642;51594;695
18643;52313;719
18644;53062;749
18645;53750;688
18646;54419;669
18647;55189;770
18648;56076;887
18649;56863;787
18650;57587;724
18651;58430;843
18652;59167;737
18653;59922;755
18654;60694;772
18655;61586;892
18656;62445;859
18657;63293;848
18658;64157;864
18659;64983;826
18660;65698;715
18661;66409;711
18662;67115;706
18663;67850;735
18664;68576;726
18665;69348;772
18666;70235;887
18667;71211;976
18668;72174;963
18669;73116;942
18670;74056;940
18671;74852;796
18672;75654;802
18673;76428;774
18674;77184;756
18675;77906;722
18676;78420;514
18677;78937;517
18678;79480;543
18679;79999;519
18680;80517;518
18681;81009;492
18682;81467;458
18683;81933;466
18684;82430;497
18685;82890;460
18686;83094;204
18687;83552;458
18688;83870;318
18689;84226;356
18690;84610;384
18691;84960;350
18692;85150;190
18693;85695;545
18694;86039;344
18695;86343;304
18696;86685;342
18697;86989;304
18698;87286;297
18699;87600;314
18700;87907;307
18701;88238;331
18702;88392;154
18703;88862;470
18704;89024;162
18705;89497;473
18706;89655;158
18707;90200;545
18708;90514;314
18709;90765;251
18710;91018;253
18711;91289;271
18712;91561;272
18713;91839;278
18714;92088;249
18715;92303;215
18716;92442;139
18717;92706;264
18718;92917;211
18719;93128;211
18720;93295;167
18721;93436;141
18722;93595;159
18723;93690;95
18724;93910;220
18725;94253;343
18726;94564;311
18727;94848;284
18728;95131;283
18729;95394;263
18730;95620;226
18731;95719;99
18732;95949;230
18733;96186;237
18734;96354;168
18735;96796;442
18736;97105;309
18737;97472;367
18738;98050;578
18739;98722;672
18740;99518;796
18741;100586;1068
18742;101379;793
18743;102376;997
18744;103487;1111
18745;104953;1466
18746;106484;1531
18747;108146;1662
18748;109862;1716
18749;111753;1891
18750;113676;1923
18751;115590;1914
18752;117529;1939
18753;119424;1895
18754;121338;1914
18755;123234;1896
18756;125906;2672
18757;128530;2624
18758;131098;2568
18759;133527;2429
18760;135796;2269
18761;138085;2289
18762;140471;2386
18763;142746;2275
18764;145202;2456
