condition;measurement;ncases
18283;0;0
18284;0;0
18285;0;0
18286;0;0
18287;0;0
18288;0;0
18289;0;0
18290;0;0
18291;0;0
18292;0;0
18293;0;0
18294;0;0
18295;0;0
18296;0;0
18297;0;0
18298;0;0
18299;0;0
18300;0;0
18301;0;0
18302;0;0
18303;0;0
18304;0;0
18305;0;0
18306;0;0
18307;0;0
18308;0;0
18309;0;0
18310;0;0
18311;0;0
18312;0;0
18313;0;0
18314;0;0
18315;0;0
18316;0;0
18317;0;0
18318;0;0
18319;0;0
18320;0;0
18321;0;0
18322;0;0
18323;0;0
18324;0;0
18325;0;0
18326;0;0
18327;0;0
18328;0;0
18329;0;0
18330;0;0
18331;0;0
18332;1;1
18333;1;0
18334;5;4
18335;5;0
18336;6;1
18337;18;12
18338;47;29
18339;98;51
18340;192;94
18341;359;167
18342;670;311
18343;1236;566
18344;1529;293
18345;1872;343
18346;2433;561
18347;3629;1196
18348;5698;2069
18349;7402;1704
18350;9217;1815
18351;10827;1610
18352;13531;2704
18353;15679;2148
18354;18135;2456
18355;20921;2786
18356;23934;3013
18357;27069;3135
18358;30217;3148
18359;34109;3892
18360;38226;4117
18361;42282;4056
18362;47029;4747
18363;52167;5138
18364;56956;4789
18365;61049;4093
18366;65111;4062
18367;69392;4281
18368;74193;4801
18369;78546;4353
18370;82329;3783
18371;86306;3977
18372;90980;4674
18373;95591;4611
18374;98674;3083
18375;101790;3116
18376;104912;3122
18377;107773;2861
18378;110130;2357
18379;112261;2131
18380;114653;2392
18381;117589;2936
18382;120204;2615
18383;122392;2188
18384;124375;1983
18385;126045;1670
18386;127659;1614
18387;129491;1832
18388;131744;2253
18389;133721;1977
18390;135569;1848
18391;137115;1546
18392;138657;1542
18393;139771;1114
18394;141475;1704
18395;143114;1639
18396;144749;1635
18397;146457;1708
18398;148067;1610
18399;149435;1368
18400;150593;1158
18401;151615;1022
18402;152587;972
18403;153548;961
18404;154500;952
18405;155686;1186
18406;156827;1141
18407;157814;987
18408;158762;948
18409;159797;1035
18410;160979;1182
18411;162120;1141
18412;163103;983
18413;163942;839
18414;164769;827
18415;165555;786
18416;166422;867
18417;167410;988
18418;168340;930
18419;169218;878
18420;170132;914
18421;171121;989
18422;172114;993
18423;173036;922
18424;174023;987
18425;175218;1195
18426;176677;1459
18427;178239;1562
18428;179831;1592
18429;181298;1467
18430;182727;1429
18431;184031;1304
18432;185245;1214
18433;186493;1248
18434;187685;1192
18435;188897;1212
18436;190165;1268
18437;191657;1492
18438;193115;1458
18439;194511;1396
18440;195883;1372
18441;197239;1356
18442;198613;1374
18443;199906;1293
18444;201098;1192
18445;202284;1186
18446;203456;1172
18447;204610;1154
18448;205758;1148
18449;206844;1086
18450;207897;1053
18451;208938;1041
18452;209962;1024
18453;210965;1003
18454;211981;1016
18455;212993;1012
18456;214001;1008
18457;214993;992
18458;215940;947
18459;216873;933
18460;217799;926
18461;218717;918
18462;219641;924
18463;220572;931
18464;221500;928
18465;222402;902
18466;223315;913
18467;224252;937
18468;225173;921
18469;226100;927
18470;227019;919
18471;227982;963
18472;228924;942
18473;229891;967
18474;230873;982
18475;231869;996
18476;232856;987
18477;233851;995
18478;234934;1083
18479;236112;1178
18480;237265;1153
18481;238450;1185
18482;239622;1172
18483;240804;1182
18484;241997;1193
18485;243180;1183
18486;244392;1212
18487;245635;1243
18488;246861;1226
18489;248117;1256
18490;249309;1192
18491;250542;1233
18492;251805;1263
18493;253108;1303
18494;254520;1412
18495;255723;1203
18496;257032;1309
18497;258249;1217
18498;259692;1443
18499;261194;1502
18500;262507;1313
18501;263998;1491
18502;265515;1517
18503;267064;1549
18504;268546;1482
18505;270133;1587
18506;271705;1572
18507;273301;1596
18508;274943;1642
18509;276555;1612
18510;278228;1673
18511;279806;1578
18512;281509;1703
18513;283270;1761
18514;284943;1673
18515;286455;1512
18516;288126;1671
18517;289635;1509
18518;291162;1527
18519;292878;1716
18520;294620;1742
18521;296391;1771
18522;298039;1648
18523;299810;1771
18524;301348;1538
18525;302867;1519
18526;304610;1743
18527;306302;1692
18528;308069;1767
18529;309790;1721
18530;311455;1665
18531;312966;1511
18532;314433;1467
18533;315845;1412
18534;317272;1427
18535;318663;1391
18536;320070;1407
18537;321512;1442
18538;323014;1502
18539;324443;1429
18540;326046;1603
18541;327557;1511
18542;329138;1581
18543;330753;1615
18544;332382;1629
18545;334031;1649
18546;335533;1502
18547;337147;1614
18548;338779;1632
18549;340450;1671
18550;342143;1693
18551;343955;1812
18552;345678;1723
18553;347493;1815
18554;349519;2026
18555;351413;1894
18556;353426;2013
18557;355528;2102
18558;357693;2165
18559;359784;2091
18560;361801;2017
18561;363999;2198
18562;366208;2209
18563;368513;2305
18564;370832;2319
18565;373154;2322
18566;375367;2213
18567;377473;2106
18568;379775;2302
18569;382118;2343
18570;384509;2391
18571;386820;2311
18572;389256;2436
18573;391739;2483
18574;394255;2516
18575;396831;2576
18576;399360;2529
18577;402053;2693
18578;404894;2841
18579;407939;3045
18580;411055;3116
18581;414278;3223
18582;417594;3316
18583;421413;3819
18584;425628;4215
18585;430170;4542
18586;435273;5103
18587;440805;5532
18588;446822;6017
18589;453535;6713
18590;460916;7381
18591;467730;6814
18592;503738;36008
18593;548244;44506
18594;578347;30103
18595;607628;29281
18596;638847;31219
18597;668957;30110
18598;700880;31923
18599;733261;32381
18600;765997;32736
18601;797893;31896
18602;828295;30402
18603;860432;32137
18604;893630;33198
18605;925342;31712
18606;1748567;823225
18607;1780673;32106
18608;1809809;29136
18609;1836728;26919
18610;1866345;29617
18611;1898447;32102
18612;1928165;29718
18613;1955680;27515
18614;1982090;26410
18615;2004285;22195
18616;2024601;20316
18617;2043704;19103
18618;2062960;19256
18619;2082610;19650
18620;2100712;18102
18621;2118255;17543
18622;2133373;15118
18623;2147578;14205
18624;2162775;15197
18625;2178580;15805
18626;2194272;15692
18627;2208652;14380
18628;2220855;12203
18629;2232035;11180
18630;2241912;9877
18631;2255607;13695
18632;2270101;14494
18633;2283931;13830
18634;2296102;12171
18635;2307581;11479
18636;2317118;9537
18637;2326256;9138
18638;2336476;10220
18639;2346285;9809
18640;2355839;9554
18641;2364801;8962
18642;2373115;8314
18643;2380665;7550
18644;2387101;6436
18645;2392963;5862
18646;2399781;6818
18647;2406216;6435
18648;2412505;6289
18649;2418472;5967
18650;2424328;5856
18651;2429605;5277
18652;2435247;5642
18653;2442350;7103
18654;2449839;7489
18655;2457118;7279
18656;2464030;6912
18657;2470901;6871
18658;2477463;6562
18659;2485182;7719
18660;2492977;7795
18661;2501079;8102
18662;2508988;7909
18663;2516889;7901
18664;2524786;7897
18665;2531456;6670
18666;2539559;8103
18667;2548195;8636
18668;2556837;8642
18669;2564427;7590
18670;2572190;7763
18671;2579896;7706
18672;2586183;6287
18673;2594128;7945
18674;2602034;7906
18675;2609359;7325
18676;2616600;7241
18677;2624019;7419
18678;2631876;7857
18679;2638422;6546
18680;2646526;8104
18681;2655633;9107
18682;2665194;9561
18683;2674766;9572
18684;2683971;9205
18685;2693164;9193
18686;2701588;8424
18687;2711479;9891
18688;2723316;11837
18689;2734836;11520
18690;2746158;11322
18691;2757460;11302
18692;2769230;11770
18693;2780417;11187
18694;2793632;13215
18695;2807387;13755
18696;2821943;14556
18697;2835989;14046
18698;2850930;14941
18699;2866012;15082
18700;2879390;13378
18701;2894893;15503
18702;2911642;16749
18703;2930554;18912
18704;2950603;20049
18705;2971633;21030
18706;2992694;21061
18707;3013122;20428
18708;3035338;22216
18709;3061520;26182
18710;3091282;29762
18711;3120013;28731
18712;3149094;29081
18713;3179115;30021
18714;3208173;29058
18715;3240577;32404
18716;3277880;37303
18717;3317182;39302
18718;3357988;40806
18719;3400296;42308
18720;3445052;44756
18721;3487050;41998
18722;3529601;42551
18723;3579185;49584
18724;3633925;54740
18725;3689866;55941
18726;3745657;55791
18727;3798333;52676
18728;3849011;50678
18729;3903573;54562
18730;3962760;59187
18731;4025557;62797
18732;4086957;61400
18733;4150039;63082
18734;4212645;62606
18735;4268447;55802
18736;4323596;55149
18737;4384624;61028
18738;4446591;61967
18739;4501382;54791
18740;4550820;49438
18741;4591416;40596
18742;4629969;38553
18743;4667281;37312
18744;4710582;43301
18745;4751026;40444
18746;4788700;37674
18747;4820591;31891
18748;4849408;28817
18749;4875388;25980
18750;4900121;24733
18751;4929118;28997
18752;4955594;26476
18753;4977982;22388
18754;4998089;20107
18755;5016141;18052
18756;5031332;15191
18757;5044936;13604
18758;5059433;14497
18759;5072462;13029
18760;5083996;11534
18761;5095390;11394
18762;5106862;11472
18763;5117374;10512
18764;5127548;10174
