condition;measurement;ncases
18283;0;0
18284;0;0
18285;0;0
18286;0;0
18287;0;0
18288;0;0
18289;0;0
18290;0;0
18291;0;0
18292;0;0
18293;0;0
18294;0;0
18295;0;0
18296;0;0
18297;0;0
18298;0;0
18299;0;0
18300;0;0
18301;0;0
18302;0;0
18303;0;0
18304;0;0
18305;0;0
18306;0;0
18307;0;0
18308;0;0
18309;0;0
18310;0;0
18311;0;0
18312;0;0
18313;0;0
18314;0;0
18315;0;0
18316;0;0
18317;0;0
18318;0;0
18319;0;0
18320;0;0
18321;0;0
18322;0;0
18323;0;0
18324;0;0
18325;0;0
18326;0;0
18327;0;0
18328;0;0
18329;0;0
18330;0;0
18331;0;0
18332;0;0
18333;0;0
18334;0;0
18335;0;0
18336;0;0
18337;0;0
18338;0;0
18339;0;0
18340;0;0
18341;0;0
18342;1;1
18343;1;0
18344;9;8
18345;9;0
18346;14;5
18347;14;0
18348;23;9
18349;30;7
18350;33;3
18351;33;0
18352;44;11
18353;44;0
18354;45;1
18355;48;3
18356;48;0
18357;52;4
18358;52;0
18359;52;0
18360;53;1
18361;53;0
18362;53;0
18363;53;0
18364;54;1
18365;54;0
18366;55;1
18367;55;0
18368;55;0
18369;56;1
18370;55;-1
18371;55;0
18372;56;1
18373;61;5
18374;63;2
18375;74;11
18376;75;1
18377;75;0
18378;79;4
18379;79;0
18380;79;0
18381;81;2
18382;83;2
18383;85;2
18384;88;3
18385;89;1
18386;97;8
18387;98;1
18388;100;2
18389;101;1
18390;101;0
18391;116;15
18392;121;5
18393;121;0
18394;129;8
18395;139;10
18396;160;21
18397;203;43
18398;227;24
18399;227;0
18400;248;21
18401;260;12
18402;264;4
18403;160;-104
18404;175;15
18405;198;23
18406;198;0
18407;222;24
18408;253;31
18409;281;28
18410;317;36
18411;329;12
18412;413;84
18413;417;4
18414;457;40
18415;489;32
18416;507;18
18417;522;15
18418;557;35
18419;593;36
18420;616;23
18421;646;30
18422;657;11
18423;665;8
18424;679;14
18425;686;7
18426;694;8
18427;696;2
18428;705;9
18429;724;19
18430;732;8
18431;741;9
18432;755;14
18433;763;8
18434;770;7
18435;774;4
18436;797;23
18437;805;8
18438;821;16
18439;833;12
18440;848;15
18441;859;11
18442;870;11
18443;889;19
18444;893;4
18445;902;9
18446;911;9
18447;927;16
18448;939;12
18449;953;14
18450;971;18
18451;977;6
18452;1000;23
18453;1006;6
18454;1013;7
18455;1025;12
18456;1029;4
18457;1040;11
18458;1043;3
18459;1051;8
18460;1056;5
18461;1062;6
18462;1065;3
18463;1069;4
18464;1072;3
18465;1075;3
18466;1079;4
18467;1089;10
18468;1103;14
18469;1115;12
18470;1128;13
18471;1135;7
18472;1140;5
18473;1147;7
18474;1154;7
18475;1176;22
18476;1182;6
18477;1195;13
18478;1203;8
18479;1213;10
18480;1223;10
18481;1254;31
18482;1267;13
18483;1283;16
18484;1297;14
18485;1313;16
18486;1332;19
18487;1353;21
18488;1385;32
18489;1434;49
18490;1500;66
18491;1560;60
18492;1603;43
18493;1656;53
18494;1750;94
18495;1848;98
18496;2166;318
18497;2263;97
18498;2362;99
18499;2426;64
18500;2524;98
18501;2679;155
18502;2756;77
18503;2847;91
18504;2928;81
18505;2972;44
18506;3037;65
18507;3112;75
18508;3288;176
18509;3353;65
18510;3539;186
18511;3667;128
18512;3776;109
18513;3900;124
18514;4101;201
18515;4291;190
18516;4377;86
18517;4703;326
18518;4799;96
18519;4978;179
18520;5123;145
18521;5266;143
18522;5380;114
18523;5594;214
18524;6017;423
18525;6287;270
18526;6468;181
18527;6712;244
18528;6879;167
18529;7064;185
18530;7218;154
18531;7364;146
18532;7530;166
18533;7777;247
18534;8017;240
18535;8129;112
18536;8287;158
18537;8491;204
18538;8662;171
18539;8808;146
18540;8965;157
18541;9082;117
18542;9260;178
18543;9442;182
18544;9538;96
18545;9701;163
18546;9801;100
18547;9864;63
18548;9945;81
18549;10069;124
18550;10117;48
18551;10334;217
18552;10455;121
18553;10590;135
18554;10691;101
18555;10788;97
18556;10933;145
18557;11041;108
18558;11163;122
18559;11297;134
18560;11443;146
18561;11557;114
18562;11621;64
18563;11767;146
18564;12201;434
18565;12410;209
18566;12495;85
18567;12743;248
18568;12971;228
18569;13099;128
18570;13351;252
18571;13568;217
18572;13852;284
18573;14066;214
18574;14403;337
18575;14574;171
18576;14704;130
18577;14993;289
18578;15217;224
18579;15402;185
18580;15789;387
18581;16020;231
18582;16257;237
18583;16563;306
18584;16905;342
18585;17148;243
18586;17431;283
18587;17667;236
18588;17968;301
18589;18165;197
18590;18406;241
18591;18890;484
18592;19115;225
18593;19588;473
18594;19944;356
18595;20145;201
18596;20459;314
18597;21035;576
18598;21409;374
18599;21612;203
18600;21898;286
18601;22188;290
18602;22499;311
18603;23200;701
18604;23200;0
18605;25059;1859
18606;25730;671
18607;26369;639
18608;27071;702
18609;27532;461
18610;27766;234
18611;28168;402
18612;28733;565
18613;29361;628
18614;30071;710
18615;30702;631
18616;31187;485
18617;31384;197
18618;31910;526
18619;32399;489
18620;32914;515
18621;33360;446
18622;33563;203
18623;33811;248
18624;33973;162
18625;34281;308
18626;34677;396
18627;35216;539
18628;35511;295
18629;35712;201
18630;35922;210
18631;36050;128
18632;36407;357
18633;36702;295
18634;37074;372
18635;37296;222
18636;37554;258
18637;37742;188
18638;37808;66
18639;37948;140
18640;38085;137
18641;38085;0
18642;38085;0
18643;38085;0
18644;38085;0
18645;38085;0
18646;38534;449
18647;38628;94
18648;38806;178
18649;38935;129
18650;39044;109
18651;39149;105
18652;39188;39
18653;39261;73
18654;39314;53
18655;39424;110
18656;39490;66
18657;39533;43
18658;39579;46
18659;39606;27
18660;39651;45
18661;39685;34
18662;39735;50
18663;39789;54
18664;39821;32
18665;39848;27
18666;39860;12
18667;39883;23
18668;39911;28
18669;39942;31
18670;39979;37
18671;40019;40
18672;40019;0
18673;40055;36
18674;40063;8
18675;40102;39
18676;40154;52
18677;40168;14
18678;40199;31
18679;40213;14
18680;40221;8
18681;40243;22
18682;40261;18
18683;40300;39
18684;40322;22
18685;40335;13
18686;40357;22
18687;40367;10
18688;40395;28
18689;40408;13
18690;40426;18
18691;40452;26
18692;40452;0
18693;40464;12
18694;40479;15
18695;40490;11
18696;40520;30
18697;40535;15
18698;40544;9
18699;40544;0
18700;40581;37
18701;40591;10
18702;40593;2
18703;40607;14
18704;40625;18
18705;40651;26
18706;40651;0
18707;40671;20
18708;40687;16
18709;40719;32
18710;40719;0
18711;40734;15
18712;40751;17
18713;40767;16
18714;40794;27
18715;40820;26
18716;40839;19
18717;40867;28
18718;40889;22
18719;40924;35
18720;40962;38
18721;40962;0
18722;41016;54
18723;41023;7
18724;41046;23
18725;41062;16
18726;41086;24
18727;41113;27
18728;41140;27
18729;41174;34
18730;41204;30
18731;41237;33
18732;41263;26
18733;41310;47
18734;41340;30
18735;41378;38
18736;41396;18
18737;41422;26
18738;41475;53
18739;41529;54
18740;41575;46
18741;41575;0
18742;41655;80
18743;41715;60
18744;41737;22
18745;41766;29
18746;41797;31
18747;41866;69
18748;41905;39
18749;41905;0
18750;41973;68
18751;42032;59
18752;42102;70
18753;42152;50
18754;42224;72
18755;42308;84
18756;42355;47
18757;42384;29
18758;42427;43
18759;42487;60
18760;42578;91
18761;42674;96
18762;42674;0
18763;42779;105
18764;42859;80
