condition;measurement;ncases
18283;0;0
18284;0;0
18285;0;0
18286;0;0
18287;0;0
18288;0;0
18289;0;0
18290;0;0
18291;0;0
18292;2;2
18293;2;0
18294;2;0
18295;8;6
18296;8;0
18297;9;1
18298;9;0
18299;9;0
18300;13;4
18301;14;1
18302;14;0
18303;15;1
18304;16;1
18305;17;1
18306;18;1
18307;18;0
18308;18;0
18309;19;1
18310;19;0
18311;20;1
18312;22;2
18313;23;1
18314;23;0
18315;28;5
18316;30;2
18317;34;4
18318;37;3
18319;44;7
18320;56;12
18321;61;5
18322;94;33
18323;134;40
18324;189;55
18325;246;57
18326;295;49
18327;374;79
18328;429;55
18329;483;54
18330;630;147
18331;889;259
18332;1301;412
18333;1790;489
18334;2270;480
18335;2634;364
18336;3077;443
18337;3692;615
18338;4462;770
18339;5468;1006
18340;6534;1066
18341;7792;1258
18342;9007;1215
18343;10395;1388
18344;12744;2349
18345;15126;2382
18346;17843;2717
18347;20970;3127
18348;24219;3249
18349;27062;2843
18350;29954;2892
18351;34281;4327
18352;38815;4534
18353;43789;4974
18354;48718;4929
18355;53699;4981
18356;57772;4073
18357;61422;3650
18358;66738;5316
18359;72224;5486
18360;77387;5163
18361;82293;4906
18362;86660;4367
18363;90273;3613
18364;93812;3539
18365;98017;4205
18366;102365;4348
18367;107465;5100
18368;112808;5343
18369;117798;4990
18370;122534;4736
18371;126394;3860
18372;131260;4866
18373;136035;4775
18374;141540;5505
18375;146708;5168
18376;151689;4981
18377;155453;3764
18378;158926;3473
18379;163630;4704
18380;168357;4727
18381;173807;5450
18382;178771;4964
18383;183501;4730
18384;186731;3230
18385;189708;2977
18386;193091;3383
18387;196780;3689
18388;200616;3836
18389;204387;3771
18390;207439;3052
18391;209589;2150
18392;211911;2322
18393;215500;3589
18394;218895;3395
18395;222195;3300
18396;224813;2618
18397;227334;2521
18398;229406;2072
18399;231232;1826
18400;233809;2577
18401;236867;3058
18402;239579;2712
18403;242133;2554
18404;244174;2041
18405;245682;1508
18406;247037;1355
18407;248650;1613
18408;250309;1659
18409;252118;1809
18410;253854;1736
18411;255362;1508
18412;256469;1107
18413;257539;1070
18414;258983;1444
18415;260453;1470
18416;261802;1349
18417;263040;1238
18418;264150;1110
18419;264944;794
18420;265662;718
18421;266756;1094
18422;267915;1159
18423;269101;1186
18424;270108;1007
18425;271162;1054
18426;272050;888
18427;272857;807
18428;273888;1031
18429;274971;1083
18430;275970;999
18431;276990;1020
18432;277974;984
18433;278640;666
18434;279264;624
18435;280156;892
18436;281038;882
18437;281815;777
18438;282512;697
18439;283151;639
18440;283785;634
18441;284192;407
18442;284812;620
18443;285216;404
18444;285279;63
18445;285285;6
18446;285787;502
18447;286412;625
18448;286931;519
18449;287290;359
18450;287874;584
18451;288511;637
18452;289154;643
18453;289678;524
18454;290504;826
18455;291154;650
18456;291691;537
18457;292931;1240
18458;293469;538
18459;294116;647
18460;294803;687
18461;295632;829
18462;296358;726
18463;296944;586
18464;297389;445
18465;297952;563
18466;298731;779
18467;299500;769
18468;300270;770
18469;301020;750
18470;301708;688
18471;302261;553
18472;303063;802
18473;303910;847
18474;304793;883
18475;305562;769
18476;306309;747
18477;307251;942
18478;307926;675
18479;308832;906
18480;309796;964
18481;310696;900
18482;311461;765
18483;312574;1113
18484;313392;818
18485;314542;1150
18486;315581;1039
18487;316729;1148
18488;318190;1461
18489;319232;1042
18490;320343;1111
18491;321064;721
18492;322177;1113
18493;323008;831
18494;324203;1195
18495;325263;1060
18496;326595;1332
18497;327643;1048
18498;328620;977
18499;329821;1201
18500;330967;1146
18501;332509;1542
18502;333806;1297
18503;334916;1110
18504;336668;1752
18505;338083;1415
18506;339415;1332
18507;340929;1514
18508;342708;1779
18509;344686;1978
18510;346513;1827
18511;349500;2987
18512;352453;2953
18513;354934;2481
18514;357615;2681
18515;360546;2931
18516;364090;3544
18517;367594;3504
18518;370932;3338
18519;373557;2625
18520;376672;3115
18521;380679;4007
18522;384089;3410
18523;388418;4329
18524;392847;4429
18525;396746;3899
18526;401124;4378
18527;406060;4936
18528;412247;6187
18529;418891;6644
18530;425769;6878
18531;431819;6050
18532;437519;5700
18533;441575;4056
18534;448731;7156
18535;455848;7117
18536;462777;6929
18537;469771;6994
18538;482656;12885
18539;505621;22965
18540;518224;12603
18541;532781;14557
18542;546954;14173
18543;564504;17550
18544;578392;13888
18545;593567;15175
18546;606449;12882
18547;620460;14011
18548;637710;17250
18549;657461;19751
18550;676457;18996
18551;692114;15657
18552;708300;16186
18553;725294;16994
18554;744124;18830
18555;765489;21365
18556;792196;26707
18557;813453;21257
18558;834012;20559
18559;857045;23033
18560;876842;19797
18561;897742;20900
18562;920666;22924
18563;945380;24714
18564;968458;23078
18565;992876;24418
18566;1014795;21919
18567;1038056;23261
18568;1057023;18967
18569;1077101;20078
18570;1102307;25206
18571;1126471;24164
18572;1149793;23322
18573;1174772;24979
18574;1195352;20580
18575;1216749;21397
18576;1237200;20451
18577;1260200;23000
18578;1293717;33517
18579;1321033;27316
18580;1347909;26876
18581;1372886;24977
18582;1394302;21416
18583;1414362;20060
18584;1434007;19645
18585;1456943;22936
18586;1477217;20274
18587;1497138;19921
18588;1515805;18667
18589;1531270;15465
18590;1542614;11344
18591;1560875;18261
18592;1578432;17557
18593;1593253;14821
18594;1609144;15891
18595;1621308;12164
18596;1633736;12428
18597;1647233;13497
18598;1663470;16237
18599;1678421;14951
18600;1694803;16382
18601;1710382;15579
18602;1727754;17372
18603;1742528;14774
18604;1754914;12386
18605;1771548;16634
18606;1792614;21066
18607;1814398;21784
18608;1835952;21554
18609;1854493;18541
18610;1874870;20377
18611;1893439;18569
18612;1918739;25300
18613;1954271;35532
18614;1982831;28560
18615;2010080;27249
18616;2046164;36084
18617;2079681;33517
18618;2116612;36931
18619;2155999;39387
18620;2195148;39149
18621;2227951;32803
18622;2262739;34788
18623;2295232;32493
18624;2336692;41460
18625;2389967;53275
18626;2440206;50239
18627;2496235;56029
18628;2549693;53458
18629;2607546;57853
18630;2662703;55157
18631;2721626;58923
18632;2782713;61087
18633;2845269;62556
18634;2898056;52787
18635;2966248;68192
18636;3026346;60098
18637;3081372;55026
18638;3127647;46275
18639;3173295;45648
18640;3220957;47662
18641;3269761;48804
18642;3325646;55885
18643;3367074;41428
18644;3405744;38670
18645;3443354;37610
18646;3476808;33454
18647;3515800;38992
18648;3553777;37977
18649;3594098;40321
18650;3627750;33652
18651;3657861;30111
18652;3680105;22244
18653;3700272;20167
18654;3725641;25369
18655;3754452;28811
18656;3783597;29145
18657;3806997;23400
18658;3828187;21190
18659;3846855;18668
18660;3863761;16906
18661;3882976;19215
18662;3903710;20734
18663;3922914;19204
18664;3941277;18363
18665;3957181;15904
18666;3971319;14138
18667;3983760;12441
18668;3996837;13077
18669;4010380;13543
18670;4025578;15198
18671;4038933;13355
18672;4049924;10991
18673;4059700;9776
18674;4070336;10636
18675;4083096;12760
18676;4095191;12095
18677;4107290;12099
18678;4117743;10453
18679;4127578;9835
18680;4138237;10659
18681;4146760;8523
18682;4156707;9947
18683;4166727;10020
18684;4175315;8588
18685;4182772;7457
18686;4188827;6055
18687;4194289;5462
18688;4200700;6411
18689;4207120;6420
18690;4213764;6644
18691;4219788;6024
18692;4225906;6118
18693;4231166;5260
18694;4235989;4823
18695;4241858;5869
18696;4247879;6021
18697;4254714;6835
18698;4261398;6684
18699;4267015;5617
18700;4271710;4695
18701;4276840;5130
18702;4282203;5363
18703;4287996;5793
18704;4294328;6332
18705;4299200;4872
18706;4304839;5639
18707;4310195;5356
18708;4315602;5407
18709;4321019;5417
18710;4326645;5626
18711;4332922;6277
18712;4339157;6235
18713;4343066;3909
18714;4347013;3947
18715;4351796;4783
18716;4355867;4071
18717;4359982;4115
18718;4364547;4565
18719;4367969;3422
18720;4371393;3424
18721;4373798;2405
18722;4376629;2831
18723;4379033;2404
18724;4381830;2797
18725;4384954;3124
18726;4380167;-4787
18727;4382880;2713
18728;4384610;1730
18729;4388296;3686
18730;4390801;2505
18731;4393330;2529
18732;4396096;2766
18733;4398903;2807
18734;4401176;2273
18735;4403060;1884
18736;4406114;3054
18737;4408644;2530
18738;4411068;2424
18739;4413834;2766
18740;4416588;2754
18741;4418710;2122
18742;4420443;1733
18743;4422562;2119
18744;4425259;2697
18745;4427390;2131
18746;4429849;2459
18747;4432246;2397
18748;4434157;1911
18749;4435831;1674
18750;4437505;1674
18751;4439489;1984
18752;4441644;2155
18753;4444262;2618
18754;4446752;2490
18755;4448808;2056
18756;4450578;1770
18757;4452956;2378
18758;4455446;2490
18759;4457742;2296
18760;4460405;2663
18761;4462603;2198
18762;4464663;2060
18763;4466589;1926
18764;4468582;1993
