condition;measurement;ncases
18283;0;0
18284;0;0
18285;0;0
18286;0;0
18287;0;0
18288;0;0
18289;0;0
18290;4;4
18291;4;0
18292;4;0
18293;4;0
18294;5;1
18295;5;0
18296;5;0
18297;5;0
18298;5;0
18299;5;0
18300;7;2
18301;7;0
18302;8;1
18303;8;0
18304;8;0
18305;8;0
18306;8;0
18307;8;0
18308;9;1
18309;9;0
18310;9;0
18311;9;0
18312;9;0
18313;9;0
18314;13;4
18315;13;0
18316;13;0
18317;13;0
18318;13;0
18319;13;0
18320;19;6
18321;21;2
18322;21;0
18323;21;0
18324;27;6
18325;27;0
18326;29;2
18327;29;0
18328;45;16
18329;45;0
18330;45;0
18331;74;29
18332;74;0
18333;85;11
18334;85;0
18335;85;0
18336;98;13
18337;98;0
18338;98;0
18339;113;15
18340;140;27
18341;140;0
18342;153;13
18343;153;0
18344;198;45
18345;248;50
18346;333;85
18347;333;0
18348;405;72
18349;468;63
18350;570;102
18351;611;41
18352;664;53
18353;814;150
18354;1024;210
18355;1264;240
18356;1505;241
18357;1799;294
18358;2076;277
18359;2359;283
18360;2659;300
18361;2990;331
18362;3360;370
18363;3736;376
18364;4123;387
18365;4521;398
18366;4933;412
18367;5365;432
18368;5825;460
18369;6302;477
18370;6302;0
18371;6781;479
18372;7265;484
18373;7755;490
18374;8238;483
18375;8756;518
18376;9281;525
18377;9813;532
18378;10349;536
18379;10839;490
18380;11380;541
18381;11929;549
18382;12481;552
18383;13038;557
18384;13599;561
18385;14163;564
18386;14730;567
18387;15192;462
18388;15738;546
18389;16240;502
18390;16793;553
18391;17417;624
18392;18198;781
18393;18878;680
18394;19661;783
18395;20386;725
18396;21084;698
18397;21831;747
18398;22627;796
18399;23358;731
18400;24190;832
18401;25063;873
18402;26004;941
18403;26898;894
18404;27892;994
18405;28704;812
18406;29485;781
18407;30307;822
18408;31086;779
18409;31969;883
18410;32532;563
18411;33170;638
18412;33896;726
18413;34557;661
18414;35192;635
18415;35788;596
18416;36359;571
18417;37018;659
18418;37642;624
18419;38268;626
18420;38808;540
18421;39376;568
18422;39904;528
18423;40507;603
18424;40986;479
18425;41499;513
18426;41990;491
18427;42294;304
18428;42636;342
18429;42982;346
18430;43364;382
18431;43752;388
18432;44145;393
18433;44533;388
18434;44925;392
18435;45303;378
18436;45683;380
18437;46133;450
18438;46563;430
18439;46973;410
18440;47360;387
18441;47797;437
18442;48246;449
18443;48667;421
18444;49069;402
18445;49469;400
18446;50141;672
18447;50857;716
18448;51540;683
18449;52068;528
18450;52600;532
18451;53045;445
18452;53577;532
18453;54050;473
18454;54453;403
18455;54854;401
18456;55198;344
18457;55573;375
18458;55848;275
18459;56129;281
18460;56422;293
18461;56711;289
18462;56922;211
18463;57193;271
18464;57498;305
18465;57734;236
18466;57988;254
18467;58249;261
18468;58562;313
18469;58913;351
18470;59177;264
18471;59546;369
18472;59921;375
18473;60223;302
18474;60506;283
18475;60760;254
18476;60999;239
18477;61163;164
18478;61352;189
18479;61606;254
18480;61845;239
18481;62061;216
18482;62300;239
18483;62525;225
18484;62704;179
18485;62966;262
18486;63212;246
18487;63489;277
18488;63819;330
18489;64102;283
18490;64312;210
18491;64541;229
18492;64906;365
18493;65341;435
18494;65802;461
18495;66193;391
18496;66617;424
18497;67007;390
18498;67282;275
18499;67621;339
18500;68020;399
18501;68511;491
18502;68901;390
18503;69328;427
18504;69690;362
18505;70231;541
18506;70805;574
18507;71540;735
18508;72154;614
18509;72766;612
18510;73471;705
18511;73984;513
18512;74454;470
18513;75098;644
18514;75981;883
18515;76911;930
18516;77842;931
18517;78849;1007
18518;79489;640
18519;80266;777
18520;80940;674
18521;81782;842
18522;82568;786
18523;83433;865
18524;84242;809
18525;84916;674
18526;85595;679
18527;86447;852
18528;87530;1083
18529;88532;1002
18530;89540;1008
18531;90618;1078
18532;91469;851
18533;92095;626
18534;93090;995
18535;94190;1100
18536;95348;1158
18537;96529;1181
18538;97760;1231
18539;98801;1041
18540;99733;932
18541;100794;1061
18542;101840;1046
18543;102929;1089
18544;104004;1075
18545;105133;1129
18546;106229;1096
18547;107293;1064
18548;108608;1315
18549;110039;1431
18550;111437;1398
18551;112849;1412
18552;114387;1538
18553;115602;1215
18554;116517;915
18555;117594;1077
18556;119132;1538
18557;120710;1578
18558;122273;1563
18559;123764;1491
18560;125123;1359
18561;126234;1111
18562;127624;1390
18563;129024;1400
18564;130336;1312
18565;131508;1172
18566;132629;1121
18567;133907;1278
18568;135141;1234
18569;136149;1008
18570;137310;1161
18571;138599;1289
18572;139891;1292
18573;141032;1141
18574;142143;1111
18575;143289;1146
18576;144385;1096
18577;145599;1214
18578;146735;1136
18579;147961;1226
18580;149135;1174
18581;150345;1210
18582;151554;1209
18583;152809;1255
18584;154101;1292
18585;155254;1153
18586;156523;1269
18587;157785;1262
18588;158990;1205
18589;160055;1065
18590;161365;1310
18591;162662;1297
18592;163967;1305
18593;165250;1283
18594;166502;1252
18595;167753;1251
18596;168860;1107
18597;170149;1289
18598;171434;1285
18599;172751;1317
18600;174062;1311
18601;175276;1214
18602;176429;1153
18603;177577;1148
18604;178837;1260
18605;180150;1313
18606;181405;1255
18607;182601;1196
18608;183755;1154
18609;184949;1194
18610;186041;1092
18611;187267;1226
18612;188545;1278
18613;189866;1321
18614;191150;1284
18615;192404;1254
18616;193575;1171
18617;194652;1077
18618;195878;1226
18619;197124;1246
18620;198435;1311
18621;199665;1230
18622;200892;1227
18623;201836;944
18624;202863;1027
18625;204369;1506
18626;206092;1723
18627;207822;1730
18628;209678;1856
18629;211641;1963
18630;213231;1590
18631;214732;1501
18632;216699;1967
18633;218766;2067
18634;221754;2988
18635;224704;2950
18636;227702;2998
18637;230578;2876
18638;232982;2404
18639;236225;3243
18640;239587;3362
18641;242969;3382
18642;246376;3407
18643;249808;3432
18644;253261;3453
18645;256732;3471
18646;260223;3491
18647;263729;3506
18648;267258;3529
18649;270810;3552
18650;274376;3566
18651;277955;3579
18652;281546;3591
18653;285147;3601
18654;289086;3939
18655;293052;3966
18656;297014;3962
18657;300661;3647
18658;303609;2948
18659;306339;2730
18660;309649;3310
18661;313626;3977
18662;316875;3249
18663;320126;3251
18664;323402;3276
18665;326495;3093
18666;329293;2798
18667;332603;3310
18668;336142;3539
18669;339667;3525
18670;342974;3307
18671;345605;2631
18672;348772;3167
18673;351895;3123
18674;355131;3236
18675;358583;3452
18676;361877;3294
18677;365017;3140
18678;368175;3158
18679;370425;2250
18680;372530;2105
18681;375535;3005
18682;378637;3102
18683;381662;3025
18684;385160;3498
18685;388594;3434
18686;391524;2930
18687;394050;2526
18688;396771;2721
18689;399463;2692
18690;402205;2742
18691;405277;3072
18692;408236;2959
18693;410849;2613
18694;413332;2483
18695;415705;2373
18696;417909;2204
18697;419996;2087
18698;422246;2250
18699;424405;2159
18700;426397;1992
18701;428295;1898
18702;430313;2018
18703;432364;2051
18704;434465;2101
18705;436625;2160
18706;438638;2013
18707;440355;1717
18708;442226;1871
18709;444398;2172
18710;446594;2196
18711;448637;2043
18712;450765;2128
18713;453069;2304
18714;455197;2128
18715;457071;1874
18716;459360;2289
18717;461444;2084
18718;463759;2315
18719;465939;2180
18720;468023;2084
18721;470136;2113
18722;472148;2012
18723;474136;1988
18724;476019;1883
18725;478131;2112
18726;480006;1875
18727;481937;1931
18728;483747;1810
18729;485675;1928
18730;487697;2022
18731;489495;1798
18732;491423;1928
18733;493266;1843
18734;495224;1958
18735;497154;1930
18736;498957;1803
18737;500860;1903
18738;502791;1931
18739;504872;2081
18740;506845;1973
18741;508925;2080
18742;510738;1813
18743;512497;1759
18744;514591;2094
18745;516301;1710
18746;518262;1961
18747;520236;1974
18748;521948;1712
18749;523795;1847
18750;525567;1772
18751;527266;1699
18752;529220;1954
18753;530944;1724
18754;532710;1766
18755;534445;1735
18756;536017;1572
18757;537524;1507
18758;539138;1614
18759;540646;1508
18760;542158;1512
18761;543610;1452
18762;544931;1321
18763;546182;1251
18764;547411;1229
