condition;measurement;ncases
18283;0;0
18284;0;0
18285;0;0
18286;0;0
18287;0;0
18288;0;0
18289;0;0
18290;0;0
18291;0;0
18292;0;0
18293;0;0
18294;0;0
18295;0;0
18296;0;0
18297;0;0
18298;0;0
18299;0;0
18300;0;0
18301;0;0
18302;0;0
18303;0;0
18304;0;0
18305;0;0
18306;0;0
18307;0;0
18308;0;0
18309;0;0
18310;0;0
18311;0;0
18312;0;0
18313;0;0
18314;0;0
18315;0;0
18316;0;0
18317;0;0
18318;0;0
18319;0;0
18320;0;0
18321;0;0
18322;0;0
18323;0;0
18324;0;0
18325;0;0
18326;0;0
18327;0;0
18328;0;0
18329;0;0
18330;0;0
18331;0;0
18332;0;0
18333;0;0
18334;0;0
18335;2;2
18336;10;8
18337;17;7
18338;33;16
18339;36;3
18340;42;6
18341;42;0
18342;70;28
18343;70;0
18344;77;7
18345;84;7
18346;91;7
18347;107;16
18348;107;0
18349;119;12
18350;119;0
18351;135;16
18352;135;0
18353;143;8
18354;146;3
18355;153;7
18356;155;2
18357;159;4
18358;165;6
18359;165;0
18360;167;2
18361;171;4
18362;171;0
18363;175;4
18364;181;6
18365;189;8
18366;189;0
18367;197;8
18368;204;7
18369;204;0
18370;227;23
18371;256;29
18372;256;0
18373;285;29
18374;288;3
18375;311;23
18376;318;7
18377;323;5
18378;325;2
18379;329;4
18380;329;0
18381;331;2
18382;333;2
18383;335;2
18384;345;10
18385;357;12
18386;357;0
18387;361;4
18388;379;18
18389;381;2
18390;388;7
18391;402;14
18392;414;12
18393;422;8
18394;423;1
18395;423;0
18396;455;32
18397;459;4
18398;504;45
18399;541;37
18400;618;77
18401;749;131
18402;824;75
18403;882;58
18404;944;62
18405;1010;66
18406;1121;111
18407;1177;56
18408;1211;34
18409;1245;34
18410;1325;80
18411;1370;45
18412;1459;89
18413;1510;51
18414;1662;152
18415;1819;157
18416;1952;133
18417;2087;135
18418;2145;58
18419;2316;171
18420;2377;61
18421;2473;96
18422;2632;159
18423;2738;106
18424;2814;76
18425;2879;65
18426;2904;25
18427;2978;74
18428;3062;84
18429;3150;88
18430;3386;236
18431;3483;97
18432;3591;108
18433;3789;198
18434;3917;128
18435;4048;131
18436;4187;139
18437;4366;179
18438;4563;197
18439;4779;216
18440;5130;351
18441;5297;167
18442;5530;233
18443;5832;302
18444;6062;230
18445;6273;211
18446;6537;264
18447;6750;213
18448;7169;419
18449;7411;242
18450;7693;282
18451;8008;315
18452;8372;364
18453;8803;431
18454;9178;375
18455;9465;287
18456;9707;242
18457;10010;303
18458;10428;418
18459;10854;426
18460;11191;337
18461;11483;292
18462;11891;408
18463;12334;443
18464;12774;440
18465;13164;390
18466;13613;449
18467;14263;650
18468;14929;666
18469;15463;534
18470;15988;525
18471;16571;583
18472;17158;587
18473;17859;701
18474;18574;715
18475;19443;869
18476;20206;763
18477;20754;548
18478;21438;684
18479;22299;861
18480;23280;981
18481;24166;886
18482;24961;795
18483;25805;844
18484;26800;995
18485;27938;1138
18486;29088;1150
18487;30369;1281
18488;31381;1012
18489;32607;1226
18490;33755;1148
18491;34802;1047
18492;35697;895
18493;36868;1171
18494;37567;699
18495;38219;652
18496;38957;738
18497;39564;607
18498;40338;774
18499;41158;820
18500;41965;807
18501;42898;933
18502;43879;981
18503;44946;1067
18504;45868;922
18505;46728;860
18506;47756;1028
18507;48883;1127
18508;49877;994
18509;50973;1096
18510;52165;1192
18511;53289;1124
18512;54350;1061
18513;55563;1213
18514;56751;1188
18515;57823;1072
18516;58663;840
18517;59630;967
18518;60540;910
18519;61569;1029
18520;62655;1086
18521;63416;761
18522;64284;868
18523;65174;890
18524;65949;775
18525;66656;707
18526;67443;787
18527;68453;1010
18528;69439;986
18529;70406;967
18530;71273;867
18531;71940;667
18532;72691;751
18533;73528;837
18534;74363;835
18535;75122;759
18536;76029;907
18537;76820;791
18538;77646;826
18539;78434;788
18540;79117;683
18541;79796;679
18542;80404;608
18543;81019;615
18544;81696;677
18545;82453;757
18546;83137;684
18547;83756;619
18548;84391;635
18549;85005;614
18550;85469;464
18551;85758;289
18552;86289;531
18553;86636;347
18554;86636;0
18555;87644;1008
18556;88035;391
18557;88416;381
18558;88718;302
18559;89142;424
18560;89565;423
18561;90047;482
18562;90400;353
18563;90876;476
18564;91280;404
18565;91589;309
18566;92013;424
18567;92325;312
18568;92705;380
18569;93100;395
18570;93480;380
18571;93921;441
18572;94305;384
18573;94698;393
18574;94883;185
18575;95149;266
18576;95445;296
18577;95750;305
18578;96140;390
18579;96441;301
18580;96933;492
18581;97352;419
18582;97739;387
18583;98050;311
18584;98350;300
18585;98665;315
18586;99017;352
18587;99435;418
18588;99835;400
18589;100143;308
18590;100498;355
18591;100817;319
18592;101215;398
18593;101524;309
18594;101760;236
18595;102040;280
18596;102394;354
18597;102621;227
18598;103067;446
18599;103548;481
18600;103877;329
18601;104177;300
18602;104442;265
18603;104904;462
18604;105384;480
18605;105852;468
18606;106280;428
18607;106715;435
18608;107177;462
18609;107786;609
18610;108125;339
18611;108480;355
18612;108717;237
18613;109081;364
18614;109395;314
18615;109781;386
18616;110075;294
18617;110513;438
18618;110828;315
18619;111024;196
18620;111245;221
18621;111603;358
18622;111951;348
18623;112316;365
18624;112636;320
18625;112861;225
18626;113121;260
18627;113558;437
18628;113884;326
18629;114083;199
18630;114230;147
18631;114407;177
18632;114662;255
18633;114908;246
18634;115322;414
18635;115667;345
18636;116172;505
18637;116610;438
18638;116983;373
18639;117299;316
18640;117811;512
18641;118415;604
18642;118856;441
18643;119306;450
18644;119803;497
18645;120444;641
18646;121117;673
18647;121691;574
18648;122260;569
18649;122795;535
18650;123245;450
18651;123709;464
18652;124112;403
18653;124525;413
18654;124958;433
18655;125364;406
18656;125776;412
18657;126323;547
18658;126927;604
18659;127346;419
18660;127752;406
18661;128315;563
18662;128775;460
18663;129231;456
18664;129643;412
18665;130116;473
18666;130596;480
18667;131096;500
18668;131476;380
18669;131828;352
18670;132259;431
18671;132743;484
18672;133218;475
18673;133577;359
18674;133927;350
18675;134319;392
18676;134781;462
18677;135114;333
18678;135603;489
18679;136068;465
18680;136545;477
18681;136986;441
18682;137445;459
18683;137871;426
18684;138295;424
18685;138739;444
18686;139116;377
18687;139545;429
18688;139934;389
18689;140383;449
18690;140960;577
18691;141356;396
18692;141885;529
18693;142338;453
18694;142774;436
18695;143321;547
18696;143321;0
18697;144277;956
18698;144786;509
18699;145379;593
18700;145379;0
18701;146488;1109
18702;147028;540
18703;147577;549
18704;148208;631
18705;149145;937
18706;150306;1161
18707;151123;817
18708;151894;771
18709;152508;614
18710;153315;807
18711;154165;850
18712;154905;740
18713;155663;758
18714;156655;992
18715;157943;1288
18716;159149;1206
18717;160497;1348
18718;161751;1254
18719;162730;979
18720;164337;1607
18721;166123;1786
18722;167548;1425
18723;169074;1526
18724;170189;1115
18725;171373;1184
18726;172461;1088
18727;173786;1325
18728;174887;1101
18729;175812;925
18730;176972;1160
18731;178094;1122
18732;179365;1271
18733;180609;1244
18734;181903;1294
18735;183190;1287
18736;184595;1405
18737;185736;1141
18738;186745;1009
18739;188063;1318
18740;189381;1318
18741;190523;1142
18742;191518;995
18743;192498;980
18744;193721;1223
18745;194959;1238
18746;196386;1427
18747;197683;1297
18748;198865;1182
18749;200067;1202
18750;200931;864
18751;201807;876
18752;202578;771
18753;204057;1479
18754;205181;1124
18755;206549;1368
18756;207870;1321
18757;209162;1292
18758;210116;954
18759;210948;832
18760;211838;890
18761;212998;1160
18762;212998;0
18763;215301;2303
18764;216415;1114
