condition;measurement;ncases
18283;0;0
18284;0;0
18285;0;0
18286;0;0
18287;0;0
18288;0;0
18289;0;0
18290;0;0
18291;0;0
18292;0;0
18293;0;0
18294;0;0
18295;0;0
18296;0;0
18297;0;0
18298;0;0
18299;0;0
18300;0;0
18301;0;0
18302;0;0
18303;0;0
18304;0;0
18305;0;0
18306;0;0
18307;0;0
18308;0;0
18309;0;0
18310;0;0
18311;0;0
18312;0;0
18313;0;0
18314;0;0
18315;0;0
18316;0;0
18317;0;0
18318;0;0
18319;0;0
18320;0;0
18321;0;0
18322;0;0
18323;0;0
18324;0;0
18325;0;0
18326;0;0
18327;0;0
18328;0;0
18329;0;0
18330;0;0
18331;0;0
18332;0;0
18333;0;0
18334;0;0
18335;0;0
18336;0;0
18337;0;0
18338;0;0
18339;2;2
18340;2;0
18341;2;0
18342;2;0
18343;3;1
18344;3;0
18345;3;0
18346;12;9
18347;16;4
18348;22;6
18349;28;6
18350;29;1
18351;35;6
18352;35;0
18353;36;1
18354;39;3
18355;39;0
18356;39;0
18357;39;0
18358;39;0
18359;39;0
18360;39;0
18361;39;0
18362;40;1
18363;40;0
18364;43;3
18365;45;2
18366;45;0
18367;48;3
18368;48;0
18369;52;4
18370;57;5
18371;61;4
18372;65;4
18373;70;5
18374;74;4
18375;76;2
18376;84;8
18377;84;0
18378;88;4
18379;88;0
18380;95;7
18381;97;2
18382;106;9
18383;109;3
18384;119;10
18385;124;5
18386;137;13
18387;138;1
18388;146;8
18389;153;7
18390;167;14
18391;252;85
18392;267;15
18393;267;0
18394;441;174
18395;446;5
18396;654;208
18397;654;0
18398;679;25
18399;753;74
18400;761;8
18401;772;11
18402;832;60
18403;866;34
18404;920;54
18405;920;0
18406;920;0
18407;920;0
18408;920;0
18409;1057;137
18410;1057;0
18411;1057;0
18412;1057;0
18413;1057;0
18414;1089;32
18415;1089;0
18416;1089;0
18417;1089;0
18418;1089;0
18419;1089;0
18420;1089;0
18421;1200;111
18422;1200;0
18423;1200;0
18424;1200;0
18425;1321;121
18426;1357;36
18427;1358;1
18428;1382;24
18429;1405;23
18430;1412;7
18431;1416;4
18432;1430;14
18433;1430;0
18434;1430;0
18435;1430;0
18436;1477;47
18437;1489;12
18438;1497;8
18439;1531;34
18440;1531;0
18441;1557;26
18442;1568;11
18443;1594;26
18444;1632;38
18445;1632;0
18446;1632;0
18447;1632;0
18448;1632;0
18449;1632;0
18450;1895;263
18451;1895;0
18452;1895;0
18453;1895;0
18454;1895;0
18455;1895;0
18456;1895;0
18457;1895;0
18458;1895;0
18459;1895;0
18460;2810;915
18461;2980;170
18462;2980;0
18463;3326;346
18464;3386;60
18465;3583;197
18466;3789;206
18467;3856;67
18468;4328;472
18469;4481;153
18470;4552;71
18471;5002;450
18472;5249;247
18473;5555;306
18474;5963;408
18475;6228;265
18476;6347;119
18477;6580;233
18478;6793;213
18479;7022;229
18480;7164;142
18481;7486;322
18482;7903;417
18483;8085;182
18484;8210;125
18485;8275;65
18486;8501;226
18487;8663;162
18488;9021;358
18489;9186;165
18490;9343;157
18491;9839;496
18492;9981;142
18493;10218;237
18494;10372;154
18495;10627;255
18496;10831;204
18497;11082;251
18498;11148;66
18499;11285;137
18500;11376;91
18501;11601;225
18502;11779;178
18503;11902;123
18504;12025;123
18505;12097;72
18506;12381;284
18507;12415;34
18508;12523;108
18509;12639;116
18510;12709;70
18511;12776;67
18512;12836;60
18513;12952;116
18514;13112;160
18515;13214;102
18516;13323;109
18517;13466;143
18518;13539;73
18519;13720;181
18520;13819;99
18521;13887;68
18522;13928;41
18523;14022;94
18524;14070;48
18525;14131;61
18526;14175;44
18527;14389;214
18528;14443;54
18529;14491;48
18530;14515;24
18531;14612;97
18532;14641;29
18533;14660;19
18534;14715;55
18535;14759;44
18536;14802;43
18537;14830;28
18538;14974;144
18539;15052;78
18540;15089;37
18541;15170;81
18542;15224;54
18543;15301;77
18544;15339;38
18545;15415;76
18546;15458;43
18547;15549;91
18548;15587;38
18549;15616;29
18550;15659;43
18551;15659;0
18552;15789;130
18553;15853;64
18554;15897;44
18555;15982;85
18556;16000;18
18557;16035;35
18558;16095;60
18559;16117;22
18560;16117;0
18561;16200;83
18562;16243;43
18563;16285;42
18564;16325;40
18565;16415;90
18566;16432;17
18567;16480;48
18568;16543;63
18569;16661;118
18570;16698;37
18571;16770;72
18572;16819;49
18573;16908;89
18574;16954;46
18575;16971;17
18576;16997;26
18577;17036;39
18578;17056;20
18579;17093;37
18580;17097;4
18581;17123;26
18582;17187;64
18583;17243;56
18584;17280;37
18585;17350;70
18586;17373;23
18587;17394;21
18588;17424;30
18589;17454;30
18590;17466;12
18591;17535;69
18592;17553;18
18593;17569;16
18594;17589;20
18595;17608;19
18596;17647;39
18597;17665;18
18598;17700;35
18599;17730;30
18600;17857;127
18601;17898;41
18602;17916;18
18603;17931;15
18604;17963;32
18605;18062;99
18606;18091;29
18607;18161;70
18608;18217;56
18609;18274;57
18610;18322;48
18611;18428;106
18612;18456;28
18613;18504;48
18614;18575;71
18615;18620;45
18616;18716;96
18617;18768;52
18618;18881;113
18619;19122;241
18620;19234;112
18621;19571;337
18622;19671;100
18623;19834;163
18624;19943;109
18625;20177;234
18626;20462;285
18627;20725;263
18628;20997;272
18629;21230;233
18630;21582;352
18631;21993;411
18632;22645;652
18633;23495;850
18634;24297;802
18635;25326;1029
18636;26567;1241
18637;27728;1161
18638;28596;868
18639;29757;1161
18640;31100;1343
18641;32800;1700
18642;34278;1478
18643;36074;1796
18644;37605;1531
18645;38207;602
18646;39515;1308
18647;40949;1434
18648;42213;1264
18649;43333;1120
18650;44592;1259
18651;45337;745
18652;46146;809
18653;47622;1476
18654;48911;1289
18655;50319;1408
18656;51624;1305
18657;53352;1728
18658;54217;865
18659;55042;825
18660;56233;1191
18661;57489;1256
18662;59003;1514
18663;60427;1424
18664;61427;1000
18665;62633;1206
18666;63573;940
18667;64610;1037
18668;65573;963
18669;66598;1025
18670;67681;1083
18671;68454;773
18672;69437;983
18673;70248;811
18674;70823;575
18675;71677;854
18676;72467;790
18677;73203;736
18678;73894;691
18679;74503;609
18680;75027;524
18681;75582;555
18682;76484;902
18683;77171;687
18684;77639;468
18685;78202;563
18686;78534;332
18687;79002;468
18688;79557;555
18689;80090;533
18690;80687;597
18691;81341;654
18692;82011;670
18693;82421;410
18694;82655;234
18695;82897;242
18696;83333;436
18697;83913;580
18698;84240;327
18699;84474;234
18700;84797;323
18701;84950;153
18702;85240;290
18703;85502;262
18704;85889;387
18705;86059;170
18706;86273;214
18707;86449;176
18708;86535;86
18709;86779;244
18710;86993;214
18711;87318;325
18712;87583;265
18713;87583;0
18714;87872;289
18715;88012;140
18716;88199;187
18717;88418;219
18718;88549;131
18719;88730;181
18720;88800;70
18721;88930;130
18722;89009;79
18723;89071;62
18724;89386;315
18725;89592;206
18726;89783;191
18727;89918;135
18728;90029;111
18729;90064;35
18730;90218;154
18731;90389;171
18732;90532;143
18733;90750;218
18734;90844;94
18735;90918;74
18736;90942;24
18737;91042;100
18738;91119;77
18739;91189;70
18740;91251;62
18741;91317;66
18742;91358;41
18743;91378;20
18744;91418;40
18745;91484;66
18746;91533;49
18747;91586;53
18748;91670;84
18749;91693;23
18750;91722;29
18751;91804;82
18752;91849;45
18753;91946;97
18754;92004;58
18755;92057;53
18756;92092;35
18757;92112;20
18758;92152;40
18759;92211;59
18760;92262;51
18761;92356;94
18762;92409;53
18763;92436;27
18764;92460;24
