condition;measurement;ncases
18283;0;0
18284;0;0
18285;0;0
18286;0;0
18287;0;0
18288;0;0
18289;0;0
18290;0;0
18291;0;0
18292;0;0
18293;0;0
18294;0;0
18295;0;0
18296;0;0
18297;0;0
18298;0;0
18299;0;0
18300;0;0
18301;0;0
18302;0;0
18303;0;0
18304;0;0
18305;0;0
18306;0;0
18307;0;0
18308;0;0
18309;0;0
18310;0;0
18311;0;0
18312;0;0
18313;0;0
18314;0;0
18315;0;0
18316;1;1
18317;1;0
18318;1;0
18319;1;0
18320;1;0
18321;1;0
18322;1;0
18323;1;0
18324;2;1
18325;4;2
18326;4;0
18327;4;0
18328;4;0
18329;5;1
18330;7;2
18331;8;1
18332;11;3
18333;12;1
18334;13;1
18335;15;2
18336;16;1
18337;18;2
18338;20;2
18339;24;4
18340;25;1
18341;29;4
18342;30;1
18343;34;4
18344;41;7
18345;43;2
18346;76;33
18347;80;4
18348;91;11
18349;107;16
18350;118;11
18351;146;28
18352;175;29
18353;197;22
18354;240;43
18355;275;35
18356;300;25
18357;338;38
18358;368;30
18359;424;56
18360;445;21
18361;485;40
18362;532;47
18363;556;24
18364;608;52
18365;666;58
18366;715;49
18367;785;70
18368;841;56
18369;907;66
18370;934;27
18371;997;63
18372;1027;30
18373;1093;66
18374;1177;84
18375;1236;59
18376;1331;95
18377;1464;133
18378;1532;68
18379;1704;172
18380;1830;126
18381;1940;110
18382;2127;187
18383;2291;164
18384;2470;179
18385;2705;235
18386;2895;190
18387;3225;330
18388;3393;168
18389;3564;171
18390;3781;217
18391;4042;261
18392;4403;361
18393;4687;284
18394;4968;281
18395;5227;259
18396;5640;413
18397;6054;414
18398;6403;349
18399;6665;262
18400;7073;408
18401;7654;581
18402;8146;492
18403;8677;531
18404;9219;542
18405;10001;782
18406;10585;584
18407;11176;591
18408;11834;658
18409;12459;625
18410;13039;580
18411;13662;623
18412;14528;866
18413;15208;680
18414;15753;545
18415;16512;759
18416;17270;758
18417;18057;787
18418;18972;915
18419;19554;582
18420;20345;791
18421;20920;575
18422;21462;542
18423;22146;684
18424;22894;748
18425;23550;656
18426;24106;556
18427;24770;664
18428;25531;761
18429;26314;783
18430;26878;564
18431;27536;658
18432;27882;346
18433;28428;546
18434;28837;409
18435;29147;310
18436;29471;324
18437;29705;234
18438;30165;460
18439;30441;276
18440;30606;165
18441;30957;351
18442;31228;271
18443;31507;279
18444;31826;319
18445;32012;186
18446;32314;302
18447;32662;348
18448;32941;279
18449;33180;239
18450;33374;194
18451;33584;210
18452;33898;314
18453;34184;286
18454;34356;172
18455;34441;85
18456;34595;154
18457;34730;135
18458;34984;254
18459;35060;76
18460;35219;159
18461;35279;60
18462;35453;174
18463;35493;40
18464;35605;112
18465;35717;112
18466;35918;201
18467;35978;60
18468;36026;48
18469;36147;121
18470;36253;106
18471;36358;105
18472;36463;105
18473;36532;69
18474;36665;133
18475;36700;35
18476;36701;1
18477;36737;36
18478;36773;36
18479;36820;47
18480;36928;108
18481;37006;78
18482;37046;40
18483;37083;37
18484;37153;70
18485;37260;107
18486;37336;76
18487;37422;86
18488;37497;75
18489;37542;45
18490;37590;48
18491;37667;77
18492;37710;43
18493;37750;40
18494;37852;102
18495;37885;33
18496;37944;59
18497;37990;46
18498;38045;55
18499;38061;16
18500;38103;42
18501;38119;16
18502;38130;11
18503;38133;3
18504;38155;22
18505;38159;4
18506;38193;34
18507;38243;50
18508;38288;45
18509;38304;16
18510;38324;20
18511;38398;74
18512;38494;96
18513;38520;26
18514;38544;24
18515;38572;28
18516;38606;34
18517;38641;35
18518;38716;75
18519;38772;56
18520;38815;43
18521;38855;40
18522;38872;17
18523;38897;25
18524;38919;22
18525;39044;125
18526;39074;30
18527;39096;22
18528;39145;49
18529;39170;25
18530;39186;16
18531;39192;6
18532;39227;35
18533;39239;12
18534;39254;15
18535;39268;14
18536;39285;17
18537;39290;5
18538;39297;7
18539;39341;44
18540;39422;81
18541;39486;64
18542;39548;62
18543;39616;68
18544;39693;77
18545;39703;10
18546;39799;96
18547;39870;71
18548;39928;58
18549;39994;66
18550;40026;32
18551;40088;62
18552;40141;53
18553;40200;59
18554;40287;87
18555;40369;82
18556;40510;141
18557;40626;116
18558;40687;61
18559;40768;81
18560;40833;65
18561;40937;104
18562;41032;95
18563;41145;113
18564;41268;123
18565;41334;66
18566;41425;91
18567;41501;76
18568;41633;132
18569;41728;95
18570;41814;86
18571;41935;121
18572;41975;40
18573;42033;58
18574;42159;126
18575;42297;138
18576;42463;166
18577;42609;146
18578;42795;186
18579;42969;174
18580;43035;66
18581;43240;205
18582;43468;228
18583;43681;213
18584;43924;243
18585;44177;253
18586;44363;186
18587;44503;140
18588;44706;203
18589;44988;282
18590;45174;186
18591;45384;210
18592;45600;216
18593;45723;123
18594;45844;121
18595;46116;272
18596;46274;158
18597;46516;242
18598;46718;202
18599;46837;119
18600;46837;0
18601;47072;235
18602;47306;234
18603;47516;210
18604;47716;200
18605;47851;135
18606;48053;202
18607;48116;63
18608;48229;113
18609;48527;298
18610;48718;191
18611;48952;234
18612;49161;209
18613;49378;217
18614;49621;243
18615;49681;60
18616;49817;136
18617;50013;196
18618;50190;177
18619;50433;243
18620;50655;222
18621;50810;155
18622;50886;76
18623;51039;153
18624;51280;241
18625;51350;70
18626;51405;55
18627;51526;121
18628;51526;0
18629;51526;0
18630;51526;0
18631;53011;1485
18632;53105;94
18633;53105;0
18634;53207;102
18635;53332;125
18636;53400;68
18637;53489;89
18638;53538;49
18639;53584;46
18640;53584;0
18641;53775;191
18642;53831;56
18643;53938;107
18644;53984;46
18645;54062;78
18646;54141;79
18647;54278;137
18648;54403;125
18649;54483;80
18650;54559;76
18651;54595;36
18652;54672;77
18653;54750;78
18654;54854;104
18655;54891;37
18656;54939;48
18657;55008;69
18658;55023;15
18659;55059;36
18660;55121;62
18661;55174;53
18662;55231;57
18663;55265;34
18664;55330;65
18665;55335;5
18666;55359;24
18667;55384;25
18668;55402;18
18669;55420;18
18670;55445;25
18671;55473;28
18672;55492;19
18673;55514;22
18674;55518;4
18675;55540;22
18676;55557;17
18677;55575;18
18678;55580;5
18679;55604;24
18680;55617;13
18681;55646;29
18682;55664;18
18683;55680;16
18684;55696;16
18685;55707;11
18686;55714;7
18687;55733;19
18688;55759;26
18689;55770;11
18690;55775;5
18691;55827;52
18692;55840;13
18693;55847;7
18694;55876;29
18695;55876;0
18696;55894;18
18697;55917;23
18698;55959;42
18699;55959;0
18700;55985;26
18701;55985;0
18702;55995;10
18703;56016;21
18704;56044;28
18705;56069;25
18706;56093;24
18707;56103;10
18708;56153;50
18709;56177;24
18710;56192;15
18711;56226;34
18712;56254;28
18713;56290;36
18714;56294;4
18715;56322;28
18716;56384;62
18717;56454;70
18718;56517;63
18719;56572;55
18720;56595;23
18721;56676;81
18722;56717;41
18723;56779;62
18724;56873;94
18725;56943;70
18726;57019;76
18727;57144;125
18728;57160;16
18729;57242;82
18730;57364;122
18731;57492;128
18732;57534;42
18733;57612;78
18734;57721;109
18735;57793;72
18736;57898;105
18737;58037;139
18738;58214;177
18739;58312;98
18740;58542;230
18741;58730;188
18742;58843;113
18743;59015;172
18744;59225;210
18745;59370;145
18746;59576;206
18747;59745;169
18748;59939;194
18749;60122;183
18750;60300;178
18751;60563;263
18752;60797;234
18753;61162;365
18754;61455;293
18755;61755;300
18756;61842;87
18757;62063;221
18758;62403;340
18759;62718;315
18760;63045;327
18761;63355;310
18762;63412;57
18763;63484;72
18764;63598;114
18765;63819;221
