condition;measurement;ncases
18283;0;0
18284;0;0
18285;0;0
18286;0;0
18287;0;0
18288;0;0
18289;0;0
18290;0;0
18291;0;0
18292;0;0
18293;0;0
18294;0;0
18295;0;0
18296;0;0
18297;0;0
18298;0;0
18299;0;0
18300;0;0
18301;0;0
18302;0;0
18303;0;0
18304;0;0
18305;0;0
18306;0;0
18307;0;0
18308;0;0
18309;0;0
18310;0;0
18311;0;0
18312;0;0
18313;0;0
18314;0;0
18315;0;0
18316;0;0
18317;0;0
18318;0;0
18319;0;0
18320;0;0
18321;0;0
18322;0;0
18323;0;0
18324;0;0
18325;0;0
18326;0;0
18327;0;0
18328;0;0
18329;0;0
18330;2;2
18331;10;8
18332;12;2
18333;23;11
18334;33;10
18335;38;5
18336;42;4
18337;51;9
18338;55;4
18339;59;4
18340;64;5
18341;70;6
18342;76;6
18343;89;13
18344;104;15
18345;123;19
18346;146;23
18347;174;28
18348;186;12
18349;197;11
18350;212;15
18351;223;11
18352;243;20
18353;259;16
18354;277;18
18355;304;27
18356;333;29
18357;361;28
18358;377;16
18359;383;6
18360;400;17
18361;409;9
18362;416;7
18363;433;17
18364;446;13
18365;467;21
18366;475;8
18367;494;19
18368;518;24
18369;539;21
18370;548;9
18371;562;14
18372;584;22
18373;609;25
18374;634;25
18375;663;29
18376;678;15
18377;712;34
18378;726;14
18379;736;10
18380;750;14
18381;766;16
18382;773;7
18383;782;9
18384;789;7
18385;795;6
18386;803;8
18387;820;17
18388;832;12
18389;842;10
18390;850;8
18391;856;6
18392;868;12
18393;872;4
18394;876;4
18395;880;4
18396;898;18
18397;916;18
18398;933;17
18399;946;13
18400;948;2
18401;949;1
18402;964;15
18403;969;5
18404;981;12
18405;989;8
18406;998;9
18407;1004;6
18408;1029;25
18409;1050;21
18410;1076;26
18411;1099;23
18412;1122;23
18413;1137;15
18414;1143;6
18415;1164;21
18416;1184;20
18417;1197;13
18418;1212;15
18419;1232;20
18420;1246;14
18421;1263;17
18422;1299;36
18423;1341;42
18424;1385;44
18425;1416;31
18426;1464;48
18427;1521;57
18428;1590;69
18429;1672;82
18430;1722;50
18431;1788;66
18432;1838;50
18433;1891;53
18434;1962;71
18435;1995;33
18436;2047;52
18437;2114;67
18438;2192;78
18439;2269;77
18440;2330;61
18441;2402;72
18442;2466;64
18443;2535;69
18444;2580;45
18445;2662;82
18446;2752;90
18447;2819;67
18448;2893;74
18449;2964;71
18450;3038;74
18451;3106;68
18452;3188;82
18453;3278;90
18454;3371;93
18455;3454;83
18456;3571;117
18457;3667;96
18458;3752;85
18459;3851;99
18460;3906;55
18461;4008;102
18462;4090;82
18463;4171;81
18464;4290;119
18465;4358;68
18466;4466;108
18467;4570;104
18468;4637;67
18469;4763;126
18470;4880;117
18471;4997;117
18472;5105;108
18473;5197;92
18474;5276;79
18475;5396;120
18476;5519;123
18477;5620;101
18478;5750;130
18479;5889;139
18480;6016;127
18481;6151;135
18482;6275;124
18483;6411;136
18484;6536;125
18485;6676;140
18486;6817;141
18487;6971;154
18488;7117;146
18489;7260;143
18490;7380;120
18491;7499;119
18492;7654;155
18493;7812;158
18494;7967;155
18495;8119;152
18496;8275;156
18497;8427;152
18498;8605;178
18499;8759;154
18500;8927;168
18501;9083;156
18502;9195;112
18503;9279;84
18504;9380;101
18505;9513;133
18506;9606;93
18507;9728;122
18508;9844;116
18509;9967;123
18510;10102;135
18511;10255;153
18512;10406;151
18513;10553;147
18514;10704;151
18515;10860;156
18516;11021;161
18517;11185;164
18518;11353;168
18519;11520;167
18520;11672;152
18521;11816;144
18522;11948;132
18523;12073;125
18524;12226;153
18525;12385;159
18526;12535;150
18527;12666;131
18528;12787;121
18529;12921;134
18530;13045;124
18531;13153;108
18532;13259;106
18533;13391;132
18534;13518;127
18535;13649;131
18536;13806;157
18537;13965;159
18538;14117;152
18539;14266;149
18540;14410;144
18541;14568;158
18542;14730;162
18543;14899;169
18544;15066;167
18545;15231;165
18546;15399;168
18547;15570;171
18548;15752;182
18549;15955;203
18550;16212;257
18551;16501;289
18552;16774;273
18553;17055;281
18554;17350;295
18555;17651;301
18556;17948;297
18557;18250;302
18558;18556;306
18559;18858;302
18560;19157;299
18561;19445;288
18562;19729;284
18563;20040;311
18564;20315;275
18565;20634;319
18566;20875;241
18567;21202;327
18568;21523;321
18569;21904;381
18570;22300;396
18571;22721;421
18572;23210;489
18573;23705;495
18574;24206;501
18575;24731;525
18576;25294;563
18577;25801;507
18578;26211;410
18579;26701;490
18580;27233;532
18581;27830;597
18582;28432;602
18583;29126;694
18584;29837;711
18585;30623;786
18586;31459;836
18587;32196;737
18588;32761;565
18589;33556;795
18590;34300;744
18591;34944;644
18592;35600;656
18593;36245;645
18594;36790;545
18595;37625;835
18596;38182;557
18597;39014;832
18598;39719;705
18599;40501;782
18600;41302;801
18601;42148;846
18602;42988;840
18603;43683;695
18604;44436;753
18605;45188;752
18606;46061;873
18607;46863;802
18608;47742;879
18609;48530;788
18610;49191;661
18611;50000;809
18612;50637;637
18613;51424;787
18614;52004;580
18615;52542;538
18616;53003;461
18617;53425;422
18618;53814;389
18619;54317;503
18620;54827;510
18621;55380;553
18622;55755;375
18623;56254;499
18624;56572;318
18625;57146;574
18626;57727;581
18627;58316;589
18628;58316;0
18629;58991;675
18630;59438;447
18631;59623;185
18632;60283;660
18633;61008;725
18634;61705;697
18635;62378;673
18636;63033;655
18637;63595;562
18638;63971;376
18639;64627;656
18640;65334;707
18641;65994;660
18642;66635;641
18643;67216;581
18644;67690;474
18645;67982;292
18646;68568;586
18647;69238;670
18648;69916;678
18649;70655;739
18650;71441;786
18651;72274;833
18652;72812;538
18653;73691;879
18654;74567;876
18655;75454;887
18656;76350;896
18657;77251;901
18658;78127;876
18659;78992;865
18660;79934;942
18661;80941;1007
18662;81993;1052
18663;83082;1089
18664;84212;1130
18665;85336;1124
18666;86289;953
18667;87528;1239
18668;88671;1143
18669;89776;1105
18670;90835;1059
18671;91987;1152
18672;93075;1088
18673;93850;775
18674;94651;801
18675;95726;1075
18676;96838;1112
18677;97909;1071
18678;99062;1153
18679;100246;1184
18680;101285;1039
18681;102306;1021
18682;103327;1021
18683;104313;986
18684;105229;916
18685;106215;986
18686;107167;952
18687;107931;764
18688;108823;892
18689;109674;851
18690;110521;847
18691;111301;780
18692;112078;777
18693;112897;819
18694;113580;683
18695;114209;629
18696;114840;631
18697;115442;602
18698;116123;681
18699;116821;698
18700;117474;653
18701;118017;543
18702;118492;475
18703;118938;446
18704;119528;590
18705;120022;494
18706;120541;519
18707;121200;659
18708;121544;344
18709;121847;303
18710;122295;448
18711;122767;472
18712;123216;449
18713;123641;425
18714;124134;493
18715;124419;285
18716;124723;304
18717;125157;434
18718;125506;349
18719;125842;336
18720;126183;341
18721;126531;348
18722;126795;264
18723;126936;141
18724;127192;256
18725;127509;317
18726;127795;286
18727;128155;360
18728;128393;238
18729;128518;125
18730;128752;234
18731;128959;207
18732;129128;169
18733;129307;179
18734;129456;149
18735;129594;138
18736;129694;100
18737;129842;148
18738;129980;138
18739;130114;134
18740;130270;156
18741;130409;139
18742;130537;128
18743;130606;69
18744;130736;130
18745;130859;123
18746;130977;118
18747;131085;108
18748;131185;100
18749;131238;53
18750;131276;38
18751;131327;51
18752;131419;92
18753;131510;91
18754;131577;67
18755;131666;89
18756;131723;57
18757;131753;30
18758;131803;50
18759;131845;42
18760;131890;45
18761;131939;49
18762;131978;39
18763;132015;37
18764;132032;17
18765;132071;39
