condition;measurement;ncases
18283;0;0
18284;0;0
18285;0;0
18286;0;0
18287;0;0
18288;0;0
18289;0;0
18290;0;0
18291;0;0
18292;0;0
18293;0;0
18294;0;0
18295;0;0
18296;0;0
18297;0;0
18298;0;0
18299;0;0
18300;0;0
18301;0;0
18302;0;0
18303;0;0
18304;0;0
18305;0;0
18306;0;0
18307;0;0
18308;0;0
18309;0;0
18310;0;0
18311;0;0
18312;0;0
18313;0;0
18314;0;0
18315;0;0
18316;0;0
18317;0;0
18318;0;0
18319;0;0
18320;0;0
18321;0;0
18322;0;0
18323;1;1
18324;1;0
18325;1;0
18326;1;0
18327;1;0
18328;1;0
18329;1;0
18330;1;0
18331;1;0
18332;1;0
18333;1;0
18334;1;0
18335;1;0
18336;1;0
18337;2;1
18338;39;37
18339;39;0
18340;53;14
18341;75;22
18342;88;13
18343;113;25
18344;133;20
18345;164;31
18346;188;24
18347;224;36
18348;267;43
18349;308;41
18350;334;26
18351;370;36
18352;376;6
18353;390;14
18354;428;38
18355;439;11
18356;466;27
18357;501;35
18358;525;24
18359;545;20
18360;564;19
18361;583;19
18362;601;18
18363;601;0
18364;638;37
18365;646;8
18366;659;13
18367;673;14
18368;673;0
18369;696;23
18370;704;8
18371;713;9
18372;717;4
18373;717;0
18374;723;6
18375;723;0
18376;731;8
18377;738;7
18378;738;0
18379;743;5
18380;743;0
18381;743;0
18382;745;2
18383;745;0
18384;747;2
18385;748;1
18386;750;2
18387;751;1
18388;751;0
18389;752;1
18390;752;0
18391;754;2
18392;755;1
18393;755;0
18394;758;3
18395;760;2
18396;761;1
18397;761;0
18398;761;0
18399;761;0
18400;761;0
18401;761;0
18402;762;1
18403;762;0
18404;762;0
18405;762;0
18406;762;0
18407;763;1
18408;763;0
18409;763;0
18410;763;0
18411;764;1
18412;764;0
18413;764;0
18414;765;1
18415;844;79
18416;851;7
18417;852;1
18418;852;0
18419;852;0
18420;852;0
18421;852;0
18422;852;0
18423;852;0
18424;852;0
18425;853;1
18426;853;0
18427;853;0
18428;853;0
18429;854;1
18430;854;0
18431;855;1
18432;855;0
18433;855;0
18434;855;0
18435;855;0
18436;855;0
18437;855;0
18438;855;0
18439;855;0
18440;855;0
18441;855;0
18442;855;0
18443;855;0
18444;855;0
18445;855;0
18446;855;0
18447;855;0
18448;855;0
18449;855;0
18450;855;0
18451;855;0
18452;855;0
18453;855;0
18454;855;0
18455;855;0
18456;858;3
18457;861;3
18458;862;1
18459;877;15
18460;880;3
18461;880;0
18462;880;0
18463;884;4
18464;884;0
18465;889;5
18466;889;0
18467;897;8
18468;897;0
18469;897;0
18470;907;10
18471;907;0
18472;918;11
18473;922;4
18474;925;3
18475;925;0
18476;925;0
18477;937;12
18478;939;2
18479;939;0
18480;944;5
18481;955;11
18482;955;0
18483;955;0
18484;963;8
18485;963;0
18486;977;14
18487;981;4
18488;989;8
18489;989;0
18490;989;0
18491;1005;16
18492;1005;0
18493;1024;19
18494;1024;0
18495;1045;21
18496;1045;0
18497;1045;0
18498;1060;15
18499;1060;0
18500;1098;38
18501;1098;0
18502;1124;26
18503;1124;0
18504;1124;0
18505;1176;52
18506;1184;8
18507;1199;15
18508;1199;0
18509;1215;16
18510;1215;0
18511;1215;0
18512;1261;46
18513;1261;0
18514;1301;40
18515;1301;0
18516;1344;43
18517;1344;0
18518;1344;0
18519;1438;94
18520;1438;0
18521;1483;45
18522;1483;0
18523;1564;81
18524;1564;0
18525;1564;0
18526;1681;117
18527;1681;0
18528;1753;72
18529;1753;0
18530;1836;83
18531;1836;0
18532;1836;0
18533;1966;130
18534;1966;0
18535;2050;84
18536;2050;0
18537;2110;60
18538;2110;0
18539;2110;0
18540;2370;260
18541;2370;0
18542;2568;198
18543;2568;0
18544;2696;128
18545;2696;0
18546;2696;0
18547;2995;299
18548;2995;0
18549;3190;195
18550;3190;0
18551;3377;187
18552;3377;0
18553;3377;0
18554;3623;246
18555;3623;0
18556;3811;188
18557;3811;0
18558;4038;227
18559;4038;0
18560;4038;0
18561;4325;287
18562;4410;85
18563;4517;107
18564;4567;50
18565;4665;98
18566;4756;91
18567;4825;69
18568;4888;63
18569;4910;22
18570;5045;135
18571;5135;90
18572;5135;0
18573;5319;184
18574;5383;64
18575;5437;54
18576;5477;40
18577;5567;90
18578;5616;49
18579;5725;109
18580;5725;0
18581;5872;147
18582;5914;42
18583;5951;37
18584;6018;67
18585;6066;48
18586;6142;76
18587;6207;65
18588;6256;49
18589;6304;48
18590;6351;47
18591;6428;77
18592;6534;106
18593;6610;76
18594;6610;0
18595;6712;102
18596;6745;33
18597;6790;45
18598;6842;52
18599;6904;62
18600;6955;51
18601;7005;50
18602;7050;45
18603;7084;34
18604;7127;43
18605;7162;35
18606;7190;28
18607;7236;46
18608;7288;52
18609;7338;50
18610;7382;44
18611;7382;0
18612;7446;64
18613;7466;20
18614;7519;53
18615;7560;41
18616;7577;17
18617;7602;25
18618;7633;31
18619;7669;36
18620;7699;30
18621;7756;57
18622;7806;50
18623;7821;15
18624;7875;54
18625;7919;44
18626;7983;64
18627;8049;66
18628;8117;68
18629;8166;49
18630;8192;26
18631;8249;57
18632;8308;59
18633;8348;40
18634;8348;0
18635;8489;141
18636;8586;97
18637;8586;0
18638;8586;0
18639;8682;96
18640;8818;136
18641;8868;50
18642;8946;78
18643;9038;92
18644;9083;45
18645;9083;0
18646;9194;111
18647;9308;114
18648;9379;71
18649;9416;37
18650;9499;83
18651;9549;50
18652;9596;47
18653;9638;42
18654;9716;78
18655;9779;63
18656;9837;58
18657;9885;48
18658;9937;52
18659;9972;35
18660;10017;45
18661;10070;53
18662;10137;67
18663;10172;35
18664;10206;34
18665;10251;45
18666;10275;24
18667;10312;37
18668;10352;40
18669;10391;39
18670;10427;36
18671;10463;36
18672;10503;40
18673;10538;35
18674;10555;17
18675;10583;28
18676;10610;27
18677;10645;35
18678;10672;27
18679;10699;27
18680;10712;13
18681;10739;27
18682;10775;36
18683;10799;24
18684;10822;23
18685;10849;27
18686;10866;17
18687;10889;23
18688;10908;19
18689;10948;40
18690;10976;28
18691;10998;22
18692;11019;21
18693;11042;23
18694;11069;27
18695;11089;20
18696;11130;41
18697;11130;0
18698;11199;69
18699;11228;29
18700;11266;38
18701;11289;23
18702;11319;30
18703;11360;41
18704;11393;33
18705;11431;38
18706;11481;50
18707;11517;36
18708;11545;28
18709;11591;46
18710;11638;47
18711;11687;49
18712;11732;45
18713;11809;77
18714;11850;41
18715;11888;38
18716;11944;56
18717;12010;66
18718;12053;43
18719;12115;62
18720;12174;59
18721;12231;57
18722;12286;55
18723;12328;42
18724;12363;35
18725;12409;46
18726;12456;47
18727;12497;41
18728;12545;48
18729;12581;36
18730;12614;33
18731;12641;27
18732;12641;0
18733;12712;71
18734;12771;59
18735;12805;34
18736;12805;0
18737;12874;69
18738;12917;43
18739;12942;25
18740;13007;65
18741;13024;17
18742;13060;36
18743;13083;23
18744;13121;38
18745;13148;27
18746;13198;50
18747;13232;34
18748;13232;0
18749;13282;50
18750;13295;13
18751;13316;21
18752;13340;24
18753;13363;23
18754;13390;27
18755;13406;16
18756;13423;17
18757;13429;6
18758;13447;18
18759;13470;23
18760;13470;0
18761;13510;40
18762;13510;0
18763;13510;0
18764;13555;45
18765;13569;14
