condition;measurement;ncases
18283;0;0
18284;0;0
18285;0;0
18286;0;0
18287;0;0
18288;0;0
18289;0;0
18290;0;0
18291;0;0
18292;0;0
18293;0;0
18294;0;0
18295;0;0
18296;0;0
18297;0;0
18298;0;0
18299;0;0
18300;0;0
18301;0;0
18302;0;0
18303;0;0
18304;0;0
18305;0;0
18306;0;0
18307;0;0
18308;0;0
18309;0;0
18310;0;0
18311;0;0
18312;0;0
18313;0;0
18314;0;0
18315;0;0
18316;0;0
18317;0;0
18318;0;0
18319;0;0
18320;0;0
18321;0;0
18322;0;0
18323;0;0
18324;1;1
18325;1;0
18326;1;0
18327;2;1
18328;8;6
18329;12;4
18330;12;0
18331;17;5
18332;19;2
18333;19;0
18334;31;12
18335;34;3
18336;45;11
18337;56;11
18338;68;12
18339;79;11
18340;97;18
18341;128;31
18342;158;30
18343;266;108
18344;301;35
18345;387;86
18346;387;0
18347;502;115
18348;589;87
18349;690;101
18350;745;55
18351;820;75
18352;1054;234
18353;1054;0
18354;1133;79
18355;1265;132
18356;1451;186
18357;1451;0
18358;1554;103
18359;1628;74
18360;1715;87
18361;1795;80
18362;1975;180
18363;1975;0
18364;2142;167
18365;2208;66
18366;2277;69
18367;2443;166
18368;2571;128
18369;2669;98
18370;2758;89
18371;2839;81
18372;2941;102
18373;3031;90
18374;3144;113
18375;3435;291
18376;3607;172
18377;3780;173
18378;3892;112
18379;4003;111
18380;4127;124
18381;4285;158
18382;4428;143
18383;4532;104
18384;4681;149
18385;4783;102
18386;4887;104
18387;5020;133
18388;5208;188
18389;5371;163
18390;5611;240
18391;5776;165
18392;6034;258
18393;6278;244
18394;6563;285
18395;6879;316
18396;7134;255
18397;7479;345
18398;7805;326
18399;8068;263
18400;8371;303
18401;8809;438
18402;9283;474
18403;9931;648
18404;10649;718
18405;11353;704
18406;12076;723
18407;12628;552
18408;13228;600
18409;13933;705
18410;14702;769
18411;15419;717
18412;16214;795
18413;16851;637
18414;17415;564
18415;18319;904
18416;19268;949
18417;20197;929
18418;21037;840
18419;22020;983
18420;22794;774
18421;23620;826
18422;24761;1141
18423;25987;1226
18424;27373;1386
18425;28764;1391
18426;30295;1531
18427;31577;1282
18428;32785;1208
18429;34159;1374
18430;35552;1393
18431;37510;1958
18432;39570;2060
18433;41204;1634
18434;42785;1581
18435;44931;2146
18436;47203;2272
18437;49851;2648
18438;52457;2606
18439;55343;2886
18440;57744;2401
18441;59933;2189
18442;62268;2335
18443;64530;2262
18444;67197;2667
18445;69941;2744
18446;72786;2845
18447;75376;2590
18448;77815;2439
18449;80447;2632
18450;83426;2979
18451;87030;3604
18452;90693;3663
18453;94060;3367
18454;97509;3449
18455;100166;2657
18456;103265;3099
18457;106910;3645
18458;111146;4236
18459;114783;3637
18460;119301;4518
18461;122524;3223
18462;126755;4231
18463;130774;4019
18464;136118;5344
18465;141900;5782
18466;148027;6127
18467;153520;5493
18468;158334;4814
18469;162526;4192
18470;167416;4890
18471;173355;5939
18472;178996;5641
18473;185373;6377
18474;191302;5929
18475;196543;5241
18476;201919;5376
18477;206743;4824
18478;213535;6792
18479;220682;7147
18480;228195;7513
18481;235677;7482
18482;241811;6134
18483;246499;4688
18484;253868;7369
18485;260911;7043
18486;268574;7663
18487;276072;7498
18488;282437;6365
18489;289100;6663
18490;294569;5469
18491;299126;4557
18492;305966;6840
18493;312659;6693
18494;320884;8225
18495;329043;8159
18496;336802;7759
18497;342154;5352
18498;350867;8713
18499;359638;8771
18500;370188;10550
18501;380292;10104
18502;392009;11717
18503;401239;9230
18504;408426;7187
18505;417735;9309
18506;428239;10504
18507;439172;10933
18508;451198;12026
18509;461882;10684
18510;471806;9924
18511;478792;6986
18512;488007;9215
18513;500034;12027
18514;512293;12259
18515;524198;11905
18516;535705;11507
18517;546481;10776
18518;555537;9056
18519;565446;9909
18520;577338;11892
18521;589012;11674
18522;601713;12701
18523;613658;11945
18524;622934;9276
18525;631365;8431
18526;640147;8782
18527;652174;12027
18528;664799;12625
18529;678266;13467
18530;691235;12969
18531;702484;11249
18532;711325;8841
18533;723132;11807
18534;736609;13477
18535;751001;14392
18536;765002;14001
18537;779689;14687
18538;790818;11129
18539;798486;7668
18540;809728;11242
18541;824468;14740
18542;840915;16447
18543;856369;15454
18544;871468;15099
18545;883882;12414
18546;894206;10324
18547;903730;9524
18548;917035;13305
18549;931967;14932
18550;949063;17096
18551;965609;16546
18552;979119;13510
18553;989680;10561
18554;1002662;12982
18555;1018999;16337
18556;1037325;18326
18557;1053650;16325
18558;1069368;15718
18559;1081336;11968
18560;1090589;9253
18561;1102301;11712
18562;1116609;14308
18563;1130533;13924
18564;1143800;13267
18565;1157179;13379
18566;1166924;9745
18567;1173533;6609
18568;1183131;9598
18569;1195276;12145
18570;1205928;10652
18571;1217028;11100
18572;1228814;11786
18573;1236851;8037
18574;1242182;5331
18575;1250499;8317
18576;1262476;11977
18577;1273356;10880
18578;1284519;11163
18579;1296378;11859
18580;1304846;8468
18581;1310491;5645
18582;1318384;7893
18583;1329005;10621
18584;1339337;10332
18585;1349434;10097
18586;1359042;9608
18587;1366182;7140
18588;1370366;4184
18589;1374631;4265
18590;1381795;7164
18591;1390388;8593
18592;1399431;9043
18593;1407277;7846
18594;1413375;6098
18595;1418807;5432
18596;1424533;5726
18597;1432570;8037
18598;1440103;7533
18599;1447732;7629
18600;1454631;6899
18601;1459832;5201
18602;1463110;3278
18603;1466309;3199
18604;1469919;3610
18605;1475222;5303
18606;1482216;6994
18607;1489328;7112
18608;1494602;5274
18609;1498160;3558
18610;1503222;5062
18611;1510203;6981
18612;1517046;6843
18613;1524372;7326
18614;1531374;7002
18615;1537169;5795
18616;1541285;4116
18617;1547138;5853
18618;1555279;8141
18619;1563865;8586
18620;1563865;0
18621;1574554;10689
18622;1578267;3713
18623;1583297;5030
18624;1590513;7216
18625;1602163;11650
18626;1613928;11765
18627;1625514;11586
18628;1629594;4080
18629;1634834;5240
18630;1640718;5884
18631;1648940;8222
18632;1662730;13790
18633;1676171;13441
18634;1690006;13835
18635;1703352;13346
18636;1714409;11057
18637;1722217;7808
18638;1730921;8704
18639;1744704;13783
18640;1757429;12725
18641;1770715;13286
18642;1783047;12332
18643;1791979;8932
18644;1799243;7264
18645;1807428;8185
18646;1819569;12141
18647;1831681;12112
18648;1843077;11396
18649;1853830;10753
18650;1862192;8362
18651;1867223;5031
18652;1874801;7578
18653;1885210;10409
18654;1896053;10843
18655;1905524;9471
18656;1915362;9838
18657;1922264;6902
18658;1927239;4975
18659;1933853;6614
18660;1943548;9695
18661;1952744;9196
18662;1961635;8891
18663;1970009;8374
18664;1976689;6680
18665;1980347;3658
18666;1985501;5154
18667;1993295;7794
18668;2001034;7739
18669;2008345;7311
18670;2015496;7151
18671;2021553;6057
18672;2025798;4245
18673;2029057;3259
18674;2033060;4003
18675;2039124;6064
18676;2046795;7671
18677;2054681;7886
18678;2060625;5944
18679;2064334;3709
18680;2069751;5417
18681;2077228;7477
18682;2085411;8183
18683;2093645;8234
18684;2098728;5083
18685;2104197;5469
18686;2107365;3168
18687;2112023;4658
18688;2118676;6653
18689;2126531;7855
18690;2133963;7432
18691;2141854;7891
18692;2146714;4860
18693;2149636;2922
18694;2154694;5058
18695;2162001;7307
18696;2169694;7693
18697;2177898;8204
18698;2185747;7849
18699;2192025;6278
18700;2195722;3697
18701;2201886;6164
18702;2210121;8235
18703;2218425;8304
18704;2226753;8328
18705;2234913;8160
18706;2241739;6826
18707;2245771;4032
18708;2252172;6401
18709;2261577;9405
18710;2269877;8300
18711;2278115;8238
18712;2291051;12936
18713;2301389;10338
18714;2308597;7208
18715;2322611;14014
18716;2332765;10154
18717;2348821;16056
18718;2363251;14430
18719;2373153;9902
18720;2383537;10384
18721;2393492;9955
18722;2407159;13667
18723;2428029;20870
18724;2450068;22039
18725;2473751;23683
18726;2497881;24130
18727;2517300;19419
18728;2532562;15262
18729;2551999;19437
18730;2579000;27001
18731;2604157;25157
18732;2629156;24999
18733;2658628;29472
18734;2677747;19119
18735;2694014;16267
18736;2714475;20461
18737;2743620;29145
18738;2769552;25932
18739;2796768;27216
18740;2824652;27884
18741;2845872;21220
18742;2860884;15012
18743;2879677;18793
18744;2905172;25495
18745;2928890;23718
18746;2954943;26053
18747;2977363;22420
18748;2993865;16502
18749;3005259;11394
18750;3021179;15920
18751;3047417;26238
18752;3071496;24079
18753;3095582;24086
18754;3118134;22552
18755;3136158;18024
18756;3147740;11582
18757;3165121;17381
18758;3191097;25976
18759;3215572;24475
18760;3242103;26531
18761;3269466;27363
18762;3290935;21469
18763;3307285;16350
18764;3335965;28680
18765;3371508;35543
