condition;measurement;ncases
18283;0;0
18284;0;0
18285;0;0
18286;0;0
18287;0;0
18288;0;0
18289;0;0
18290;0;0
18291;0;0
18292;0;0
18293;0;0
18294;0;0
18295;0;0
18296;0;0
18297;0;0
18298;0;0
18299;0;0
18300;0;0
18301;0;0
18302;0;0
18303;0;0
18304;0;0
18305;0;0
18306;0;0
18307;0;0
18308;0;0
18309;0;0
18310;0;0
18311;0;0
18312;0;0
18313;0;0
18314;0;0
18315;0;0
18316;0;0
18317;0;0
18318;0;0
18319;0;0
18320;0;0
18321;0;0
18322;3;3
18323;3;0
18324;3;0
18325;3;0
18326;6;3
18327;6;0
18328;9;3
18329;9;0
18330;9;0
18331;11;2
18332;11;0
18333;11;0
18334;15;4
18335;15;0
18336;23;8
18337;28;5
18338;28;0
18339;28;0
18340;44;16
18341;44;0
18342;53;9
18343;65;12
18344;72;7
18345;87;15
18346;93;6
18347;122;29
18348;165;43
18349;182;17
18350;209;27
18351;273;64
18352;298;25
18353;359;61
18354;400;41
18355;443;43
18356;521;78
18357;584;63
18358;641;57
18359;717;76
18360;822;105
18361;926;104
18362;991;65
18363;1058;67
18364;1098;40
18365;1148;50
18366;1197;49
18367;1253;56
18368;1283;30
18369;1340;57
18370;1373;33
18371;1398;25
18372;1436;38
18373;1480;44
18374;1518;38
18375;1548;30
18376;1592;44
18377;1617;25
18378;1645;28
18379;1678;33
18380;1717;39
18381;1766;49
18382;1804;38
18383;1854;50
18384;1894;40
18385;1932;38
18386;1984;52
18387;2060;76
18388;2127;67
18389;2204;77
18390;2279;75
18391;2422;143
18392;2519;97
18393;2589;70
18394;2693;104
18395;2758;65
18396;2879;121
18397;2980;101
18398;3138;158
18399;3274;136
18400;3387;113
18401;3518;131
18402;3631;113
18403;3749;118
18404;3855;106
18405;3982;127
18406;4122;140
18407;4271;149
18408;4403;132
18409;4568;165
18410;4759;191
18411;4989;230
18412;5246;257
18413;5494;248
18414;5662;168
18415;5935;273
18416;6260;325
18417;6522;262
18418;6860;338
18419;7239;379
18420;7553;314
18421;7876;323
18422;8191;315
18423;8530;339
18424;8882;352
18425;9218;336
18426;9570;352
18427;9957;387
18428;10324;367
18429;10662;338
18430;10991;329
18431;11329;338
18432;11767;438
18433;12238;471
18434;12729;491
18435;13207;478
18436;13715;508
18437;14305;590
18438;14852;547
18439;15369;517
18440;15890;521
18441;16424;534
18442;16968;544
18443;17524;556
18444;18112;588
18445;18684;572
18446;19267;583
18447;19801;534
18448;20324;523
18449;20837;513
18450;21374;537
18451;21916;542
18452;22464;548
18453;22990;526
18454;23521;531
18455;24041;520
18456;24570;529
18457;25113;543
18458;25672;559
18459;26165;493
18460;26636;471
18461;27133;497
18462;27521;388
18463;27890;369
18464;28242;352
18465;28633;391
18466;28980;347
18467;29312;332
18468;29633;321
18469;30050;417
18470;30446;396
18471;30858;412
18472;31221;363
18473;31560;339
18474;31878;318
18475;32157;279
18476;32443;286
18477;32684;241
18478;32910;226
18479;33103;193
18480;33247;144
18481;33376;129
18482;33481;105
18483;33568;87
18484;33647;79
18485;33731;84
18486;33824;93
18487;33915;91
18488;34018;103
18489;34107;89
18490;34219;112
18491;34343;124
18492;34474;131
18493;34620;146
18494;34759;139
18495;34921;162
18496;35105;184
18497;35274;169
18498;35426;152
18499;35559;133
18500;35707;148
18501;35844;137
18502;35986;142
18503;36174;188
18504;36309;135
18505;36435;126
18506;36578;143
18507;36732;154
18508;36899;167
18509;37031;132
18510;37192;161
18511;37329;137
18512;37418;89
18513;37557;139
18514;37732;175
18515;37874;142
18516;38037;163
18517;38172;135
18518;38327;155
18519;38403;76
18520;38517;114
18521;38658;141
18522;38777;119
18523;38894;117
18524;39042;148
18525;39188;146
18526;39280;92
18527;39378;98
18528;39524;146
18529;39686;162
18530;39787;101
18531;39895;108
18532;40023;128
18533;40061;38
18534;40119;58
18535;40229;110
18536;40309;80
18537;40453;144
18538;40561;108
18539;40691;130
18540;40788;97
18541;40931;143
18542;41113;182
18543;41304;191
18544;41519;215
18545;41752;233
18546;41982;230
18547;42104;122
18548;42381;277
18549;42750;369
18550;43280;530
18551;43789;509
18552;44317;528
18553;44964;647
18554;45295;331
18555;45879;584
18556;46593;714
18557;47418;825
18558;48221;803
18559;49013;792
18560;49959;946
18561;50486;527
18562;51149;663
18563;52137;988
18564;53152;1015
18565;54174;1022
18566;55269;1095
18567;56444;1175
18568;57040;596
18569;58282;1242
18570;59509;1227
18571;60873;1364
18572;62338;1465
18573;63748;1410
18574;65411;1663
18575;66046;635
18576;67392;1346
18577;68594;1202
18578;70216;1622
18579;71580;1364
18580;73429;1849
18581;75688;2259
18582;77083;1395
18583;79158;2075
18584;81397;2239
18585;83994;2597
18586;87163;3169
18587;89898;2735
18588;93094;3196
18589;95281;2187
18590;98927;3646
18591;102396;3469
18592;106101;3705
18593;109813;3712
18594;114025;4212
18595;118195;4170
18596;121176;2981
18597;125602;4426
18598;129544;3942
18599;133733;4189
18600;138000;4267
18601;142323;4323
18602;146679;4356
18603;149765;3086
18604;154152;4387
18605;158555;4403
18606;162774;4219
18607;167155;4381
18608;171423;4268
18609;175874;4451
18610;178986;3112
18611;183259;4273
18612;187336;4077
18613;191460;4124
18614;195422;3962
18615;199127;3705
18616;202088;2961
18617;203593;1505
18618;205877;2284
18619;208211;2334
18620;210061;1850
18621;211764;1703
18622;213192;1428
18623;214711;1519
18624;215483;772
18625;216584;1101
18626;217636;1052
18627;218700;1064
18628;219041;341
18629;219462;421
18630;220265;803
18631;220599;334
18632;221401;802
18633;222200;799
18634;222885;685
18635;223417;532
18636;224050;633
18637;224651;601
18638;224827;176
18639;225346;519
18640;225820;474
18641;226200;380
18642;226549;349
18643;226951;402
18644;227273;322
18645;227391;118
18646;227696;305
18647;228028;332
18648;228246;218
18649;228526;280
18650;228688;162
18651;228975;287
18652;229032;57
18653;229358;326
18654;229584;226
18655;229793;209
18656;229935;142
18657;230066;131
18658;230219;153
18659;230296;77
18660;230455;159
18661;230617;162
18662;230769;152
18663;230907;138
18664;231022;115
18665;231154;132
18666;231198;44
18667;231362;164
18668;231509;147
18669;231649;140
18670;231840;191
18671;231995;155
18672;232123;128
18673;232197;74
18674;232337;140
18675;232491;154
18676;232636;145
18677;232829;193
18678;232973;144
18679;233129;156
18680;233201;72
18681;233424;223
18682;233644;220
18683;233770;126
18684;233989;219
18685;234267;278
18686;234537;270
18687;234662;125
18688;235014;352
18689;235333;319
18690;235647;314
18691;236012;365
18692;236365;353
18693;236768;403
18694;236963;195
18695;237260;297
18696;237775;515
18697;238383;608
18698;238959;576
18699;239692;733
18700;240295;603
18701;240671;376
18702;241651;980
18703;242491;840
18704;243424;933
18705;244303;879
18706;245490;1187
18707;246304;814
18708;246974;670
18709;248307;1333
18710;249492;1185
18711;250921;1429
18712;252680;1759
18713;254370;1690
18714;256201;1831
18715;257330;1129
18716;259476;2146
18717;261713;2237
18718;263961;2248
18719;266322;2361
18720;268174;1852
18721;270735;2561
18722;271834;1099
18723;273869;2035
18724;276464;2595
18725;279181;2717
18726;281387;2206
18727;283579;2192
18728;285993;2414
18729;287144;1151
18730;289601;2457
18731;291894;2293
18732;294211;2317
18733;296374;2163
18734;298522;2148
18735;300666;2144
18736;301661;995
18737;303858;2197
18738;305933;2075
18739;307980;2047
18740;309789;1809
18741;311465;1676
18742;313006;1541
18743;313812;806
18744;315119;1307
18745;316521;1402
18746;317913;1392
18747;319109;1196
18748;320322;1213
18749;321380;1058
18750;321798;418
18751;322761;963
18752;323841;1080
18753;324685;844
18754;325407;722
18755;326056;649
18756;326716;660
18757;327087;371
18758;327601;514
18759;328159;558
18760;328668;509
18761;328994;326
18762;329371;377
18763;329843;472
18764;330269;426
18765;330701;432
