condition;measurement;ncases
18283;0;0
18284;0;0
18285;0;0
18286;0;0
18287;0;0
18288;0;0
18289;0;0
18290;0;0
18291;0;0
18292;0;0
18293;0;0
18294;0;0
18295;0;0
18296;0;0
18297;0;0
18298;0;0
18299;0;0
18300;0;0
18301;0;0
18302;0;0
18303;0;0
18304;0;0
18305;0;0
18306;0;0
18307;0;0
18308;0;0
18309;0;0
18310;0;0
18311;0;0
18312;0;0
18313;0;0
18314;0;0
18315;0;0
18316;1;1
18317;23;22
18318;33;10
18319;33;0
18320;36;3
18321;41;5
18322;47;6
18323;49;2
18324;49;0
18325;52;3
18326;55;3
18327;60;5
18328;85;25
18329;85;0
18330;95;10
18331;110;15
18332;195;85
18333;195;0
18334;195;0
18335;210;15
18336;214;4
18337;214;0
18338;228;14
18339;256;28
18340;278;22
18341;285;7
18342;305;20
18343;334;29
18344;377;43
18345;392;15
18346;419;27
18347;458;39
18348;466;8
18349;476;10
18350;499;23
18351;515;16
18352;567;52
18353;569;2
18354;643;74
18355;672;29
18356;688;16
18357;700;12
18358;756;56
18359;811;55
18360;823;12
18361;887;64
18362;925;38
18363;1040;115
18364;1136;96
18365;1361;225
18366;1528;167
18367;1671;143
18368;1700;29
18369;1740;40
18370;1773;33
18371;1881;108
18372;1907;26
18373;1973;66
18374;2027;54
18375;2217;190
18376;2518;301
18377;2588;70
18378;2647;59
18379;2723;76
18380;2811;88
18381;2921;110
18382;3040;119
18383;3170;130
18384;3284;114
18385;3383;99
18386;3533;150
18387;3720;187
18388;3934;214
18389;4199;265
18390;4444;245
18391;4774;330
18392;4941;167
18393;5236;295
18394;5531;295
18395;5816;285
18396;6198;382
18397;6583;385
18398;6747;164
18399;6956;209
18400;7184;228
18401;7532;348
18402;7888;356
18403;8174;286
18404;8414;240
18405;8802;388
18406;9138;336
18407;9171;33
18408;9366;195
18409;9692;326
18410;10052;360
18411;10449;397
18412;10793;344
18413;11398;605
18414;11871;473
18415;12311;440
18416;12815;504
18417;13296;481
18418;13835;539
18419;14383;548
18420;14763;380
18421;15417;654
18422;15731;314
18423;16200;469
18424;16667;467
18425;17269;602
18426;17713;444
18427;18227;514
18428;19013;786
18429;19553;540
18430;19961;408
18431;20430;469
18432;20916;486
18433;21331;415
18434;21764;433
18435;22407;643
18436;23062;655
18437;23570;508
18438;24081;511
18439;24805;724
18440;25267;462
18441;25705;438
18442;26239;534
18443;26758;519
18444;27414;656
18445;27837;423
18446;28410;573
18447;28857;447
18448;29367;510
18449;29821;454
18450;30321;500
18451;30931;610
18452;31528;597
18453;32039;511
18454;32470;431
18455;32941;471
18456;33476;535
18457;34078;602
18458;34560;482
18459;35084;524
18460;35473;389
18461;36004;531
18462;36422;418
18463;36936;514
18464;37316;380
18465;37637;321
18466;37996;359
18467;38458;462
18468;38747;289
18469;39131;384
18470;39482;351
18471;39921;439
18472;40311;390
18473;40755;444
18474;40982;227
18475;41190;208
18476;41536;346
18477;41835;299
18478;42132;297
18479;42514;382
18480;42889;375
18481;43307;418
18482;43629;322
18483;44011;382
18484;44397;386
18485;44804;407
18486;45264;460
18487;45726;462
18488;46052;326
18489;46430;378
18490;46835;405
18491;47185;350
18492;47581;396
18493;47950;369
18494;48303;353
18495;48661;358
18496;49038;377
18497;49330;292
18498;49719;389
18499;50076;357
18500;50393;317
18501;50756;363
18502;51113;357
18503;51391;278
18504;51574;183
18505;51972;398
18506;52440;468
18507;52807;367
18508;53433;626
18509;54095;662
18510;54771;676
18511;55415;644
18512;56076;661
18513;56778;702
18514;57450;672
18515;58207;757
18516;58839;632
18517;59586;747
18518;60307;721
18519;60965;658
18520;61643;678
18521;62484;841
18522;63189;705
18523;63879;690
18524;64499;620
18525;65039;540
18526;65752;713
18527;66402;650
18528;67014;612
18529;67701;687
18530;68190;489
18531;68775;585
18532;69361;586
18533;69848;487
18534;70422;574
18535;70864;442
18536;71374;510
18537;71803;429
18538;72310;507
18539;72662;352
18540;73116;454
18541;73476;360
18542;73932;456
18543;74422;490
18544;74860;438
18545;75287;427
18546;75614;327
18547;75948;334
18548;76272;324
18549;76621;349
18550;76954;333
18551;77325;371
18552;77571;246
18553;77902;331
18554;78224;322
18555;78533;309
18556;78907;374
18557;79211;304
18558;79574;363
18559;79975;401
18560;80255;280
18561;80533;278
18562;80765;232
18563;81022;257
18564;81262;240
18565;81466;204
18566;81645;179
18567;81923;278
18568;82133;210
18569;82363;230
18570;82624;261
18571;82786;162
18572;83023;237
18573;83264;241
18574;83456;192
18575;83632;176
18576;83811;179
18577;84042;231
18578;84192;150
18579;84349;157
18580;84523;174
18581;84703;180
18582;84882;179
18583;85008;126
18584;85182;174
18585;85317;135
18586;85467;150
18587;85591;124
18588;85705;114
18589;85886;181
18590;86016;130
18591;86185;169
18592;86347;162
18593;86515;168
18594;86645;130
18595;86787;142
18596;86956;169
18597;87137;181
18598;87270;133
18599;87432;162
18600;87600;168
18601;87732;132
18602;87930;198
18603;88111;181
18604;88294;183
18605;88495;201
18606;88632;137
18607;88820;188
18608;88965;145
18609;89143;178
18610;89268;125
18611;89444;176
18612;89600;156
18613;89743;143
18614;89883;140
18615;90062;179
18616;90282;220
18617;90450;168
18618;90634;184
18619;90817;183
18620;91070;253
18621;91304;234
18622;91518;214
18623;91733;215
18624;91935;202
18625;92169;234
18626;92425;256
18627;92675;250
18628;92913;238
18629;93184;271
18630;93478;294
18631;93766;288
18632;93995;229
18633;94284;289
18634;94633;349
18635;95030;397
18636;95317;287
18637;95558;241
18638;95879;321
18639;96195;316
18640;96470;275
18641;96812;342
18642;97020;208
18643;97268;248
18644;97607;339
18645;97940;333
18646;98260;320
18647;98573;313
18648;98878;305
18649;99210;332
18650;99456;246
18651;99817;361
18652;100230;413
18653;100689;459
18654;101116;427
18655;101503;387
18656;101971;468
18657;102626;655
18658;103057;431
18659;103582;525
18660;104239;657
18661;104792;553
18662;105496;704
18663;106198;702
18664;106713;515
18665;107329;616
18666;108048;719
18667;108807;759
18668;109604;797
18669;110416;812
18670;111312;896
18671;112102;790
18672;112742;640
18673;113590;848
18674;114361;771
18675;115057;696
18676;115705;648
18677;116482;777
18678;117234;752
18679;117809;575
18680;118530;721
18681;119205;675
18682;119858;653
18683;120495;637
18684;121127;632
18685;121778;651
18686;122394;616
18687;123039;645
18688;123531;492
18689;124269;738
18690;124857;588
18691;125514;657
18692;126126;612
18693;126602;476
18694;127255;653
18695;127800;545
18696;128428;628
18697;129081;653
18698;129825;744
18699;130404;579
18700;131001;597
18701;131683;682
18702;132369;686
18703;133137;768
18704;133779;642
18705;134510;731
18706;135326;816
18707;135982;656
18708;136741;759
18709;137550;809
18710;138283;733
18711;139124;841
18712;139953;829
18713;140818;865
18714;141845;1027
18715;142669;824
18716;143574;905
18717;144445;871
18718;145380;935
18719;146454;1074
18720;147770;1316
18721;148817;1047
18722;149791;974
18723;150811;1020
18724;151931;1120
18725;153074;1143
18726;154280;1206
18727;155402;1122
18728;156462;1060
18729;157729;1267
18730;158789;1060
18731;159964;1175
18732;160934;970
18733;162089;1155
18734;163113;1024
18735;164110;997
18736;165118;1008
18737;166157;1039
18738;167165;1008
18739;168201;1036
18740;169254;1053
18741;170335;1081
18742;171370;1035
18743;172576;1206
18744;173548;972
18745;174659;1111
18746;175752;1093
18747;176934;1182
18748;177997;1063
18749;179297;1300
18750;180462;1165
18751;181880;1418
18752;183330;1450
18753;184697;1367
18754;186403;1706
18755;187905;1502
18756;189356;1451
18757;191018;1662
18758;192750;1732
18759;194289;1539
18760;196105;1816
18761;197474;1369
18762;199093;1619
18763;200977;1884
18764;202556;1579
18765;204524;1968
