condition;measurement;ncases
18283;0;0
18284;0;0
18285;0;0
18286;0;0
18287;0;0
18288;0;0
18289;0;0
18290;0;0
18291;0;0
18292;0;0
18293;0;0
18294;0;0
18295;0;0
18296;0;0
18297;0;0
18298;0;0
18299;0;0
18300;0;0
18301;0;0
18302;0;0
18303;0;0
18304;0;0
18305;0;0
18306;0;0
18307;0;0
18308;0;0
18309;0;0
18310;0;0
18311;0;0
18312;0;0
18313;0;0
18314;0;0
18315;0;0
18316;0;0
18317;0;0
18318;0;0
18319;0;0
18320;0;0
18321;0;0
18322;0;0
18323;0;0
18324;0;0
18325;0;0
18326;0;0
18327;0;0
18328;0;0
18329;3;3
18330;3;0
18331;3;0
18332;3;0
18333;3;0
18334;3;0
18335;3;0
18336;5;2
18337;8;3
18338;10;2
18339;14;4
18340;17;3
18341;20;3
18342;25;5
18343;27;2
18344;33;6
18345;39;6
18346;39;0
18347;44;5
18348;48;4
18349;48;0
18350;48;0
18351;49;1
18352;51;2
18353;54;3
18354;56;2
18355;61;5
18356;70;9
18357;88;18
18358;123;35
18359;164;41
18360;218;54
18361;330;112
18362;424;94
18363;482;58
18364;621;139
18365;803;182
18366;1012;209
18367;1231;219
18368;1572;341
18369;1838;266
18370;2144;306
18371;2456;312
18372;2948;492
18373;3382;434
18374;3772;390
18375;4186;414
18376;4689;503
18377;4998;309
18378;5416;418
18379;5913;497
18380;6462;549
18381;7103;641
18382;7667;564
18383;8238;571
18384;8790;552
18385;9455;665
18386;10143;688
18387;10929;786
18388;11719;790
18389;12425;706
18390;13134;709
18391;13770;636
18392;14657;887
18393;15691;1034
18394;16660;969
18395;17822;1162
18396;18863;1041
18397;20065;1202
18398;20995;930
18399;22268;1273
18400;23870;1602
18401;25121;1251
18402;26738;1617
18403;28511;1773
18404;30205;1694
18405;32078;1873
18406;33610;1532
18407;35585;1975
18408;36751;1166
18409;38292;1541
18410;40321;2029
18411;42844;2523
18412;44608;1764
18413;47153;2545
18414;49534;2381
18415;52445;2911
18416;55140;2695
18417;57563;2423
18418;60391;2828
18419;63026;2635
18420;65769;2743
18421;68504;2735
18422;71675;3171
18423;74865;3190
18424;78052;3187
18425;81523;3471
18426;84379;2856
18427;87520;3141
18428;90619;3099
18429;94481;3862
18430;98489;4008
18431;102292;3803
18432;105535;3243
18433;108775;3240
18434;112306;3531
18435;115786;3480
18436;119198;3412
18437;122660;3462
18438;126606;3946
18439;130474;3868
18440;133978;3504
18441;137787;3809
18442;141801;4014
18443;145483;3682
18444;149258;3775
18445;153277;4019
18446;156391;3114
18447;159679;3288
18448;162417;2738
18449;165618;3201
18450;168645;3027
18451;172134;3489
18452;175494;3360
18453;178443;2949
18454;181129;2686
18455;183795;2666
18456;186894;3099
18457;190057;3163
18458;193590;3533
18459;196323;2733
18460;199357;3034
18461;202066;2709
18462;204525;2459
18463;207453;2928
18464;210510;3057
18465;213254;2744
18466;216110;2856
18467;218658;2548
18468;221178;2520
18469;223453;2275
18470;226225;2772
18471;229185;2960
18472;232194;3009
18473;234889;2695
18474;237661;2772
18475;239860;2199
18476;240746;886
18477;242102;1356
18478;244020;1918
18479;246674;2654
18480;249651;2977
18481;252502;2851
18482;255113;2611
18483;257600;2487
18484;260507;2907
18485;263503;2996
18486;266498;2995
18487;269115;2617
18488;271881;2766
18489;274525;2644
18490;276549;2024
18491;279144;2595
18492;282344;3200
18493;285091;2747
18494;287959;2868
18495;290360;2401
18496;292625;2265
18497;294598;1973
18498;297083;2485
18499;299628;2545
18500;302147;2519
18501;304583;2436
18502;306794;2211
18503;308925;2131
18504;310822;1897
18505;312996;2174
18506;314946;1950
18507;317528;2582
18508;319686;2158
18509;321615;1929
18510;323565;1950
18511;325157;1592
18512;327359;2202
18513;329251;1892
18514;331078;1827
18515;332970;1892
18516;334762;1792
18517;336044;1282
18518;337520;1476
18519;339332;1812
18520;341056;1724
18521;342671;1615
18522;344264;1593
18523;345805;1541
18524;347372;1567
18525;348918;1546
18526;350621;1703
18527;352178;1557
18528;353844;1666
18529;355384;1540
18530;356767;1383
18531;357873;1106
18532;359148;1275
18533;360555;1407
18534;362043;1488
18535;363479;1436
18536;364987;1508
18537;366383;1396
18538;367565;1182
18539;368690;1125
18540;370132;1442
18541;371631;1499
18542;373151;1520
18543;374592;1441
18544;375870;1278
18545;377073;1203
18546;378266;1193
18547;379738;1472
18548;381275;1537
18549;382959;1684
18550;384559;1600
18551;386086;1527
18552;387295;1209
18553;388569;1274
18554;390206;1637
18555;391586;1380
18556;393131;1545
18557;394827;1696
18558;396413;1586
18559;397507;1094
18560;398815;1308
18561;400251;1436
18562;401586;1335
18563;403079;1493
18564;404760;1681
18565;406364;1604
18566;407684;1320
18567;409252;1568
18568;410988;1736
18569;412647;1659
18570;414164;1517
18571;416006;1842
18572;417475;1469
18573;418764;1289
18574;420238;1474
18575;421921;1683
18576;423620;1699
18577;425353;1733
18578;427198;1845
18579;428965;1767
18580;430496;1531
18581;432333;1837
18582;434472;2139
18583;436684;2212
18584;438795;2111
18585;441159;2364
18586;443434;2275
18587;445281;1847
18588;447341;2060
18589;449760;2419
18590;451990;2230
18591;454146;2156
18592;456438;2292
18593;458711;2273
18594;460619;1908
18595;462407;1788
18596;464932;2525
18597;467225;2293
18598;469423;2198
18599;471739;2316
18600;473991;2252
18601;475789;1798
18602;477545;1756
18603;479743;2198
18604;481945;2202
18605;484104;2159
18606;485965;1861
18607;487849;1884
18608;489178;1329
18609;490533;1355
18610;492332;1799
18611;494209;1877
18612;495841;1632
18613;496975;1134
18614;498293;1318
18615;499560;1267
18616;500713;1153
18617;502183;1470
18618;503501;1318
18619;504868;1367
18620;506102;1234
18621;507265;1163
18622;508099;834
18623;509148;1049
18624;510080;932
18625;511261;1181
18626;512496;1235
18627;513510;1014
18628;514500;990
18629;515184;684
18630;516019;835
18631;516929;910
18632;517920;991
18633;518898;978
18634;519905;1007
18635;520690;785
18636;521382;692
18637;522453;1071
18638;523302;849
18639;524020;718
18640;524910;890
18641;525723;813
18642;526485;762
18643;527063;578
18644;527632;569
18645;528329;697
18646;529031;702
18647;529687;656
18648;530271;584
18649;530890;619
18650;531326;436
18651;531799;473
18652;532401;602
18653;532916;515
18654;533444;528
18655;533953;509
18656;534407;454
18657;534770;363
18658;535139;369
18659;535582;443
18660;536107;525
18661;536545;438
18662;537030;485
18663;537465;435
18664;537770;305
18665;538062;292
18666;538378;316
18667;538765;387
18668;539153;388
18669;539531;378
18670;539975;444
18671;540266;291
18672;540592;326
18673;541038;446
18674;541434;396
18675;541877;443
18676;542268;391
18677;542674;406
18678;543024;350
18679;543351;327
18680;543717;366
18681;544116;399
18682;544544;428
18683;544954;410
18684;545424;470
18685;545831;407
18686;546216;385
18687;546801;585
18688;547316;515
18689;547930;614
18690;548549;619
18691;549184;635
18692;549724;540
18693;550330;606
18694;551175;845
18695;552087;912
18696;553105;1018
18697;554156;1051
18698;555222;1066
18699;556236;1014
18700;557395;1159
18701;559168;1773
18702;560887;1719
18703;562752;1865
18704;564939;2187
18705;566838;1899
18706;568706;1868
18707;570878;2172
18708;573687;2809
18709;577241;3554
18710;580808;3567
18711;584395;3587
18712;588132;3737
18713;591806;3674
18714;595714;3908
18715;600895;5181
18716;605937;5042
18717;611295;5358
18718;617764;6469
18719;624594;6830
18720;630277;5683
18721;637364;7087
18722;644439;7075
18723;651652;7213
18724;659278;7626
18725;666132;6854
18726;673594;7462
18727;678937;5343
18728;684756;5819
18729;691957;7201
18730;697985;6028
18731;703170;5185
18732;707362;4192
18733;711779;4417
18734;715252;3473
18735;718950;3698
18736;723221;4271
18737;727780;4559
18738;732060;4280
18739;736074;4014
18740;739703;3629
18741;742400;2697
18742;745322;2922
18743;748628;3306
18744;751659;3031
18745;754614;2955
18746;756955;2341
18747;759132;2177
18748;760584;1452
18749;761943;1359
18750;763682;1739
18751;765596;1914
18752;767338;1742
18753;769160;1822
18754;770842;1682
18755;772127;1285
18756;773513;1386
18757;775027;1514
18758;776257;1230
18759;777397;1140
18760;778687;1290
18761;779535;848
18762;779796;261
18763;780159;363
18764;780857;698
18765;782129;1272
