condition;measurement;ncases
18283;0;0
18284;0;0
18285;0;0
18286;0;0
18287;0;0
18288;0;0
18289;0;0
18290;0;0
18291;0;0
18292;0;0
18293;0;0
18294;0;0
18295;0;0
18296;1;1
18297;1;0
18298;1;0
18299;1;0
18300;1;0
18301;1;0
18302;1;0
18303;1;0
18304;1;0
18305;1;0
18306;1;0
18307;1;0
18308;1;0
18309;1;0
18310;1;0
18311;1;0
18312;1;0
18313;1;0
18314;1;0
18315;1;0
18316;1;0
18317;1;0
18318;1;0
18319;1;0
18320;1;0
18321;1;0
18322;2;1
18323;8;6
18324;13;5
18325;23;10
18326;50;27
18327;109;59
18328;169;60
18329;200;31
18330;239;39
18331;267;28
18332;314;47
18333;314;0
18334;559;245
18335;689;130
18336;886;197
18337;1058;172
18338;1243;185
18339;1486;243
18340;1795;309
18341;2257;462
18342;2815;558
18343;3401;586
18344;3743;342
18345;4269;526
18346;4937;668
18347;6235;1298
18348;7284;1049
18349;9134;1850
18350;10836;1702
18351;11899;1063
18352;12775;876
18353;13964;1189
18354;15348;1384
18355;16770;1422
18356;18431;1661
18357;19691;1260
18358;20814;1123
18359;22194;1380
18360;23403;1209
18361;24983;1580
18362;26667;1684
18363;28018;1351
18364;29647;1629
18365;30589;942
18366;31119;530
18367;33573;2454
18368;34809;1236
18369;36138;1329
18370;37183;1045
18371;38496;1313
18372;39983;1487
18373;40956;973
18374;41889;933
18375;42797;908
18376;44293;1496
18377;45325;1032
18378;46134;809
18379;46687;553
18380;47334;647
18381;47859;525
18382;48519;660
18383;49032;513
18384;49517;485
18385;49906;389
18386;50267;361
18387;50509;242
18388;50781;272
18389;51420;639
18390;52011;591
18391;52596;585
18392;53081;485
18393;53449;368
18394;53779;330
18395;53981;202
18396;54288;307
18397;54644;356
18398;54989;345
18399;55280;291
18400;55559;279
18401;55791;232
18402;55983;192
18403;56235;252
18404;56511;276
18405;56810;299
18406;57092;282
18407;57342;250
18408;57455;113
18409;57592;137
18410;57849;257
18411;58061;212
18412;58186;125
18413;58381;195
18414;58517;136
18415;58615;98
18416;58685;70
18417;58767;82
18418;58907;140
18419;59072;165
18420;59226;154
18421;59348;122
18422;59437;89
18423;59569;132
18424;59711;142
18425;59819;108
18426;59918;99
18427;60029;111
18428;60100;71
18429;60155;55
18430;60244;89
18431;60348;104
18432;60476;128
18433;60550;74
18434;60550;0
18435;60550;0
18436;60810;260
18437;60898;88
18438;61007;109
18439;61106;99
18440;61209;103
18441;61295;86
18442;61361;66
18443;61427;66
18444;61509;82
18445;61598;89
18446;61727;129
18447;61838;111
18448;62016;178
18449;62058;42
18450;62058;0
18451;62123;65
18452;62210;87
18453;62357;147
18454;62469;112
18455;62707;238
18456;62707;0
18457;62781;74
18458;62872;91
18459;63238;366
18460;63499;261
18461;63706;207
18462;63706;0
18463;64094;388
18464;64258;164
18465;64627;369
18466;64847;220
18467;65199;352
18468;65727;528
18469;66026;299
18470;66428;402
18471;66662;234
18472;67335;673
18473;68006;671
18474;68751;745
18475;69402;651
18476;69849;447
18477;70314;465
18478;70648;334
18479;71158;510
18480;72016;858
18481;72784;768
18482;73401;617
18483;74152;751
18484;74620;468
18485;75008;388
18486;75647;639
18487;76191;544
18488;77113;922
18489;77869;756
18490;78323;454
18491;78534;211
18492;78897;363
18493;79479;582
18494;80178;699
18495;80894;716
18496;81468;574
18497;81936;468
18498;82092;156
18499;82447;355
18500;83030;583
18501;83500;470
18502;83952;452
18503;84599;647
18504;85042;443
18505;85236;194
18506;85487;251
18507;85911;424
18508;86544;633
18509;87174;630
18510;87825;651
18511;88367;542
18512;88769;402
18513;89141;372
18514;89691;550
18515;90568;877
18516;91537;969
18517;92478;941
18518;93455;977
18519;94306;851
18520;94795;489
18521;95948;1153
18522;97976;2028
18523;99649;1673
18524;100748;1099
18525;102295;1547
18526;103392;1097
18527;105226;1834
18528;106887;1661
18529;108768;1881
18530;110976;2208
18531;112803;1827
18532;114179;1376
18533;115353;1174
18534;117115;1762
18535;118452;1337
18536;121059;2607
18537;124234;3175
18538;127623;3389
18539;130235;2612
18540;132203;1968
18541;134291;2088
18542;137868;3577
18543;143596;5728
18544;148981;5385
18545;156931;7950
18546;162258;5327
18547;165880;3622
18548;173240;7360
18549;181511;8271
18550;191959;10448
18551;202151;10192
18552;213115;10964
18553;222253;9138
18554;230480;8227
18555;240159;9679
18556;253386;13227
18557;270132;16746
18558;287700;17568
18559;305409;17709
18560;321031;15622
18561;333718;12687
18562;347289;13571
18563;368337;21048
18564;392258;23921
18565;412314;20056
18566;429229;16915
18567;441018;11789
18568;447355;6337
18569;452541;5186
18570;468213;15672
18571;479341;11128
18572;488044;8703
18573;494168;6124
18574;500789;6621
18575;503182;2393
18576;507475;4293
18577;515391;7916
18578;520393;5002
18579;525012;4619
18580;531280;6268
18581;535939;4659
18582;537871;1932
18583;540605;2734
18584;545787;5182
18585;550264;4477
18586;553680;3416
18587;556904;3224
18588;558779;1875
18589;559902;1123
18590;561803;1901
18591;564967;3164
18592;567532;2565
18593;570829;3297
18594;574448;3619
18595;576599;2151
18596;577345;746
18597;579212;1867
18598;582252;3040
18599;584857;2605
18600;587439;2582
18601;589942;2503
18602;591756;1814
18603;592615;859
18604;594572;1957
18605;597643;3071
18606;600397;2754
18607;600397;0
18608;603159;2762
18609;608137;4978
18610;609211;1074
18611;611422;2211
18612;615058;3636
18613;618204;3146
18614;621039;2835
18615;623760;2721
18616;625930;2170
18617;626911;981
18618;629109;2198
18619;632321;3212
18620;634904;2583
18621;637246;2342
18622;638030;784
18623;638877;847
18624;639734;857
18625;641411;1677
18626;644242;2831
18627;646496;2254
18628;648289;1793
18629;649169;880
18630;650011;842
18631;650887;876
18632;652735;1848
18633;655732;2997
18634;658655;2923
18635;660703;2048
18636;662694;1991
18637;664263;1569
18638;665223;960
18639;667322;2099
18640;670249;2927
18641;672886;2637
18642;675089;2203
18643;677209;2120
18644;678839;1630
18645;679771;932
18646;681250;1479
18647;684256;3006
18648;686827;2571
18649;689271;2444
18650;691854;2583
18651;693666;1812
18652;694858;1192
18653;696642;1784
18654;699662;3020
18655;702437;2775
18656;705120;2683
18657;707837;2717
18658;710153;2316
18659;711417;1264
18660;713271;1854
18661;716395;3124
18662;718847;2452
18663;721432;2585
18664;723870;2438
18665;725610;1740
18666;726483;873
18667;728334;1851
18668;730951;2617
18669;733100;2149
18670;735220;2120
18671;737115;1895
18672;738631;1516
18673;739488;857
18674;741205;1717
18675;743882;2677
18676;746302;2420
18677;749739;3437
18678;752379;2640
18679;754473;2094
18680;755594;1121
18681;757696;2102
18682;760809;3113
18683;763885;3076
18684;766654;2769
18685;769414;2760
18686;771511;2097
18687;772294;783
18688;774344;2050
18689;777608;3264
18690;780251;2643
18691;783010;2759
18692;785809;2799
18693;787891;2082
18694;789008;1117
18695;791171;2163
18696;794605;3434
18697;798108;3503
18698;801723;3615
18699;805321;3598
18700;808283;2962
18701;809861;1578
18702;813026;3165
18703;818142;5116
18704;822801;4659
18705;827941;5140
18706;827941;0
18707;837006;9065
18708;839238;2232
18709;842775;3537
18710;849090;6315
18711;854608;5518
18712;860731;6123
18713;866063;5332
18714;870757;4694
18715;872936;2179
18716;876842;3906
18717;882453;5611
18718;887920;5467
18719;892585;4665
18720;897474;4889
18721;900996;3522
18722;902964;1968
18723;904673;1709
18724;908212;3539
18725;913057;4845
18726;917917;4860
18727;922487;4570
18728;925476;2989
18729;927229;1753
18730;930603;3374
18731;935316;4713
18732;939309;3993
18733;943213;3904
18734;947000;3787
18735;949996;2996
18736;951626;1630
18737;955056;3430
18738;960169;5113
18739;964526;4357
18740;968107;3581
18741;972041;3934
18742;974418;2377
18743;976088;1670
18744;979034;2946
18745;982959;3925
18746;986622;3663
18747;990229;3607
18748;993434;3205
18749;995562;2128
18750;996896;1334
18751;999627;2731
18752;1003746;4119
18753;1007264;3518
18754;1010987;3723
18755;1014351;3364
18756;1016609;2258
18757;1017876;1267
18758;1020332;2456
18759;1023583;3251
18760;1026473;2890
18761;1028104;1631
18762;1030071;1967
18763;1031923;1852
18764;1032895;972
18765;1034714;1819
