condition;measurement;ncases
18283;0;0
18284;0;0
18285;0;0
18286;0;0
18287;0;0
18288;0;0
18289;0;0
18290;0;0
18291;0;0
18292;0;0
18293;0;0
18294;0;0
18295;0;0
18296;0;0
18297;0;0
18298;0;0
18299;0;0
18300;0;0
18301;0;0
18302;0;0
18303;0;0
18304;0;0
18305;0;0
18306;0;0
18307;0;0
18308;0;0
18309;0;0
18310;0;0
18311;0;0
18312;0;0
18313;0;0
18314;0;0
18315;0;0
18316;0;0
18317;0;0
18318;0;0
18319;0;0
18320;0;0
18321;0;0
18322;0;0
18323;0;0
18324;0;0
18325;0;0
18326;2;2
18327;2;0
18328;3;1
18329;3;0
18330;3;0
18331;5;2
18332;7;2
18333;11;4
18334;13;2
18335;18;5
18336;24;6
18337;25;1
18338;26;1
18339;38;12
18340;63;25
18341;89;26
18342;93;4
18343;126;33
18344;136;10
18345;166;30
18346;176;10
18347;191;15
18348;237;46
18349;258;21
18350;323;65
18351;368;45
18352;420;52
18353;459;39
18354;533;74
18355;579;46
18356;624;45
18357;654;30
18358;674;20
18359;764;90
18360;804;40
18361;858;54
18362;901;43
18363;946;45
18364;1009;63
18365;1037;28
18366;1083;46
18367;1110;27
18368;1167;57
18369;1214;47
18370;1268;54
18371;1285;17
18372;1309;24
18373;1342;33
18374;1368;26
18375;1413;45
18376;1421;8
18377;1486;65
18378;1516;30
18379;1565;49
18380;1585;20
18381;1677;92
18382;1757;80
18383;1781;24
18384;1839;58
18385;1857;18
18386;1926;69
18387;1946;20
18388;1987;41
18389;2027;40
18390;2070;43
18391;2090;20
18392;2117;27
18393;2141;24
18394;2158;17
18395;2181;23
18396;2218;37
18397;2236;18
18398;2267;31
18399;2290;23
18400;2304;14
18401;2321;17
18402;2338;17
18403;2350;12
18404;2372;22
18405;2391;19
18406;2401;10
18407;2406;5
18408;2416;10
18409;2435;19
18410;2462;27
18411;2485;23
18412;2494;9
18413;2510;16
18414;2524;14
18415;2535;11
18416;2551;16
18417;2594;43
18418;2606;12
18419;2606;0
18420;2606;0
18421;2704;98
18422;2728;24
18423;2775;47
18424;2832;57
18425;2893;61
18426;2893;0
18427;2893;0
18428;3040;147
18429;3085;45
18430;3141;56
18431;3174;33
18432;3273;99
18433;3273;0
18434;3273;0
18435;3525;252
18436;3588;63
18437;3676;88
18438;3796;120
18439;3935;139
18440;3935;0
18441;3935;0
18442;4325;390
18443;4453;128
18444;4606;153
18445;4788;182
18446;4962;174
18447;4962;0
18448;4962;0
18449;5458;496
18450;5621;163
18451;5869;248
18452;6086;217
18453;6402;316
18454;6719;317
18455;6877;158
18456;6981;104
18457;6981;0
18458;7411;430
18459;7681;270
18460;7908;227
18461;8161;253
18462;8340;179
18463;8479;139
18464;8787;308
18465;9115;328
18466;9462;347
18467;9767;305
18468;9767;0
18469;9767;0
18470;10498;731
18471;10766;268
18472;11127;361
18473;11444;317
18474;11876;432
18475;11876;0
18476;12296;420
18477;12462;166
18478;12856;394
18479;13138;282
18480;13396;258
18481;13687;291
18482;13687;0
18483;13687;0
18484;14498;811
18485;14708;210
18486;14961;253
18487;15184;223
18488;15535;351
18489;15801;266
18490;15801;0
18491;16111;310
18492;16351;240
18493;16691;340
18494;17029;338
18495;17396;367
18496;17715;319
18497;17715;0
18498;18029;314
18499;18326;297
18500;18609;283
18501;18920;311
18502;19214;294
18503;19550;336
18504;19793;243
18505;19964;171
18506;20234;270
18507;20517;283
18508;20804;287
18509;21142;338
18510;21439;297
18511;21560;121
18512;21660;100
18513;21961;301
18514;22258;297
18515;22544;286
18516;22834;290
18517;23138;304
18518;23465;327
18519;23635;170
18520;23929;294
18521;24211;282
18522;24605;394
18523;24897;292
18524;25217;320
18525;25428;211
18526;25521;93
18527;25737;216
18528;26081;344
18529;26316;235
18530;26564;248
18531;26797;233
18532;26920;123
18533;27001;81
18534;27226;225
18535;27469;243
18536;27749;280
18537;27975;226
18538;27975;0
18539;28354;379
18540;28449;95
18541;28710;261
18542;29075;365
18543;29528;453
18544;29917;389
18545;30345;428
18546;30647;302
18547;30837;190
18548;31173;336
18549;31655;482
18550;32224;569
18551;32845;621
18552;33561;716
18553;34112;551
18554;34661;549
18555;35389;728
18556;36315;926
18557;37314;999
18558;38493;1179
18559;39758;1265
18560;40893;1135
18561;41596;703
18562;43151;1555
18563;44737;1586
18564;46639;1902
18565;48137;1498
18566;50090;1953
18567;51505;1415
18568;52269;764
18569;53822;1553
18570;55598;1776
18571;57506;1908
18572;59427;1921
18573;61212;1785
18574;62423;1211
18575;63419;996
18576;65024;1605
18577;66565;1541
18578;68293;1728
18579;69625;1332
18580;70900;1275
18581;71956;1056
18582;72689;733
18583;73944;1255
18584;75577;1633
18585;76757;1180
18586;77994;1237
18587;79309;1315
18588;80006;697
18589;80553;547
18590;81739;1186
18591;83328;1589
18592;84252;924
18593;85431;1179
18594;86710;1279
18595;87374;664
18596;87901;527
18597;89085;1184
18598;90378;1293
18599;91539;1161
18600;92793;1254
18601;93768;975
18602;94507;739
18603;94944;437
18604;96021;1077
18605;97317;1296
18606;98603;1286
18607;99543;940
18608;100306;763
18609;101117;811
18610;101461;344
18611;102330;869
18612;103232;902
18613;104087;855
18614;104881;794
18615;105524;643
18616;105524;0
18617;106222;698
18618;106986;764
18619;107570;584
18620;108298;728
18621;108891;593
18622;109330;439
18623;109691;361
18624;109911;220
18625;110454;543
18626;110985;531
18627;110985;0
18628;112143;1158
18629;112143;0
18630;112645;502
18631;112645;0
18632;113392;747
18633;113392;0
18634;113392;0
18635;114920;1528
18636;115379;459
18637;115633;254
18638;115633;0
18639;116200;567
18640;116668;468
18641;117011;343
18642;117011;0
18643;117011;0
18644;117011;0
18645;118083;1072
18646;118383;300
18647;118717;334
18648;119206;489
18649;119420;214
18650;119420;0
18651;119420;0
18652;120143;723
18653;120532;389
18654;120864;332
18655;121194;330
18656;121497;303
18657;121497;0
18658;121497;0
18659;122199;702
18660;122461;262
18661;122828;367
18662;122828;0
18663;123434;606
18664;123434;0
18665;123434;0
18666;124101;667
18667;124443;342
18668;124696;253
18669;125123;427
18670;125402;279
18671;125402;0
18672;125402;0
18673;126139;737
18674;126413;274
18675;126781;368
18676;127135;354
18677;127537;402
18678;127537;0
18679;127537;0
18680;128661;1124
18681;129176;515
18682;129753;577
18683;130510;757
18684;130979;469
18685;130979;0
18686;130979;0
18687;130979;0
18688;133088;2109
18689;133982;894
18690;134892;910
18691;135513;621
18692;135513;0
18693;135513;0
18694;137291;1778
18695;138542;1251
18696;139652;1110
18697;140990;1338
18698;142160;1170
18699;142160;0
18700;142160;0
18701;144831;2671
18702;146437;1606
18703;148163;1726
18704;149891;1728
18705;151337;1446
18706;151337;0
18707;151337;0
18708;154627;3290
18709;156346;1719
18710;158198;1852
18711;160163;1965
18712;162032;1869
18713;162032;0
18714;162032;0
18715;165787;3755
18716;167654;1867
18717;169626;1972
18718;171324;1698
18719;173478;2154
18720;173478;0
18721;173478;0
18722;176413;2935
18723;177506;1093
18724;179248;1742
18725;180831;1583
18726;181927;1096
18727;181927;0
18728;181927;0
18729;184698;2771
18730;184698;0
18731;186372;1674
18732;187715;1343
18733;188994;1279
18734;188994;0
18735;188994;0
18736;191154;2160
18737;191876;722
18738;193115;1239
18739;194371;1256
18740;194733;362
18741;194733;0
18742;194733;0
18743;195971;1238
18744;196732;761
18745;197378;646
18746;197866;488
18747;198461;595
18748;198461;0
18749;198461;0
18750;198461;0
18751;199463;1002
18752;199882;419
18753;200353;471
18754;200693;340
18755;200693;0
18756;200693;0
18757;201217;524
18758;201512;295
18759;201796;284
18760;202003;207
18761;202143;140
18762;202143;0
18763;202143;0
18764;202490;347
18765;202675;185
