condition;measurement;ncases
18283;0;0
18284;0;0
18285;0;0
18286;0;0
18287;0;0
18288;0;0
18289;0;0
18290;0;0
18291;0;0
18292;0;0
18293;0;0
18294;0;0
18295;0;0
18296;0;0
18297;0;0
18298;0;0
18299;0;0
18300;0;0
18301;0;0
18302;0;0
18303;0;0
18304;0;0
18305;0;0
18306;0;0
18307;0;0
18308;0;0
18309;0;0
18310;0;0
18311;0;0
18312;0;0
18313;0;0
18314;0;0
18315;0;0
18316;0;0
18317;0;0
18318;0;0
18319;0;0
18320;0;0
18321;0;0
18322;0;0
18323;0;0
18324;0;0
18325;0;0
18326;0;0
18327;0;0
18328;0;0
18329;0;0
18330;0;0
18331;1;1
18332;2;1
18333;2;0
18334;2;0
18335;2;0
18336;3;1
18337;15;12
18338;15;0
18339;20;5
18340;33;13
18341;40;7
18342;64;24
18343;75;11
18344;99;24
18345;114;15
18346;146;32
18347;152;6
18348;180;28
18349;207;27
18350;222;15
18351;246;24
18352;261;15
18353;282;21
18354;288;6
18355;302;14
18356;318;16
18357;345;27
18358;364;19
18359;384;20
18360;414;30
18361;443;29
18362;443;0
18363;484;41
18364;497;13
18365;497;0
18366;528;31
18367;542;14
18368;546;4
18369;557;11
18370;565;8
18371;576;11
18372;581;5
18373;600;19
18374;609;9
18375;616;7
18376;629;13
18377;629;0
18378;632;3
18379;635;3
18380;638;3
18381;641;3
18382;645;4
18383;649;4
18384;652;3
18385;662;10
18386;672;10
18387;688;16
18388;729;41
18389;736;7
18390;744;8
18391;748;4
18392;751;3
18393;760;9
18394;766;6
18395;773;7
18396;773;0
18397;780;7
18398;782;2
18399;796;14
18400;796;0
18401;796;0
18402;809;13
18403;812;3
18404;814;2
18405;814;0
18406;814;0
18407;832;18
18408;832;0
18409;845;13
18410;847;2
18411;847;0
18412;847;0
18413;847;0
18414;847;0
18415;881;34
18416;884;3
18417;885;1
18418;888;3
18419;888;0
18420;889;1
18421;890;1
18422;891;1
18423;891;0
18424;892;1
18425;892;0
18426;892;0
18427;894;2
18428;894;0
18429;895;1
18430;899;4
18431;899;0
18432;900;1
18433;901;1
18434;903;2
18435;903;0
18436;907;4
18437;919;12
18438;934;15
18439;941;7
18440;941;0
18441;959;18
18442;959;0
18443;962;3
18444;962;0
18445;967;5
18446;980;13
18447;987;7
18448;987;0
18449;1000;13
18450;1003;3
18451;1003;0
18452;1005;2
18453;1020;15
18454;1033;13
18455;1036;3
18456;1036;0
18457;1037;1
18458;1038;1
18459;1038;0
18460;1045;7
18461;1047;2
18462;1052;5
18463;1065;13
18464;1065;0
18465;1066;1
18466;1070;4
18467;1075;5
18468;1086;11
18469;1086;0
18470;1100;14
18471;1105;5
18472;1105;0
18473;1106;1
18474;1106;0
18475;1143;37
18476;1143;0
18477;1150;7
18478;1153;3
18479;1153;0
18480;1158;5
18481;1158;0
18482;1175;17
18483;1175;0
18484;1204;29
18485;1211;7
18486;1213;2
18487;1228;15
18488;1238;10
18489;1240;2
18490;1267;27
18491;1280;13
18492;1280;0
18493;1285;5
18494;1297;12
18495;1297;0
18496;1297;0
18497;1320;23
18498;1338;18
18499;1338;0
18500;1352;14
18501;1352;0
18502;1352;0
18503;1352;0
18504;1357;5
18505;1368;11
18506;1370;2
18507;1370;0
18508;1375;5
18509;1408;33
18510;1408;0
18511;1452;44
18512;1463;11
18513;1466;3
18514;1476;10
18515;1486;10
18516;1499;13
18517;1514;15
18518;1707;193
18519;1717;10
18520;1733;16
18521;1748;15
18522;1767;19
18523;1797;30
18524;1816;19
18525;1846;30
18526;1896;50
18527;1907;11
18528;1929;22
18529;1950;21
18530;1962;12
18531;1973;11
18532;2008;35
18533;2028;20
18534;2032;4
18535;2056;24
18536;2088;32
18537;2123;35
18538;2154;31
18539;2167;13
18540;2184;17
18541;2197;13
18542;2222;25
18543;2241;19
18544;2254;13
18545;2271;17
18546;2271;0
18547;2294;23
18548;2305;11
18549;2305;0
18550;2335;30
18551;2343;8
18552;2343;0
18553;2381;38
18554;2387;6
18555;2406;19
18556;2406;0
18557;2414;8
18558;2433;19
18559;2444;11
18560;2451;7
18561;2459;8
18562;2466;7
18563;2466;0
18564;2471;5
18565;2477;6
18566;2500;23
18567;2500;0
18568;2517;17
18569;2530;13
18570;2539;9
18571;2550;11
18572;2562;12
18573;2565;3
18574;2569;4
18575;2581;12
18576;2582;1
18577;2586;4
18578;2586;0
18579;2609;23
18580;2635;26
18581;2641;6
18582;2652;11
18583;2652;0
18584;2670;18
18585;2686;16
18586;2686;0
18587;2703;17
18588;2735;32
18589;2754;19
18590;2757;3
18591;2777;20
18592;2777;0
18593;2816;39
18594;2816;0
18595;2856;40
18596;2886;30
18597;2931;45
18598;3010;79
18599;3062;52
18600;3091;29
18601;3156;65
18602;3212;56
18603;3315;103
18604;3469;154
18605;3469;0
18606;3579;110
18607;3579;0
18608;3894;315
18609;4030;136
18610;4209;179
18611;4300;91
18612;4449;149
18613;4611;162
18614;4832;221
18615;4954;122
18616;5160;206
18617;5301;141
18618;5461;160
18619;5649;188
18620;5941;292
18621;6134;193
18622;6255;121
18623;6344;89
18624;6344;0
18625;6537;193
18626;6631;94
18627;6707;76
18628;6828;121
18629;6940;112
18630;7051;111
18631;7126;75
18632;7342;216
18633;7563;221
18634;7713;150
18635;7866;153
18636;7866;0
18637;8082;216
18638;8279;197
18639;8463;184
18640;8546;83
18641;8809;263
18642;8882;73
18643;9000;118
18644;9188;188
18645;9352;164
18646;9352;0
18647;9553;201
18648;9719;166
18649;9857;138
18650;9967;110
18651;10038;71
18652;10103;65
18653;10157;54
18654;10217;60
18655;10377;160
18656;10423;46
18657;10580;157
18658;10682;102
18659;10768;86
18660;10904;136
18661;10958;54
18662;11053;95
18663;11143;90
18664;11227;84
18665;11285;58
18666;11309;24
18667;11367;58
18668;11426;59
18669;11426;0
18670;11538;112
18671;11588;50
18672;11588;0
18673;11630;42
18674;11630;0
18675;11672;42
18676;11703;31
18677;11763;60
18678;11783;20
18679;11797;14
18680;11847;50
18681;11868;21
18682;11887;19
18683;11914;27
18684;11939;25
18685;11982;43
18686;11982;0
18687;12030;48
18688;12047;17
18689;12071;24
18690;12103;32
18691;12123;20
18692;12153;30
18693;12181;28
18694;12181;0
18695;12187;6
18696;12230;43
18697;12275;45
18698;12305;30
18699;12350;45
18700;12372;22
18701;12378;6
18702;12378;0
18703;12399;21
18704;12450;51
18705;12450;0
18706;12516;66
18707;12535;19
18708;12559;24
18709;12572;13
18710;12596;24
18711;12619;23
18712;12650;31
18713;12673;23
18714;12692;19
18715;12702;10
18716;12717;15
18717;12717;0
18718;12774;57
18719;12791;17
18720;12803;12
18721;12817;14
18722;12825;8
18723;12845;20
18724;12873;28
18725;12904;31
18726;12924;20
18727;12956;32
18728;12956;0
18729;12989;33
18730;12989;0
18731;13050;61
18732;13064;14
18733;13083;19
18734;13114;31
18735;13129;15
18736;13148;19
18737;13167;19
18738;13167;0
18739;13212;45
18740;13231;19
18741;13231;0
18742;13263;32
18743;13263;0
18744;13263;0
18745;13286;23
18746;13309;23
18747;13310;1
18748;13319;9
18749;13319;0
18750;13324;5
18751;13339;15
18752;13345;6
18753;13353;8
18754;13353;0
18755;13377;24
18756;13379;2
18757;13382;3
18758;13384;2
18759;13387;3
18760;13387;0
18761;13394;7
18762;13395;1
18763;13397;2
18764;13397;0
18765;13404;7
