condition;measurement;ncases
18283;0;0
18284;0;0
18285;0;0
18286;0;0
18287;0;0
18288;0;0
18289;0;0
18290;0;0
18291;0;0
18292;0;0
18293;0;0
18294;0;0
18295;0;0
18296;0;0
18297;0;0
18298;0;0
18299;0;0
18300;0;0
18301;0;0
18302;0;0
18303;0;0
18304;0;0
18305;0;0
18306;0;0
18307;0;0
18308;0;0
18309;0;0
18310;0;0
18311;0;0
18312;0;0
18313;0;0
18314;0;0
18315;0;0
18316;0;0
18317;0;0
18318;0;0
18319;0;0
18320;0;0
18321;0;0
18322;0;0
18323;0;0
18324;0;0
18325;0;0
18326;0;0
18327;0;0
18328;0;0
18329;0;0
18330;0;0
18331;0;0
18332;0;0
18333;0;0
18334;0;0
18335;0;0
18336;0;0
18337;0;0
18338;0;0
18339;0;0
18340;0;0
18341;0;0
18342;0;0
18343;0;0
18344;0;0
18345;0;0
18346;0;0
18347;0;0
18348;8;8
18349;8;0
18350;10;2
18351;14;4
18352;15;1
18353;15;0
18354;20;5
18355;20;0
18356;21;1
18357;21;0
18358;22;1
18359;22;0
18360;22;0
18361;23;1
18362;27;4
18363;38;11
18364;41;3
18365;62;21
18366;63;1
18367;74;11
18368;85;11
18369;88;3
18370;98;10
18371;111;13
18372;119;8
18373;121;2
18374;123;2
18375;139;16
18376;144;5
18377;146;2
18378;146;0
18379;146;0
18380;150;4
18381;150;0
18382;151;1
18383;151;0
18384;151;0
18385;155;4
18386;161;6
18387;161;0
18388;161;0
18389;176;15
18390;177;1
18391;178;1
18392;180;2
18393;180;0
18394;180;0
18395;181;1
18396;181;0
18397;182;1
18398;182;0
18399;184;2
18400;191;7
18401;193;2
18402;199;6
18403;199;0
18404;199;0
18405;201;2
18406;201;0
18407;203;2
18408;206;3
18409;206;0
18410;206;0
18411;207;1
18412;224;17
18413;224;0
18414;228;4
18415;232;4
18416;233;1
18417;236;3
18418;236;0
18419;240;4
18420;242;2
18421;244;2
18422;246;2
18423;248;2
18424;260;12
18425;261;1
18426;261;0
18427;261;0
18428;262;1
18429;262;0
18430;262;0
18431;286;24
18432;286;0
18433;287;1
18434;290;3
18435;291;1
18436;292;1
18437;293;1
18438;293;0
18439;293;0
18440;296;3
18441;299;3
18442;299;0
18443;299;0
18444;303;4
18445;304;1
18446;306;2
18447;313;7
18448;313;0
18449;316;3
18450;316;0
18451;317;1
18452;321;4
18453;326;5
18454;330;4
18455;331;1
18456;336;5
18457;337;1
18458;337;0
18459;339;2
18460;339;0
18461;340;1
18462;341;1
18463;341;0
18464;341;0
18465;343;2
18466;343;0
18467;346;3
18468;348;2
18469;350;2
18470;350;0
18471;351;1
18472;351;0
18473;353;2
18474;353;0
18475;353;0
18476;353;0
18477;355;2
18478;356;1
18479;357;1
18480;357;0
18481;359;2
18482;359;0
18483;360;1
18484;360;0
18485;360;0
18486;361;1
18487;369;8
18488;374;5
18489;374;0
18490;375;1
18491;376;1
18492;376;0
18493;394;18
18494;399;5
18495;435;36
18496;441;6
18497;450;9
18498;474;24
18499;504;30
18500;580;76
18501;602;22
18502;643;41
18503;749;106
18504;775;26
18505;882;107
18506;919;37
18507;995;76
18508;1111;116
18509;1171;60
18510;1319;148
18511;1419;100
18512;1518;99
18513;1807;289
18514;2009;202
18515;2150;141
18516;2422;272
18517;2796;374
18518;3015;219
18519;3195;180
18520;3636;441
18521;3894;258
18522;4299;405
18523;4621;322
18524;5263;642
18525;5805;542
18526;6471;666
18527;6959;488
18528;7827;868
18529;8515;688
18530;9112;597
18531;9991;879
18532;10734;743
18533;11631;897
18534;12425;794
18535;13373;948
18536;14383;1010
18537;15525;1142
18538;16503;978
18539;17794;1291
18540;18781;987
18541;20033;1252
18542;21433;1400
18543;22445;1012
18544;23906;1461
18545;26064;2158
18546;27974;1910
18547;29314;1340
18548;30437;1123
18549;31325;888
18550;32351;1026
18551;33488;1137
18552;34875;1387
18553;36025;1150
18554;37205;1180
18555;38502;1297
18556;39696;1194
18557;41008;1312
18558;42365;1357
18559;43788;1423
18560;44774;986
18561;46200;1426
18562;47666;1466
18563;49072;1406
18564;50403;1331
18565;51496;1093
18566;52706;1210
18567;53405;699
18568;54607;1202
18569;55804;1197
18570;56940;1136
18571;57935;995
18572;59277;1342
18573;60348;1071
18574;61377;1029
18575;61975;598
18576;63241;1266
18577;64453;1212
18578;65598;1145
18579;66734;1136
18580;68011;1277
18581;68994;983
18582;70161;1167
18583;71730;1569
18584;73322;1592
18585;74882;1560
18586;76414;1532
18587;77848;1434
18588;79246;1398
18589;80505;1259
18590;82236;1731
18591;83566;1330
18592;85205;1639
18593;86633;1428
18594;87977;1344
18595;89486;1509
18596;90713;1227
18597;92189;1476
18598;93600;1411
18599;95018;1418
18600;96520;1502
18601;98047;1527
18602;99155;1108
18603;100431;1276
18604;101739;1308
18605;103166;1427
18606;104487;1321
18607;105863;1376
18608;107215;1352
18609;108342;1127
18610;109512;1170
18611;110667;1155
18612;111900;1233
18613;113082;1182
18614;114198;1116
18615;115187;989
18616;116134;947
18617;116982;848
18618;117946;964
18619;118869;923
18620;119788;919
18621;120546;758
18622;121280;734
18623;121886;606
18624;122534;648
18625;123153;619
18626;123740;587
18627;124630;890
18628;125042;412
18629;125616;574
18630;126345;729
18631;126935;590
18632;127584;649
18633;128178;594
18634;128772;594
18635;129483;711
18636;130049;566
18637;130604;555
18638;131186;582
18639;131737;551
18640;132260;523
18641;132865;605
18642;133378;513
18643;133869;491
18644;134318;449
18645;134795;477
18646;135243;448
18647;135721;478
18648;136166;445
18649;136591;425
18650;137098;507
18651;137574;476
18652;137957;383
18653;138368;411
18654;138802;434
18655;139152;350
18656;139515;363
18657;139864;349
18658;140145;281
18659;140354;209
18660;140354;0
18661;140927;573
18662;141104;177
18663;141304;200
18664;141304;0
18665;141304;0
18666;141427;123
18667;141448;21
18668;141487;39
18669;141522;35
18670;141543;21
18671;141585;42
18672;141601;16
18673;141637;36
18674;141659;22
18675;141690;31
18676;141709;19
18677;141728;19
18678;141735;7
18679;141750;15
18680;141761;11
18681;141783;22
18682;141816;33
18683;141841;25
18684;141875;34
18685;141890;15
18686;141896;6
18687;141916;20
18688;141965;49
18689;141984;19
18690;142000;16
18691;142000;0
18692;142023;23
18693;142034;11
18694;142045;11
18695;142059;14
18696;142073;14
18697;142114;41
18698;142122;8
18699;142136;14
18700;142147;11
18701;142147;0
18702;142162;15
18703;142190;28
18704;142212;22
18705;142212;0
18706;142212;0
18707;142212;0
18708;142246;34
18709;142264;18
18710;142292;28
18711;142315;23
18712;142340;25
18713;142377;37
18714;142385;8
18715;142393;8
18716;142412;19
18717;142434;22
18718;142466;32
18719;142466;0
18720;142479;13
18721;142497;18
18722;142511;14
18723;142530;19
18724;142541;11
18725;142549;8
18726;142558;9
18727;142572;14
18728;142576;4
18729;142596;20
18730;142596;0
18731;142605;9
18732;142610;5
18733;142617;7
18734;142619;2
18735;142628;9
18736;142644;16
18737;142644;0
18738;142661;17
18739;142674;13
18740;142687;13
18741;142704;17
18742;142712;8
18743;142722;10
18744;142740;18
18745;142790;50
18746;142800;10
18747;142817;17
18748;142831;14
18749;142838;7
18750;142842;4
18751;142858;16
18752;142874;16
18753;142874;0
18754;142903;29
18755;142934;31
18756;142947;13
18757;142963;16
18758;142974;11
18759;142997;23
18760;143004;7
18761;143035;31
18762;143059;24
18763;143065;6
18764;143097;32
18765;143131;34
