condition;measurement;ncases
18283;0;0
18284;0;0
18285;0;0
18286;0;0
18287;0;0
18288;0;0
18289;0;0
18290;0;0
18291;0;0
18292;0;0
18293;0;0
18294;0;0
18295;0;0
18296;0;0
18297;0;0
18298;0;0
18299;0;0
18300;0;0
18301;0;0
18302;0;0
18303;0;0
18304;0;0
18305;0;0
18306;0;0
18307;0;0
18308;0;0
18309;0;0
18310;0;0
18311;0;0
18312;0;0
18313;0;0
18314;0;0
18315;0;0
18316;0;0
18317;0;0
18318;0;0
18319;0;0
18320;0;0
18321;0;0
18322;0;0
18323;0;0
18324;0;0
18325;0;0
18326;0;0
18327;0;0
18328;0;0
18329;0;0
18330;0;0
18331;0;0
18332;0;0
18333;0;0
18334;0;0
18335;0;0
18336;0;0
18337;0;0
18338;0;0
18339;0;0
18340;0;0
18341;1;1
18342;3;2
18343;3;0
18344;3;0
18345;3;0
18346;4;1
18347;4;0
18348;5;1
18349;5;0
18350;6;1
18351;6;0
18352;6;0
18353;6;0
18354;6;0
18355;6;0
18356;7;1
18357;7;0
18358;7;0
18359;7;0
18360;7;0
18361;7;0
18362;7;0
18363;8;1
18364;8;0
18365;10;2
18366;11;1
18367;56;45
18368;56;0
18369;56;0
18370;58;2
18371;61;3
18372;67;6
18373;68;1
18374;73;5
18375;82;9
18376;88;6
18377;90;2
18378;106;16
18379;109;3
18380;114;5
18381;114;0
18382;121;7
18383;122;1
18384;152;30
18385;165;13
18386;175;10
18387;186;11
18388;191;5
18389;218;27
18390;230;12
18391;236;6
18392;246;10
18393;260;14
18394;267;7
18395;289;22
18396;315;26
18397;326;11
18398;328;2
18399;328;0
18400;328;0
18401;335;7
18402;349;14
18403;356;7
18404;362;6
18405;371;9
18406;380;9
18407;390;10
18408;390;0
18409;390;0
18410;390;0
18411;405;15
18412;421;16
18413;435;14
18414;458;23
18415;466;8
18416;477;11
18417;502;25
18418;536;34
18419;542;6
18420;554;12
18421;567;13
18422;585;18
18423;615;30
18424;657;42
18425;697;40
18426;726;29
18427;750;24
18428;760;10
18429;781;21
18430;792;11
18431;823;31
18432;848;25
18433;863;15
18434;890;27
18435;944;54
18436;982;38
18437;999;17
18438;1003;4
18439;1027;24
18440;1091;64
18441;1155;64
18442;1165;10
18443;1227;62
18444;1267;40
18445;1301;34
18446;1382;81
18447;1421;39
18448;1451;30
18449;1463;12
18450;1499;36
18451;1542;43
18452;1552;10
18453;1591;39
18454;1623;32
18455;1623;0
18456;1698;75
18457;1722;24
18458;1780;58
18459;1894;114
18460;1939;45
18461;2014;75
18462;2045;31
18463;2071;26
18464;2107;36
18465;2154;47
18466;2190;36
18467;2220;30
18468;2258;38
18469;2307;49
18470;2328;21
18471;2354;26
18472;2373;19
18473;2418;45
18474;2451;33
18475;2480;29
18476;2547;67
18477;2583;36
18478;2631;48
18479;2689;58
18480;2734;45
18481;2780;46
18482;2835;55
18483;2858;23
18484;2883;25
18485;2920;37
18486;3000;80
18487;3073;73
18488;3136;63
18489;3163;27
18490;3179;16
18491;3203;24
18492;3253;50
18493;3321;68
18494;3368;47
18495;3412;44
18496;3455;43
18497;3509;54
18498;3532;23
18499;3568;36
18500;3630;62
18501;3699;69
18502;3745;46
18503;3778;33
18504;3852;74
18505;3884;32
18506;3970;86
18507;4048;78
18508;4125;77
18509;4200;75
18510;4275;75
18511;4330;55
18512;4358;28
18513;4400;42
18514;4473;73
18515;4557;84
18516;4651;94
18517;4711;60
18518;4813;102
18519;4839;26
18520;4904;65
18521;4978;74
18522;5063;85
18523;5141;78
18524;5186;45
18525;5257;71
18526;5281;24
18527;5337;56
18528;5412;75
18529;5479;67
18530;5628;149
18531;5701;73
18532;5771;70
18533;5817;46
18534;5900;83
18535;6024;124
18536;6126;102
18537;6205;79
18538;6296;91
18539;6360;64
18540;6433;73
18541;6518;85
18542;6624;106
18543;6717;93
18544;6809;92
18545;6913;104
18546;7072;159
18547;7155;83
18548;7254;99
18549;7371;117
18550;7444;73
18551;7526;82
18552;7638;112
18553;7752;114
18554;7800;48
18555;7901;101
18556;8033;132
18557;8122;89
18558;8198;76
18559;8322;124
18560;8396;74
18561;8423;27
18562;8472;49
18563;8548;76
18564;8603;55
18565;8694;91
18566;8793;99
18567;8848;55
18568;8882;34
18569;8944;62
18570;9053;109
18571;9149;96
18572;9224;75
18573;9291;67
18574;9369;78
18575;9419;50
18576;9499;80
18577;9560;61
18578;9694;134
18579;9741;47
18580;9780;39
18581;9822;42
18582;9840;18
18583;9960;120
18584;10000;40
18585;10082;82
18586;10152;70
18587;10234;82
18588;10276;42
18589;10302;26
18590;10400;98
18591;10526;126
18592;10570;44
18593;10626;56
18594;10700;74
18595;10747;47
18596;10761;14
18597;10816;55
18598;10867;51
18599;10938;71
18600;10996;58
18601;11036;40
18602;11063;27
18603;11098;35
18604;11118;20
18605;11192;74
18606;11203;11
18607;11262;59
18608;11302;40
18609;11357;55
18610;11361;4
18611;11395;34
18612;11458;63
18613;11502;44
18614;11526;24
18615;11567;41
18616;11579;12
18617;11600;21
18618;11636;36
18619;11668;32
18620;11688;20
18621;11696;8
18622;11698;2
18623;11714;16
18624;11723;9
18625;11752;29
18626;11793;41
18627;11840;47
18628;11872;32
18629;11883;11
18630;11920;37
18631;11949;29
18632;11983;34
18633;12052;69
18634;12146;94
18635;12237;91
18636;12316;79
18637;12392;76
18638;12433;41
18639;12506;73
18640;12592;86
18641;12664;72
18642;12776;112
18643;12901;125
18644;12993;92
18645;13046;53
18646;13139;93
18647;13224;85
18648;13307;83
18649;13381;74
18650;13414;33
18651;13489;75
18652;13557;68
18653;13619;62
18654;13722;103
18655;13784;62
18656;13897;113
18657;13981;84
18658;14070;89
18659;14098;28
18660;14152;54
18661;14214;62
18662;14290;76
18663;14306;16
18664;14380;74
18665;14423;43
18666;14451;28
18667;14479;28
18668;14543;64
18669;14601;58
18670;14647;46
18671;14700;53
18672;14741;41
18673;14761;20
18674;14785;24
18675;14848;63
18676;14885;37
18677;14948;63
18678;14999;51
18679;15048;49
18680;15072;24
18681;15089;17
18682;15161;72
18683;15201;40
18684;15253;52
18685;15324;71
18686;15400;76
18687;15432;32
18688;15483;51
18689;15558;75
18690;15621;63
18691;15683;62
18692;15724;41
18693;15782;58
18694;15806;24
18695;15826;20
18696;15892;66
18697;15932;40
18698;15986;54
18699;16035;49
18700;16101;66
18701;16120;19
18702;16154;34
18703;16250;96
18704;16298;48
18705;16374;76
18706;16440;66
18707;16491;51
18708;16517;26
18709;16555;38
18710;16661;106
18711;16787;126
18712;16911;124
18713;17018;107
18714;17125;107
18715;17190;65
18716;17279;89
18717;17470;191
18718;17587;117
18719;17717;130
18720;17821;104
18721;17871;50
18722;17939;68
18723;18023;84
18724;18214;191
18725;18422;208
18726;18629;207
18727;18629;0
18728;19005;376
18729;19110;105
18730;19231;121
18731;19525;294
18732;19780;255
18733;19975;195
18734;19975;0
18735;20466;491
18736;20627;161
18737;20781;154
18738;21179;398
18739;21500;321
18740;21784;284
18741;22094;310
18742;22349;255
18743;22586;237
18744;22772;186
18745;23181;409
18746;23554;373
18747;23882;328
18748;24127;245
18749;24368;241
18750;24548;180
18751;24742;194
18752;25159;417
18753;25526;367
18754;25837;311
18755;26111;274
18756;26441;330
18757;26578;137
18758;26709;131
18759;27029;320
18760;27386;357
18761;27672;286
18762;27951;279
18763;28168;217
18764;28281;113
18765;28410;129
