condition;measurement;ncases
18283;0;0
18284;0;0
18285;0;0
18286;0;0
18287;1;1
18288;1;0
18289;2;1
18290;2;0
18291;2;0
18292;4;2
18293;4;0
18294;4;0
18295;4;0
18296;4;0
18297;5;1
18298;5;0
18299;7;2
18300;7;0
18301;7;0
18302;7;0
18303;7;0
18304;7;0
18305;7;0
18306;7;0
18307;7;0
18308;7;0
18309;8;1
18310;8;0
18311;8;0
18312;8;0
18313;9;1
18314;9;0
18315;9;0
18316;10;1
18317;11;1
18318;11;0
18319;13;2
18320;14;1
18321;20;6
18322;24;4
18323;27;3
18324;30;3
18325;33;3
18326;37;4
18327;49;12
18328;54;5
18329;64;10
18330;77;13
18331;79;2
18332;108;29
18333;117;9
18334;193;76
18335;198;5
18336;252;54
18337;415;163
18338;478;63
18339;657;179
18340;800;143
18341;943;143
18342;1277;334
18343;1469;192
18344;2088;619
18345;2790;702
18346;3251;461
18347;4042;791
18348;4682;640
18349;5576;894
18350;6280;704
18351;7398;1118
18352;8527;1129
18353;9560;1033
18354;11284;1724
18355;12437;1153
18356;12978;541
18357;15756;2778
18358;16563;807
18359;17872;1309
18360;19141;1269
18361;20654;1513
18362;22059;1405
18363;23316;1257
18364;24299;983
18365;25680;1381
18366;27035;1355
18367;28209;1174
18368;30809;2600
18369;32814;2005
18370;34356;1542
18371;35633;1277
18372;37658;2025
18373;39402;1744
18374;41663;2261
18375;43299;1636
18376;44919;1620
18377;46371;1452
18378;48033;1662
18379;49616;1583
18380;51150;1534
18381;52865;1715
18382;54457;1592
18383;56343;1886
18384;57926;1583
18385;60504;2578
18386;61957;1453
18387;63215;1258
18388;64694;1479
18389;66201;1507
18390;67674;1473
18391;68918;1244
18392;70091;1173
18393;71264;1173
18394;72419;1155
18395;73568;1149
18396;74781;1213
18397;75959;1178
18398;77206;1247
18399;78332;1126
18400;79411;1079
18401;80493;1082
18402;81575;1082
18403;82742;1167
18404;83947;1205
18405;85151;1204
18406;86106;955
18407;87119;1013
18408;88090;971
18409;88989;899
18410;89976;987
18411;90909;933
18412;91681;772
18413;92479;798
18414;93288;809
18415;93960;672
18416;94641;681
18417;95269;628
18418;95947;678
18419;96475;528
18420;97178;703
18421;97779;601
18422;98241;462
18423;98720;479
18424;99159;439
18425;99595;436
18426;100043;448
18427;100404;361
18428;100763;359
18429;101087;324
18430;101491;404
18431;101877;386
18432;102314;437
18433;102762;448
18434;103078;316
18435;103418;340
18436;103767;349
18437;104087;320
18438;104463;376
18439;104629;166
18440;104878;249
18441;105193;315
18442;105830;637
18443;106097;267
18444;106288;191
18445;106643;355
18446;106962;319
18447;107185;223
18448;107394;209
18449;107815;421
18450;108023;208
18451;108334;311
18452;108656;322
18453;108984;328
18454;109150;166
18455;109348;198
18456;109984;636
18457;110350;366
18458;110693;343
18459;111144;451
18460;111559;415
18461;111875;316
18462;112168;293
18463;112938;770
18464;113473;535
18465;113790;317
18466;114398;608
18467;115115;717
18468;115470;355
18469;115789;319
18470;116471;682
18471;116871;400
18472;117357;486
18473;117677;320
18474;118281;604
18475;118523;242
18476;118768;245
18477;118973;205
18478;119659;686
18479;120033;374
18480;120387;354
18481;120903;516
18482;121148;245
18483;121367;219
18484;122053;686
18485;122389;336
18486;122703;314
18487;123180;477
18488;123605;425
18489;123825;220
18490;124004;179
18491;124218;214
18492;125084;866
18493;125408;324
18494;125625;217
18495;126319;694
18496;126560;241
18497;126817;257
18498;127594;777
18499;127903;309
18500;128380;477
18501;128836;456
18502;129342;506
18503;129639;297
18504;129888;249
18505;130918;1030
18506;131422;504
18507;131941;519
18508;132527;586
18509;133141;614
18510;133511;370
18511;133890;379
18512;134295;405
18513;135757;1462
18514;136135;378
18515;136956;821
18516;137676;720
18517;138164;488
18518;138640;476
18519;140098;1458
18520;140900;802
18521;141852;952
18522;142879;1027
18523;144053;1174
18524;144607;554
18525;145750;1143
18526;147583;1833
18527;148855;1272
18528;149939;1084
18529;151087;1148
18530;152717;1630
18531;153770;1053
18532;155428;1658
18533;157219;1791
18534;158991;1772
18535;161107;2116
18536;162930;1823
18537;165054;2124
18538;166360;1306
18539;168501;2141
18540;171384;2883
18541;173756;2372
18542;175380;1624
18543;177730;2350
18544;180625;2895
18545;182767;2142
18546;184403;1636
18547;185378;975
18548;189489;4111
18549;192064;2575
18550;194362;2298
18551;196928;2566
18552;197067;139
18553;200804;3737
18554;204111;3307
18555;206349;2238
18556;209036;2687
18557;211617;2581
18558;214519;2902
18559;216051;1532
18560;218874;2823
18561;222973;4099
18562;225703;2730
18563;228366;2663
18564;231383;3017
18565;234939;3556
18566;237313;2374
18567;239649;2336
18568;243178;3529
18569;247916;4738
18570;250698;2782
18571;253482;2784
18572;258875;5393
18573;263221;4346
18574;267165;3944
18575;272036;4871
18576;276481;4445
18577;280465;3984
18578;285939;5474
18579;290709;4770
18580;295139;4430
18581;299440;4301
18582;305473;6033
18583;309935;4462
18584;314453;4518
18585;319247;4794
18586;324234;4987
18587;329191;4957
18588;333936;4745
18589;340731;6795
18590;346013;5282
18591;350971;4958
18592;356650;5679
18593;362604;5954
18594;368279;5675
18595;373662;5383
18596;381557;7895
18597;387052;5495
18598;393506;6454
18599;399770;6264
18600;406189;6419
18601;412543;6354
18602;418848;6305
18603;426572;7724
18604;432743;6171
18605;439142;6399
18606;445828;6686
18607;452543;6715
18608;458527;5984
18609;464443;5916
18610;472820;8377
18611;479064;6244
18612;485576;6512
18613;492582;7006
18614;499282;6700
18615;505741;6459
18616;511748;6007
18617;519325;7577
18618;525585;6260
18619;532506;6921
18620;539190;6684
18621;540939;1749
18622;544053;3114
18623;554153;10100
18624;560618;6465
18625;568807;8189
18626;577266;8459
18627;584409;7143
18628;585400;991
18629;589935;4535
18630;606076;16141
18631;616134;10058
18632;623384;7250
18633;631466;8082
18634;639693;8227
18635;648930;9237
18636;657323;8393
18637;664606;7283
18638;672931;8325
18639;679072;6141
18640;686211;7139
18641;693658;7447
18642;700538;6880
18643;706897;6359
18644;713181;6284
18645;719601;6420
18646;724629;5028
18647;730330;5701
18648;736441;6111
18649;742268;5827
18650;747362;5094
18651;752041;4679
18652;757658;5617
18653;761699;4041
18654;766019;4320
18655;770825;4806
18656;775652;4827
18657;779762;4110
18658;783695;3933
18659;788197;4502
18660;791145;2948
18661;794412;3267
18662;798394;3982
18663;802530;4136
18664;805794;3264
18665;809001;3207
18666;812804;3803
18667;815487;2683
18668;818755;3268
18669;821932;3177
18670;824611;2679
18671;828408;3797
18672;830612;2204
18673;832375;1763
18674;836594;4219
18675;839155;2561
18676;842590;3435
18677;845673;3083
18678;848330;2657
18679;850737;2407
18680;854190;3453
18681;857403;3213
18682;860348;2945
18683;863495;3147
18684;866667;3172
18685;869347;2680
18686;871694;2347
18687;875388;3694
18688;878051;2663
18689;880835;2784
18690;883815;2980
18691;886782;2967
18692;889551;2769
18693;892199;2648
18694;896247;4048
18695;899175;2928
18696;902234;3059
18697;905339;3105
18698;908854;3515
18699;911884;3030
18700;914595;2711
18701;918406;3811
18702;921263;2857
18703;924670;3407
18704;928283;3613
18705;932515;4232
18706;935932;3417
18707;939057;3125
18708;943920;4863
18709;947489;3569
18710;951438;3949
18711;956542;5104
18712;961567;5025
18713;965882;4315
18714;970065;4183
18715;976327;6262
18716;980080;3753
18717;988808;8728
18718;994549;5741
18719;998208;3659
18720;1005296;7088
18721;1008808;3512
18722;1017130;8322
18723;1027854;10724
18724;1035242;7388
18725;1043478;8236
18726;1052560;9082
18727;1060052;7492
18728;1067764;7712
18729;1078482;10718
18730;1085905;7423
18731;1094899;8994
18732;1104508;9609
18733;1113837;9329
18734;1121162;7325
18735;1129371;8209
18736;1139591;10220
18737;1146817;7226
18738;1155053;8236
18739;1164108;9055
18740;1172697;8589
18741;1180065;7368
18742;1186991;6926
18743;1195827;8836
18744;1202672;6845
18745;1210918;8246
18746;1220108;9190
18747;1228367;8259
18748;1234912;6545
18749;1240878;5966
18750;1251811;10933
18751;1258449;6638
18752;1266249;7800
18753;1274206;7957
18754;1281846;7640
18755;1287932;6086
18756;1293625;5693
18757;1302489;8864
18758;1307863;5374
18759;1314420;6557
18760;1320206;5786
18761;1326989;6783
18762;1331480;4491
18763;1335782;4302
18764;1342206;6424
18765;1346083;3877
