condition;measurement;ncases
18283;0;0
18284;0;0
18285;0;0
18286;0;0
18287;0;0
18288;0;0
18289;0;0
18290;0;0
18291;0;0
18292;0;0
18293;0;0
18294;0;0
18295;0;0
18296;0;0
18297;0;0
18298;0;0
18299;0;0
18300;0;0
18301;0;0
18302;0;0
18303;0;0
18304;0;0
18305;0;0
18306;0;0
18307;0;0
18308;0;0
18309;0;0
18310;0;0
18311;0;0
18312;0;0
18313;0;0
18314;0;0
18315;0;0
18316;0;0
18317;0;0
18318;0;0
18319;0;0
18320;0;0
18321;0;0
18322;0;0
18323;0;0
18324;0;0
18325;0;0
18326;0;0
18327;0;0
18328;0;0
18329;0;0
18330;0;0
18331;0;0
18332;0;0
18333;0;0
18334;0;0
18335;0;0
18336;0;0
18337;0;0
18338;0;0
18339;0;0
18340;1;1
18341;1;0
18342;1;0
18343;1;0
18344;1;0
18345;3;2
18346;3;0
18347;3;0
18348;3;0
18349;3;0
18350;3;0
18351;5;2
18352;7;2
18353;7;0
18354;8;1
18355;8;0
18356;9;1
18357;9;0
18358;9;0
18359;10;1
18360;10;0
18361;11;1
18362;11;0
18363;11;0
18364;18;7
18365;23;5
18366;23;0
18367;23;0
18368;27;4
18369;27;0
18370;33;6
18371;33;0
18372;33;0
18373;33;0
18374;33;0
18375;33;0
18376;40;7
18377;46;6
18378;46;0
18379;46;0
18380;52;6
18381;52;0
18382;73;21
18383;73;0
18384;117;44
18385;117;0
18386;117;0
18387;170;53
18388;170;0
18389;253;83
18390;260;7
18391;322;62
18392;322;0
18393;322;0
18394;357;35
18395;372;15
18396;399;27
18397;428;29
18398;474;46
18399;503;29
18400;519;16
18401;545;26
18402;565;20
18403;588;23
18404;611;23
18405;648;37
18406;675;27
18407;687;12
18408;700;13
18409;715;15
18410;726;11
18411;759;33
18412;759;0
18413;778;19
18414;790;12
18415;803;13
18416;820;17
18417;828;8
18418;836;8
18419;836;0
18420;837;1
18421;839;2
18422;844;5
18423;846;2
18424;848;2
18425;848;0
18426;848;0
18427;850;2
18428;850;0
18429;853;3
18430;854;1
18431;854;0
18432;858;4
18433;858;0
18434;858;0
18435;858;0
18436;860;2
18437;860;0
18438;863;3
18439;865;2
18440;865;0
18441;866;1
18442;866;0
18443;866;0
18444;866;0
18445;868;2
18446;871;3
18447;871;0
18448;872;1
18449;872;0
18450;873;1
18451;873;0
18452;873;0
18453;874;1
18454;874;0
18455;880;6
18456;880;0
18457;884;4
18458;885;1
18459;886;1
18460;887;1
18461;889;2
18462;889;0
18463;889;0
18464;889;0
18465;889;0
18466;915;26
18467;915;0
18468;915;0
18469;915;0
18470;922;7
18471;926;4
18472;926;0
18473;935;9
18474;936;1
18475;936;0
18476;936;0
18477;936;0
18478;938;2
18479;939;1
18480;942;3
18481;942;0
18482;942;0
18483;944;2
18484;945;1
18485;946;1
18486;949;3
18487;949;0
18488;951;2
18489;952;1
18490;956;4
18491;959;3
18492;970;11
18493;971;1
18494;972;1
18495;981;9
18496;982;1
18497;986;4
18498;987;1
18499;995;8
18500;998;3
18501;1004;6
18502;1008;4
18503;1008;0
18504;1012;4
18505;1013;1
18506;1017;4
18507;1017;0
18508;1018;1
18509;1023;5
18510;1034;11
18511;1039;5
18512;1040;1
18513;1045;5
18514;1048;3
18515;1051;3
18516;1081;30
18517;1083;2
18518;1084;1
18519;1085;1
18520;1087;2
18521;1090;3
18522;1115;25
18523;1147;32
18524;1149;2
18525;1151;2
18526;1153;2
18527;1155;2
18528;1164;9
18529;1171;7
18530;1175;4
18531;1177;2
18532;1178;1
18533;1185;7
18534;1193;8
18535;1200;7
18536;1203;3
18537;1211;8
18538;1214;3
18539;1217;3
18540;1223;6
18541;1238;15
18542;1251;13
18543;1262;11
18544;1274;12
18545;1291;17
18546;1304;13
18547;1308;4
18548;1321;13
18549;1329;8
18550;1350;21
18551;1361;11
18552;1365;4
18553;1379;14
18554;1390;11
18555;1399;9
18556;1404;5
18557;1410;6
18558;1423;13
18559;1434;11
18560;1437;3
18561;1441;4
18562;1460;19
18563;1468;8
18564;1473;5
18565;1483;10
18566;1483;0
18567;1498;15
18568;1499;1
18569;1513;14
18570;1517;4
18571;1529;12
18572;1538;9
18573;1543;5
18574;1547;4
18575;1551;4
18576;1561;10
18577;1565;4
18578;1578;13
18579;1589;11
18580;1591;2
18581;1597;6
18582;1603;6
18583;1608;5
18584;1616;8
18585;1620;4
18586;1626;6
18587;1633;7
18588;1642;9
18589;1648;6
18590;1649;1
18591;1655;6
18592;1661;6
18593;1663;2
18594;1663;0
18595;1682;19
18596;1688;6
18597;1700;12
18598;1705;5
18599;1708;3
18600;1719;11
18601;1722;3
18602;1725;3
18603;1728;3
18604;1729;1
18605;1732;3
18606;1739;7
18607;1745;6
18608;1751;6
18609;1770;19
18610;1771;1
18611;1784;13
18612;1800;16
18613;1818;18
18614;1839;21
18615;1867;28
18616;1890;23
18617;1902;12
18618;1916;14
18619;1938;22
18620;1958;20
18621;1971;13
18622;1986;15
18623;2005;19
18624;2015;10
18625;2048;33
18626;2077;29
18627;2113;36
18628;2141;28
18629;2169;28
18630;2213;44
18631;2229;16
18632;2289;60
18633;2328;39
18634;2358;30
18635;2419;61
18636;2510;91
18637;2537;27
18638;2589;52
18639;2668;79
18640;2709;41
18641;2773;64
18642;2807;34
18643;2855;48
18644;2895;40
18645;2919;24
18646;2977;58
18647;3012;35
18648;3065;53
18649;3104;39
18650;3137;33
18651;3161;24
18652;3182;21
18653;3225;43
18654;3269;44
18655;3296;27
18656;3321;25
18657;3347;26
18658;3376;29
18659;3385;9
18660;3404;19
18661;3419;15
18662;3433;14
18663;3450;17
18664;3473;23
18665;3497;24
18666;3508;11
18667;3539;31
18668;3568;29
18669;3581;13
18670;3597;16
18671;3622;25
18672;3645;23
18673;3664;19
18674;3689;25
18675;3724;35
18676;3751;27
18677;3776;25
18678;3794;18
18679;3849;55
18680;3868;19
18681;3882;14
18682;3904;22
18683;3934;30
18684;3957;23
18685;3973;16
18686;3973;0
18687;3986;13
18688;3999;13
18689;4056;57
18690;4089;33
18691;4089;0
18692;4161;72
18693;4177;16
18694;4193;16
18695;4214;21
18696;4231;17
18697;4246;15
18698;4274;28
18699;4288;14
18700;4309;21
18701;4328;19
18702;4344;16
18703;4357;13
18704;4380;23
18705;4395;15
18706;4410;15
18707;4420;10
18708;4427;7
18709;4440;13
18710;4453;13
18711;4465;12
18712;4480;15
18713;4501;21
18714;4506;5
18715;4510;4
18716;4523;13
18717;4533;10
18718;4552;19
18719;4573;21
18720;4589;16
18721;4595;6
18722;4595;0
18723;4603;8
18724;4606;3
18725;4616;10
18726;4619;3
18727;4625;6
18728;4636;11
18729;4641;5
18730;4652;11
18731;4662;10
18732;4673;11
18733;4686;13
18734;4691;5
18735;4706;15
18736;4708;2
18737;4723;15
18738;4731;8
18739;4735;4
18740;4747;12
18741;4752;5
18742;4770;18
18743;4772;2
18744;4779;7
18745;4789;10
18746;4810;21
18747;4817;7
18748;4824;7
18749;4828;4
18750;4828;0
18751;4835;7
18752;4847;12
18753;4854;7
18754;4862;8
18755;4874;12
18756;4877;3
18757;4882;5
18758;4888;6
18759;4891;3
18760;4895;4
18761;4897;2
18762;4901;4
18763;4904;3
18764;4904;0
18765;4905;1
