condition;measurement;ncases
18283;0;0
18284;0;0
18285;0;0
18286;0;0
18287;0;0
18288;0;0
18289;0;0
18290;0;0
18291;0;0
18292;0;0
18293;0;0
18294;0;0
18295;0;0
18296;0;0
18297;0;0
18298;0;0
18299;0;0
18300;0;0
18301;0;0
18302;0;0
18303;0;0
18304;0;0
18305;0;0
18306;0;0
18307;0;0
18308;0;0
18309;0;0
18310;0;0
18311;0;0
18312;0;0
18313;0;0
18314;0;0
18315;0;0
18316;0;0
18317;0;0
18318;0;0
18319;0;0
18320;0;0
18321;0;0
18322;0;0
18323;0;0
18324;0;0
18325;0;0
18326;0;0
18327;1;1
18328;1;0
18329;1;0
18330;1;0
18331;3;2
18332;9;6
18333;9;0
18334;13;4
18335;22;9
18336;34;12
18337;57;23
18338;75;18
18339;102;27
18340;108;6
18341;158;50
18342;196;38
18343;231;35
18344;277;46
18345;378;101
18346;470;92
18347;491;21
18348;539;48
18349;608;69
18350;702;94
18351;798;96
18352;906;108
18353;1065;159
18354;1161;96
18355;1267;106
18356;1406;139
18357;1485;79
18358;1579;94
18359;1780;201
18360;2054;274
18361;2223;169
18362;2473;250
18363;2709;236
18364;2776;67
18365;2852;76
18366;2979;127
18367;3105;126
18368;3233;128
18369;3439;206
18370;3621;182
18371;3792;171
18372;3977;185
18373;4149;172
18374;4356;207
18375;4561;205
18376;4881;320
18377;5142;261
18378;5379;237
18379;5597;218
18380;5949;352
18381;6207;258
18382;6507;300
18383;7006;499
18384;7285;279
18385;7668;383
18386;7973;305
18387;8613;640
18388;8959;346
18389;9456;497
18390;10051;595
18391;10495;444
18392;11063;568
18393;11613;550
18394;12272;659
18395;12930;658
18396;13610;680
18397;14216;606
18398;14939;723
18399;15574;635
18400;16295;721
18401;16935;640
18402;17687;752
18403;18330;643
18404;19131;801
18405;20177;1046
18406;21175;998
18407;21981;806
18408;23003;1022
18409;24104;1101
18410;25366;1262
18411;26688;1322
18412;28236;1548
18413;29383;1147
18414;30493;1110
18415;31833;1340
18416;33354;1521
18417;35120;1766
18418;36635;1515
18419;38027;1392
18420;39236;1209
18421;40719;1483
18422;42078;1359
18423;43682;1604
18424;45212;1530
18425;46858;1646
18426;48746;1888
18427;50939;2193
18428;53063;2124
18429;54931;1868
18430;57046;2115
18431;60217;3171
18432;63276;3059
18433;65633;2357
18434;68652;3019
18435;71183;2531
18436;73572;2389
18437;77113;3541
18438;80599;3486
18439;84442;3843
18440;88591;4149
18441;91769;3178
18442;95043;3274
18443;97846;2803
18444;102009;4163
18445;106110;4101
18446;109505;3395
18447;113389;3884
18448;117110;3721
18449;120281;3171
18450;124494;4213
18451;128638;4144
18452;133973;5335
18453;140776;6803
18454;145632;4856
18455;150445;4813
18456;154277;3832
18457;159898;5621
18458;165169;5271
18459;173206;8037
18460;182140;8934
18461;190700;8560
18462;197278;6578
18463;204005;6727
18464;211038;7033
18465;218428;7390
18466;226373;7945
18467;233541;7168
18468;240795;7254
18469;248976;8181
18470;257101;8125
18471;267385;10284
18472;276055;8670
18473;286020;9965
18474;295508;9488
18475;306181;10673
18476;317651;11470
18477;327850;10199
18478;334979;7129
18479;345714;10735
18480;357710;11996
18481;367204;9494
18482;376870;9666
18483;387481;10611
18484;397623;10142
18485;410453;12830
18486;422519;12066
18487;433805;11286
18488;445111;11306
18489;456689;11578
18490;468332;11643
18491;476660;8328
18492;489122;12462
18493;502178;13056
18494;513719;11541
18495;522138;8419
18496;533103;10965
18497;541139;8036
18498;551688;10549
18499;562113;10425
18500;572243;10130
18501;581995;9752
18502;590492;8497
18503;599884;9392
18504;607904;8020
18505;615094;7190
18506;624026;8932
18507;633321;9295
18508;641574;8253
18509;650063;8489
18510;658456;8393
18511;666521;8065
18512;671848;5327
18513;679513;7665
18514;686851;7338
18515;694664;7813
18516;702088;7424
18517;708964;6876
18518;716319;7355
18519;721892;5573
18520;728590;6698
18521;736377;7787
18522;743945;7568
18523;750471;6526
18524;758398;7927
18525;765076;6678
18526;770435;5359
18527;777537;7102
18528;784268;6731
18529;790823;6555
18530;798317;7494
18531;806038;7721
18532;813056;7018
18533;818203;5147
18534;824042;5839
18535;829679;5637
18536;835339;5660
18537;841532;6193
18538;848147;6615
18539;855052;6905
18540;862158;7106
18541;869808;7650
18542;877684;7876
18543;886179;8495
18544;894300;8121
18545;902747;8447
18546;911316;8569
18547;919084;7768
18548;924098;5014
18549;930159;6061
18550;936982;6823
18551;945354;8372
18552;952371;7017
18553;959572;7201
18554;965883;6311
18555;974139;8256
18556;981700;7561
18557;990373;8673
18558;998942;8569
18559;1007711;8769
18560;1015885;8174
18561;1025052;9167
18562;1033218;8166
18563;1041935;8717
18564;1053122;11187
18565;1063151;10029
18566;1074184;11033
18567;1083321;9137
18568;1093256;9935
18569;1099392;6136
18570;1108086;8694
18571;1117977;9891
18572;1127733;9756
18573;1136447;8714
18574;1143887;7440
18575;1149064;5177
18576;1155356;6292
18577;1165326;9970
18578;1174012;8686
18579;1182697;8685
18580;1191634;8937
18581;1198746;7112
18582;1205217;6471
18583;1211128;5911
18584;1218003;6875
18585;1225490;7487
18586;1233444;7954
18587;1240493;7049
18588;1248417;7924
18589;1254979;6562
18590;1262494;7515
18591;1270991;8497
18592;1280487;9496
18593;1290510;10023
18594;1299613;9103
18595;1308376;8763
18596;1316806;8430
18597;1324792;7986
18598;1334089;9297
18599;1343322;9233
18600;1352607;9285
18601;1362249;9642
18602;1371103;8854
18603;1377100;5997
18604;1384610;7510
18605;1392133;7523
18606;1399911;7778
18607;1408909;8998
18608;1417072;8163
18609;1425774;8702
18610;1434516;8742
18611;1444646;10130
18612;1456599;11953
18613;1468795;12196
18614;1482072;13277
18615;1496062;13990
18616;1507222;11160
18617;1518067;10845
18618;1530593;12526
18619;1544826;14233
18620;1559766;14940
18621;1574707;14941
18622;1584903;10196
18623;1594497;9594
18624;1603807;9310
18625;1614822;11015
18626;1626461;11639
18627;1642775;16314
18628;1654880;12105
18629;1666408;11528
18630;1675820;9412
18631;1686131;10311
18632;1702966;16835
18633;1719771;16805
18634;1737347;17576
18635;1755568;18221
18636;1771363;15795
18637;1786900;15537
18638;1801903;15003
18639;1816082;14179
18640;1831980;15898
18641;1849101;17121
18642;1870179;21078
18643;1891034;20855
18644;1908413;17379
18645;1923132;14719
18646;1939071;15939
18647;1956979;17908
18648;1972345;15366
18649;1987418;15073
18650;2002969;15551
18651;2015485;12516
18652;2027746;12261
18653;2041352;13606
18654;2055305;13953
18655;2067575;12270
18656;2077633;10058
18657;2086806;9173
18658;2094884;8078
18659;2104506;9622
18660;2114597;10091
18661;2125622;11025
18662;2135412;9790
18663;2142660;7248
18664;2151207;8547
18665;2157216;6009
18666;2161462;4246
18667;2166904;5442
18668;2173347;6443
18669;2179641;6294
18670;2185169;5528
18671;2190116;4947
18672;2195039;4923
18673;2198549;3510
18674;2202598;4049
18675;2207701;5103
18676;2212525;4824
18677;2217001;4476
18678;2222018;5017
18679;2226262;4244
18680;2229663;3401
18681;2233589;3926
18682;2237542;3953
18683;2241225;3683
18684;2244792;3567
18685;2248135;3343
18686;2251690;3555
18687;2255260;3570
18688;2259599;4339
18689;2262646;3047
18690;2266211;3565
18691;2269582;3371
18692;2273245;3663
18693;2276656;3411
18694;2278861;2205
18695;2282372;3511
18696;2285960;3588
18697;2290539;4579
18698;2294617;4078
18699;2299082;4465
18700;2303144;4062
18701;2305884;2740
18702;2309600;3716
18703;2314154;4554
18704;2319293;5139
18705;2324426;5133
18706;2331187;6761
18707;2337230;6043
18708;2342278;5048
18709;2347224;4946
18710;2353210;5986
18711;2359942;6732
18712;2367337;7395
18713;2375591;8254
18714;2382730;7139
18715;2389779;7049
18716;2397731;7952
18717;2406377;8646
18718;2417826;11449
18719;2428048;10222
18720;2437197;9149
18721;2446219;9022
18722;2456409;10190
18723;2468236;11827
18724;2479617;11381
18725;2492081;12464
18726;2504206;12125
18727;2518715;14509
18728;2536198;17483
18729;2552937;16739
18730;2569314;16377
18731;2585801;16487
18732;2602719;16918
18733;2619422;16703
18734;2636076;16654
18735;2652947;16871
18736;2667136;14189
18737;2684101;16965
18738;2701313;17212
18739;2720619;19306
18740;2740544;19925
18741;2757274;16730
18742;2774464;17190
18743;2787303;12839
18744;2804881;17578
18745;2824626;19745
18746;2841934;17308
18747;2859724;17790
18748;2877746;18022
18749;2893655;15909
18750;2905254;11599
18751;2919805;14551
18752;2934611;14806
18753;2951101;16490
18754;2968626;17525
18755;2985536;16910
18756;3002758;17222
18757;3015301;12543
18758;3031726;16425
18759;3048719;16993
18760;3067879;19160
18761;3084460;16581
18762;3103333;18873
18763;3118426;15093
18764;3131410;12984
18765;3144547;13137
