condition;measurement;ncases
18283;0;0
18284;0;0
18285;0;0
18286;0;0
18287;0;0
18288;0;0
18289;0;0
18290;0;0
18291;0;0
18292;0;0
18293;0;0
18294;0;0
18295;0;0
18296;0;0
18297;0;0
18298;0;0
18299;0;0
18300;0;0
18301;0;0
18302;0;0
18303;0;0
18304;0;0
18305;0;0
18306;0;0
18307;0;0
18308;0;0
18309;0;0
18310;0;0
18311;0;0
18312;0;0
18313;0;0
18314;0;0
18315;0;0
18316;0;0
18317;0;0
18318;0;0
18319;0;0
18320;0;0
18321;0;0
18322;0;0
18323;0;0
18324;0;0
18325;0;0
18326;0;0
18327;1;1
18328;1;0
18329;5;4
18330;9;4
18331;9;0
18332;13;4
18333;22;9
18334;23;1
18335;26;3
18336;27;1
18337;35;8
18338;41;6
18339;50;9
18340;69;19
18341;89;20
18342;117;28
18343;134;17
18344;158;24
18345;177;19
18346;201;24
18347;231;30
18348;263;32
18349;295;32
18350;314;19
18351;330;16
18352;347;17
18353;375;28
18354;396;21
18355;416;20
18356;435;19
18357;454;19
18358;467;13
18359;483;16
18360;502;19
18361;539;37
18362;558;19
18363;577;19
18364;595;18
18365;612;17
18366;618;6
18367;626;8
18368;642;16
18369;649;7
18370;655;6
18371;660;5
18372;662;2
18373;669;7
18374;681;12
18375;686;5
18376;687;1
18377;693;6
18378;695;2
18379;697;2
18380;705;8
18381;713;8
18382;719;6
18383;725;6
18384;733;8
18385;739;6
18386;742;3
18387;755;13
18388;761;6
18389;765;4
18390;773;8
18391;780;7
18392;792;12
18393;801;9
18394;804;3
18395;815;11
18396;830;15
18397;843;13
18398;853;10
18399;863;10
18400;866;3
18401;882;16
18402;897;15
18403;903;6
18404;911;8
18405;918;7
18406;930;12
18407;951;21
18408;956;5
18409;984;28
18410;1000;16
18411;1022;22
18412;1047;25
18413;1056;9
18414;1084;28
18415;1105;21
18416;1157;52
18417;1194;37
18418;1228;34
18419;1263;35
18420;1318;55
18421;1342;24
18422;1375;33
18423;1461;86
18424;1538;77
18425;1612;74
18426;1662;50
18427;1715;53
18428;1744;29
18429;1796;52
18430;1871;75
18431;1939;68
18432;2058;119
18433;2127;69
18434;2213;86
18435;2277;64
18436;2368;91
18437;2515;147
18438;2684;169
18439;2836;152
18440;2979;143
18441;3130;151
18442;3269;139
18443;3459;190
18444;3753;294
18445;4023;270
18446;4311;288
18447;4621;310
18448;4996;375
18449;5241;245
18450;5486;245
18451;5836;350
18452;6485;649
18453;6845;360
18454;7231;386
18455;7596;365
18456;8036;440
18457;8482;446
18458;8986;504
18459;9546;560
18460;9969;423
18461;10551;582
18462;11114;563
18463;11534;420
18464;11811;277
18465;12361;550
18466;13129;768
18467;13669;540
18468;14600;931
18469;15229;629
18470;15841;612
18471;16344;503
18472;16800;456
18473;17290;490
18474;17820;530
18475;18187;367
18476;18975;788
18477;19402;427
18478;19837;435
18479;20417;580
18480;21070;653
18481;22081;1011
18482;22802;721
18483;23286;484
18484;23872;586
18485;24508;636
18486;25057;549
18487;26129;1072
18488;26931;802
18489;27737;806
18490;28465;728
18491;29084;619
18492;29643;559
18493;30409;766
18494;31075;666
18495;32134;1059
18496;33084;950
18497;33820;736
18498;34463;643
18499;35305;842
18500;36307;1002
18501;37292;985
18502;38485;1193
18503;39699;1214
18504;39699;0
18505;41287;1588
18506;42184;897
18507;43305;1121
18508;44458;1153
18509;45680;1222
18510;46920;1240
18511;46920;0
18512;48780;1860
18513;49897;1117
18514;51224;1327
18515;52549;1325
18516;53969;1420
18517;55454;1485
18518;55454;0
18519;57361;1907
18520;58137;776
18521;59516;1379
18522;60818;1302
18523;62374;1556
18524;63712;1338
18525;63712;0
18526;65602;1890
18527;66689;1087
18528;68059;1370
18529;69459;1400
18530;70816;1357
18531;72049;1233
18532;72049;0
18533;73714;1665
18534;74604;890
18535;75760;1156
18536;76828;1068
18537;77829;1001
18538;79182;1353
18539;79182;0
18540;81129;1947
18541;82142;1013
18542;83497;1355
18543;84828;1331
18544;86053;1225
18545;87439;1386
18546;87439;0
18547;89223;1784
18548;90238;1015
18549;91780;1542
18550;93152;1372
18551;94348;1196
18552;95514;1166
18553;95514;0
18554;97075;1561
18555;97922;847
18556;99425;1503
18557;100616;1191
18558;101826;1210
18559;103088;1262
18560;103088;0
18561;104460;1372
18562;105322;862
18563;106553;1231
18564;107570;1017
18565;108866;1296
18566;109971;1105
18567;109971;0
18568;111257;1286
18569;112120;863
18570;113261;1141
18571;114367;1106
18572;115417;1050
18573;116363;946
18574;116363;0
18575;117587;1224
18576;118566;979
18577;119768;1202
18578;120939;1171
18579;122123;1184
18580;123223;1100
18581;123223;0
18582;124592;1369
18583;125590;998
18584;127012;1422
18585;128231;1219
18586;129418;1187
18587;129418;0
18588;129418;0
18589;132295;2877
18590;133190;895
18591;134520;1330
18592;135742;1222
18593;137093;1351
18594;137093;0
18595;137093;0
18596;139638;2545
18597;140172;534
18598;141340;1168
18599;142505;1165
18600;143685;1180
18601;143685;0
18602;143685;0
18603;146421;2736
18604;147430;1009
18605;148688;1258
18606;149815;1127
18607;150947;1132
18608;150947;0
18609;150947;0
18610;153169;2222
18611;154096;927
18612;155263;1167
18613;156388;1125
18614;157472;1084
18615;157472;0
18616;157472;0
18617;159893;2421
18618;160804;911
18619;161942;1138
18620;162990;1048
18621;162990;0
18622;162990;0
18623;162990;0
18624;165762;2772
18625;166799;1037
18626;168114;1315
18627;169321;1207
18628;169321;0
18629;169321;0
18630;169321;0
18631;172436;3115
18632;173591;1155
18633;175038;1447
18634;176407;1369
18635;177614;1207
18636;177614;0
18637;177614;0
18638;180061;2447
18639;181093;1032
18640;182156;1063
18641;183242;1086
18642;184187;945
18643;184187;0
18644;184187;0
18645;186016;1829
18646;186877;861
18647;187712;835
18648;188477;765
18649;189308;831
18650;189308;0
18651;189308;0
18652;190745;1437
18653;191345;600
18654;192066;721
18655;192637;571
18656;193276;639
18657;193276;0
18658;193276;0
18659;194569;1293
18660;195009;440
18661;195537;528
18662;195992;455
18663;196438;446
18664;196438;0
18665;196438;0
18666;197435;997
18667;197852;417
18668;198338;486
18669;198756;418
18670;199187;431
18671;199187;0
18672;199187;0
18673;200024;837
18674;200454;430
18675;200888;434
18676;201241;353
18677;201678;437
18678;201678;0
18679;201678;0
18680;202674;996
18681;203097;423
18682;203496;399
18683;203914;418
18684;204341;427
18685;204341;0
18686;204341;0
18687;205086;745
18688;205514;428
18689;205890;376
18690;206293;403
18691;206640;347
18692;206640;0
18693;206640;0
18694;206640;0
18695;207832;1192
18696;207832;0
18697;207832;0
18698;209093;1261
18699;209093;0
18700;209093;0
18701;209093;0
18702;210447;1354
18703;210447;0
18704;210447;0
18705;211903;1456
18706;211903;0
18707;211903;0
18708;211903;0
18709;213438;1535
18710;213438;0
18711;213438;0
18712;215178;1740
18713;215178;0
18714;215178;0
18715;215178;0
18716;216764;1586
18717;216764;0
18718;216764;0
18719;216764;0
18720;216764;0
18721;216764;0
18722;216764;0
18723;219846;3082
18724;219846;0
18725;219846;0
18726;222544;2698
18727;222544;0
18728;222544;0
18729;222544;0
18730;225343;2799
18731;225343;0
18732;227533;2190
18733;228577;1044
18734;228577;0
18735;228577;0
18736;230837;2260
18737;231967;1130
18738;233498;1531
18739;235274;1776
18740;236930;1656
18741;238760;1830
18742;238760;0
18743;241240;2480
18744;243167;1927
18745;245601;2434
18746;248382;2781
18747;250991;2609
18748;250991;0
18749;250991;0
18750;256676;5685
18751;257980;1304
18752;260535;2555
18753;263094;2559
18754;265486;2392
18755;265486;0
18756;265486;0
18757;271478;5992
18758;273714;2236
18759;276887;3173
18760;279926;3039
18761;282741;2815
18762;282741;0
18763;282741;0
18764;288626;5885
18765;290920;2294
