condition;measurement;ncases
18283;0;0
18284;0;0
18285;0;0
18286;0;0
18287;0;0
18288;0;0
18289;0;0
18290;0;0
18291;0;0
18292;0;0
18293;0;0
18294;0;0
18295;0;0
18296;0;0
18297;0;0
18298;0;0
18299;0;0
18300;0;0
18301;0;0
18302;0;0
18303;0;0
18304;0;0
18305;0;0
18306;0;0
18307;0;0
18308;0;0
18309;0;0
18310;0;0
18311;0;0
18312;0;0
18313;0;0
18314;0;0
18315;0;0
18316;0;0
18317;1;1
18318;3;2
18319;3;0
18320;5;2
18321;6;1
18322;7;1
18323;7;0
18324;9;2
18325;10;1
18326;10;0
18327;11;1
18328;12;1
18329;12;0
18330;12;0
18331;14;2
18332;19;5
18333;19;0
18334;32;13
18335;38;6
18336;49;11
18337;57;8
18338;65;8
18339;81;16
18340;105;24
18341;128;23
18342;206;78
18343;254;48
18344;315;61
18345;382;67
18346;442;60
18347;495;53
18348;586;91
18349;657;71
18350;713;56
18351;790;77
18352;867;77
18353;963;96
18354;1011;48
18355;1079;68
18356;1126;47
18357;1182;56
18358;1222;40
18359;1282;60
18360;1343;61
18361;1407;64
18362;1495;88
18363;1534;39
18364;1600;66
18365;1650;50
18366;1704;54
18367;1741;37
18368;1791;50
18369;1814;23
18370;1832;18
18371;1871;39
18372;1881;10
18373;1908;27
18374;1950;42
18375;1981;31
18376;2009;28
18377;2016;7
18378;2030;14
18379;2039;9
18380;2047;8
18381;2062;15
18382;2076;14
18383;2085;9
18384;2088;3
18385;2096;8
18386;2101;5
18387;2112;11
18388;2119;7
18389;2125;6
18390;2161;36
18391;2176;15
18392;2187;11
18393;2196;9
18394;2207;11
18395;2213;6
18396;2221;8
18397;2222;1
18398;2224;2
18399;2226;2
18400;2228;2
18401;2232;4
18402;2234;2
18403;2237;3
18404;2243;6
18405;2243;0
18406;2244;1
18407;2244;0
18408;2244;0
18409;2244;0
18410;2245;1
18411;2245;0
18412;2246;1
18413;2246;0
18414;2246;0
18415;2246;0
18416;2246;0
18417;2247;1
18418;2247;0
18419;2247;0
18420;2247;0
18421;2247;0
18422;2247;0
18423;2249;2
18424;2249;0
18425;2249;0
18426;2251;2
18427;2252;1
18428;2254;2
18429;2255;1
18430;2258;3
18431;2269;11
18432;2280;11
18433;2299;19
18434;2317;18
18435;2336;19
18436;2366;30
18437;2388;22
18438;2483;95
18439;2539;56
18440;2624;85
18441;2691;67
18442;2725;34
18443;2777;52
18444;2831;54
18445;2912;81
18446;3008;96
18447;3094;86
18448;3151;57
18449;3220;69
18450;3272;52
18451;3325;53
18452;3416;91
18453;3532;116
18454;3672;140
18455;3722;50
18456;3775;53
18457;3827;52
18458;3953;126
18459;4039;86
18460;4137;98
18461;4253;116
18462;4345;92
18463;4370;25
18464;4422;52
18465;4530;108
18466;4634;104
18467;4715;81
18468;4792;77
18469;4857;65
18470;4881;24
18471;4923;42
18472;4993;70
18473;5071;78
18474;5139;68
18475;5224;85
18476;5260;36
18477;5294;34
18478;5318;24
18479;5376;58
18480;5404;28
18481;5466;62
18482;5543;77
18483;5604;61
18484;5649;45
18485;5740;91
18486;5870;130
18487;6050;180
18488;6258;208
18489;6420;162
18490;6571;151
18491;6656;85
18492;6855;199
18493;7074;219
18494;7329;255
18495;7594;265
18496;7900;306
18497;8175;275
18498;8311;136
18499;8530;219
18500;8888;358
18501;9192;304
18502;9549;357
18503;9861;312
18504;10123;262
18505;10269;146
18506;10414;145
18507;10725;311
18508;11094;369
18509;11428;334
18510;11739;311
18511;11964;225
18512;12081;117
18513;12285;204
18514;12626;341
18515;12917;291
18516;13107;190
18517;13368;261
18518;13533;165
18519;13598;65
18520;13749;151
18521;14029;280
18522;14279;250
18523;14513;234
18524;14725;212
18525;14922;197
18526;14992;70
18527;15136;144
18528;15340;204
18529;15572;232
18530;15795;223
18531;16007;212
18532;16197;190
18533;16245;48
18534;16380;135
18535;16593;213
18536;16827;234
18537;17160;333
18538;17401;241
18539;17659;258
18540;17797;138
18541;18084;287
18542;18447;363
18543;18989;542
18544;19446;457
18545;19932;486
18546;20440;508
18547;20621;181
18548;20993;372
18549;21741;748
18550;22534;793
18551;23665;1131
18552;24761;1096
18553;25580;819
18554;25973;393
18555;26863;890
18556;28287;1424
18557;29850;1563
18558;31717;1867
18559;33959;2242
18560;36380;2421
18561;37208;828
18562;38621;1413
18563;40999;2378
18564;43775;2776
18565;46547;2772
18566;49316;2769
18567;51495;2179
18568;52660;1165
18569;54087;1427
18570;56567;2480
18571;59415;2848
18572;62305;2890
18573;64704;2399
18574;67247;2543
18575;68776;1529
18576;70243;1467
18577;72840;2597
18578;75922;3082
18579;78978;3056
18580;81844;2866
18581;84206;2362
18582;85519;1313
18583;87464;1945
18584;90715;3251
18585;93879;3164
18586;96837;2958
18587;100410;3573
18588;103718;3308
18589;105691;1973
18590;108014;2323
18591;111617;3603
18592;115626;4009
18593;119706;4080
18594;123693;3987
18595;126612;2919
18596;128442;1830
18597;131342;2900
18598;134881;3539
18599;139415;4534
18600;143370;3955
18601;147454;4084
18602;150353;2899
18603;152239;1886
18604;154852;2613
18605;159372;4520
18606;163992;4620
18607;168388;4396
18608;172523;4135
18609;175886;3363
18610;177358;1472
18611;179718;2360
18612;183045;3327
18613;186963;3918
18614;190235;3272
18615;192987;2752
18616;194962;1975
18617;195728;766
18618;197323;1595
18619;200086;2763
18620;202319;2233
18621;203962;1643
18622;204312;350
18623;204930;618
18624;205246;316
18625;206596;1350
18626;208446;1850
18627;210837;2391
18628;212007;1170
18629;212262;255
18630;212958;696
18631;213319;361
18632;214390;1071
18633;216286;1896
18634;216848;562
18635;217946;1098
18636;219347;1401
18637;219993;646
18638;220223;230
18639;220982;759
18640;222117;1135
18641;223097;980
18642;223812;715
18643;224575;763
18644;224954;379
18645;225128;174
18646;225648;520
18647;226550;902
18648;227326;776
18649;227969;643
18650;228568;599
18651;228920;352
18652;229054;134
18653;229502;448
18654;230359;857
18655;230978;619
18656;231539;561
18657;232090;551
18658;232426;336
18659;232520;94
18660;232907;387
18661;233637;730
18662;234153;516
18663;234702;549
18664;235126;424
18665;235402;276
18666;235473;71
18667;235756;283
18668;236333;577
18669;236709;376
18670;237080;371
18671;237459;379
18672;237657;198
18673;237725;68
18674;237999;274
18675;238501;502
18676;238866;365
18677;239254;388
18678;239685;431
18679;239945;260
18680;240017;72
18681;240360;343
18682;241048;688
18683;241592;544
18684;242097;505
18685;242617;520
18686;242973;356
18687;243064;91
18688;243458;394
18689;244205;747
18690;244872;667
18691;245462;590
18692;246120;658
18693;246514;394
18694;246608;94
18695;247099;491
18696;248061;962
18697;248838;777
18698;249661;823
18699;250484;823
18700;251045;561
18701;251174;129
18702;251865;691
18703;253310;1445
18704;254507;1197
18705;255619;1112
18706;256805;1186
18707;257639;834
18708;257789;150
18709;258745;956
18710;260636;1891
18711;262309;1673
18712;264111;1802
18713;265901;1790
18714;267222;1321
18715;267522;300
18716;269009;1487
18717;271632;2623
18718;274054;2422
18719;276416;2362
18720;278650;2234
18721;280026;1376
18722;280164;138
18723;280899;735
18724;282548;1649
18725;285765;3217
18726;288364;2599
18727;290899;2535
18728;292516;1617
18729;292938;422
18730;294874;1936
18731;297973;3099
18732;300900;2927
18733;303598;2698
18734;306225;2627
18735;307790;1565
18736;308200;410
18737;310306;2106
18738;313423;3117
18739;316308;2885
18740;318837;2529
18741;321372;2535
18742;322626;1254
18743;323036;410
18744;324833;1797
18745;327737;2904
18746;330176;2439
18747;332183;2007
18748;334229;2046
18749;335173;944
18750;335522;349
18751;336918;1396
18752;339412;2494
18753;341052;1640
18754;342487;1435
18755;343829;1342
18756;344494;665
18757;344747;253
18758;345623;876
18759;347094;1471
18760;348158;1064
18761;349084;926
18762;349910;826
18763;350390;480
18764;350506;116
18765;350997;491
