condition;measurement;ncases
18283;0;0
18284;0;0
18285;0;0
18286;0;0
18287;0;0
18288;0;0
18289;0;0
18290;0;0
18291;0;0
18292;0;0
18293;0;0
18294;0;0
18295;0;0
18296;0;0
18297;0;0
18298;0;0
18299;0;0
18300;0;0
18301;0;0
18302;0;0
18303;0;0
18304;0;0
18305;0;0
18306;0;0
18307;0;0
18308;0;0
18309;0;0
18310;0;0
18311;0;0
18312;0;0
18313;0;0
18314;0;0
18315;0;0
18316;0;0
18317;0;0
18318;0;0
18319;1;1
18320;1;0
18321;3;2
18322;4;1
18323;4;0
18324;6;2
18325;11;5
18326;11;0
18327;24;13
18328;24;0
18329;37;13
18330;92;55
18331;264;172
18332;444;180
18333;617;173
18334;804;187
18335;836;32
18336;875;39
18337;933;58
18338;1025;92
18339;1116;91
18340;1225;109
18341;1337;112
18342;1420;83
18343;1514;94
18344;1572;58
18345;1718;146
18346;1862;144
18347;2023;161
18348;2200;177
18349;2366;166
18350;2564;198
18351;2755;191
18352;3039;284
18353;3290;251
18354;3573;283
18355;3946;373
18356;4269;323
18357;4561;292
18358;4875;314
18359;5266;391
18360;5597;331
18361;5830;233
18362;6014;184
18363;6191;177
18364;6369;178
18365;6513;144
18366;6706;193
18367;6876;170
18368;7074;198
18369;7268;194
18370;7437;169
18371;7580;143
18372;7711;131
18373;7891;180
18374;8108;217
18375;8271;163
18376;8408;137
18377;8643;235
18378;8773;130
18379;8896;123
18380;9049;153
18381;9206;157
18382;9356;150
18383;9509;153
18384;9605;96
18385;9721;116
18386;9868;147
18387;10019;151
18388;10136;117
18389;10281;145
18390;10416;135
18391;10517;101
18392;10627;110
18393;10711;84
18394;10789;78
18395;10865;76
18396;10911;46
18397;10989;78
18398;11056;67
18399;11125;69
18400;11166;41
18401;11242;76
18402;11315;73
18403;11380;65
18404;11428;48
18405;11487;59
18406;11559;72
18407;11586;27
18408;11627;41
18409;11680;53
18410;11712;32
18411;11793;81
18412;11833;40
18413;11869;36
18414;11899;30
18415;11934;35
18416;11971;37
18417;12011;40
18418;12075;64
18419;12124;49
18420;12148;24
18421;12162;14
18422;12201;39
18423;12216;15
18424;12235;19
18425;12299;64
18426;12339;40
18427;12393;54
18428;12417;24
18429;12450;33
18430;12494;44
18431;12544;50
18432;12591;47
18433;12591;0
18434;12591;0
18435;12727;136
18436;12761;34
18437;12815;54
18438;12836;21
18439;12875;39
18440;12875;0
18441;12875;0
18442;12951;76
18443;12968;17
18444;12994;26
18445;13015;21
18446;13032;17
18447;13032;0
18448;13033;1
18449;13079;46
18450;13089;10
18451;13101;12
18452;13117;16
18453;13147;30
18454;13147;0
18455;13147;0
18456;13238;91
18457;13262;24
18458;13293;31
18459;13325;32
18460;13374;49
18461;13374;0
18462;13377;3
18463;13466;89
18464;13506;40
18465;13554;48
18466;13594;40
18467;13642;48
18468;13643;1
18469;13665;22
18470;13775;110
18471;13811;36
18472;13868;57
18473;13964;96
18474;14028;64
18475;14028;0
18476;14028;0
18477;14235;207
18478;14314;79
18479;14440;126
18480;14586;146
18481;14747;161
18482;14751;4
18483;14759;8
18484;15135;376
18485;15291;156
18486;15423;132
18487;15590;167
18488;15758;168
18489;15867;109
18490;16003;136
18491;16127;124
18492;16246;119
18493;16336;90
18494;16453;117
18495;16525;72
18496;16637;112
18497;16715;78
18498;16821;106
18499;16905;84
18500;16962;57
18501;17052;90
18502;17125;73
18503;17204;79
18504;17316;112
18505;17410;94
18506;17509;99
18507;17620;111
18508;17800;180
18509;17974;174
18510;18163;189
18511;18310;147
18512;18540;230
18513;18784;244
18514;19036;252
18515;19353;317
18516;19646;293
18517;19989;343
18518;20327;338
18519;20674;347
18520;21013;339
18521;21013;0
18522;21836;823
18523;22291;455
18524;22881;590
18525;23353;472
18526;23774;421
18527;24261;487
18528;24822;561
18529;25385;563
18530;26066;681
18531;26687;621
18532;27111;424
18533;27546;435
18534;27941;395
18535;28479;538
18536;28882;403
18537;29418;536
18538;29789;371
18539;30168;379
18540;30546;378
18541;30868;322
18542;31201;333
18543;31648;447
18544;32131;483
18545;32575;444
18546;32915;340
18547;33304;389
18548;33594;290
18549;34087;493
18550;34519;432
18551;34939;420
18552;35440;501
18553;35893;453
18554;36345;452
18555;36877;532
18556;37507;630
18557;38270;763
18558;39129;859
18559;39918;789
18560;40863;945
18561;41919;1056
18562;42668;749
18563;43685;1017
18564;44545;860
18565;45736;1191
18566;46863;1127
18567;47811;948
18568;48753;942
18569;50106;1353
18570;51042;936
18571;52265;1223
18572;53692;1427
18573;54742;1050
18574;55635;893
18575;56406;771
18576;57472;1066
18577;58466;994
18578;59478;1012
18579;60515;1037
18580;61593;1078
18581;62652;1059
18582;63847;1195
18583;65067;1220
18584;66324;1257
18585;67621;1297
18586;68878;1257
18587;70152;1274
18588;71003;851
18589;72172;1169
18590;73539;1367
18591;74722;1183
18592;75913;1191
18593;77236;1323
18594;78874;1638
18595;79872;998
18596;81002;1130
18597;82470;1468
18598;84056;1586
18599;85663;1607
18600;87266;1603
18601;89382;2116
18602;91131;1749
18603;93177;2046
18604;95332;2155
18605;97895;2563
18606;101027;3132
18607;104103;3076
18608;107660;3557
18609;110305;2645
18610;113642;3337
18611;116636;2994
18612;120330;3694
18613;124366;4036
18614;128874;4508
18615;132164;3290
18616;134999;2835
18617;138204;3205
18618;140750;2546
18619;144053;3303
18620;146927;2874
18621;149926;2999
18622;151764;1838
18623;153952;2188
18624;156434;2482
18625;159074;2640
18626;161862;2788
18627;164116;2254
18628;166567;2451
18629;168182;1615
18630;169358;1176
18631;171436;2078
18632;173433;1997
18633;175663;2230
18634;177507;1844
18635;179170;1663
18636;180915;1745
18637;182161;1246
18638;183400;1239
18639;184476;1076
18640;185835;1359
18641;185836;1
18642;187998;2162
18643;188878;880
18644;189767;889
18645;190574;807
18646;191299;725
18647;192187;888
18648;192947;760
18649;193720;773
18650;194599;879
18651;195353;754
18652;195978;625
18653;196632;654
18654;197224;592
18655;197892;668
18656;198348;456
18657;198779;431
18658;199156;377
18659;199644;488
18660;200041;397
18661;200466;425
18662;201020;554
18663;201458;438
18664;201871;413
18665;202307;436
18666;202737;430
18667;203104;367
18668;203574;470
18669;204052;478
18670;204480;428
18671;204754;274
18672;205049;295
18673;205486;437
18674;205871;385
18675;206285;414
18676;206753;468
18677;207305;552
18678;207769;464
18679;208265;496
18680;208715;450
18681;209244;529
18682;209767;523
18683;210370;603
18684;210900;530
18685;211420;520
18686;211883;463
18687;212380;497
18688;212912;532
18689;213486;574
18690;214007;521
18691;214621;614
18692;215015;394
18693;215528;513
18694;215955;427
18695;216482;527
18696;218489;2007
18697;219351;862
18698;219996;645
18699;220609;613
18700;221151;542
18701;221763;612
18702;222534;771
18703;223321;787
18704;224107;786
18705;224950;843
18706;225540;590
18707;226197;657
18708;227469;1272
18709;227723;254
18710;225722;-2001
18711;226536;814
18712;227325;789
18713;227741;416
18714;228705;964
18715;229384;679
18716;230594;1210
18717;231295;701
18718;231957;662
18719;232665;708
18720;233410;745
18721;234010;600
18722;234489;479
18723;235009;520
18724;235623;614
18725;236340;717
18726;237038;698
18727;237793;755
18728;238484;691
18729;238998;514
18730;239561;563
18731;240225;664
18732;241023;798
18733;241700;677
18734;242424;724
18735;243326;902
18736;244067;741
18737;244759;692
18738;245562;803
18739;246455;893
18740;247157;702
18741;247704;547
18742;248316;612
18743;249020;704
18744;249644;624
18745;250479;835
18746;251248;769
18747;251249;1
18748;252740;1491
18749;253607;867
18750;254368;761
18751;255178;810
18752;255181;3
18753;257181;2000
18754;258204;1023
18755;258881;677
18756;259755;874
18757;260687;932
18758;261613;926
18759;262859;1246
18760;264214;1355
18761;265165;951
18762;266240;1075
18763;267204;964
18764;268040;836
18765;268956;916
