condition;measurement;ncases
18283;0;0
18284;0;0
18285;0;0
18286;0;0
18287;0;0
18288;0;0
18289;0;0
18290;0;0
18291;0;0
18292;0;0
18293;0;0
18294;0;0
18295;0;0
18296;0;0
18297;0;0
18298;0;0
18299;0;0
18300;0;0
18301;0;0
18302;0;0
18303;0;0
18304;0;0
18305;0;0
18306;0;0
18307;0;0
18308;0;0
18309;0;0
18310;0;0
18311;0;0
18312;0;0
18313;0;0
18314;0;0
18315;0;0
18316;0;0
18317;0;0
18318;0;0
18319;0;0
18320;0;0
18321;0;0
18322;6;6
18323;6;0
18324;7;1
18325;10;3
18326;13;3
18327;13;0
18328;13;0
18329;14;1
18330;15;1
18331;15;0
18332;17;2
18333;17;0
18334;17;0
18335;28;11
18336;28;0
18337;37;9
18338;58;21
18339;111;53
18340;199;88
18341;367;168
18342;506;139
18343;789;283
18344;981;192
18345;1082;101
18346;1173;91
18347;1403;230
18348;1595;192
18349;1823;228
18350;1924;101
18351;1962;38
18352;2240;278
18353;2748;508
18354;3163;415
18355;3368;205
18356;3465;97
18357;3646;181
18358;3747;101
18359;3747;0
18360;4450;703
18361;4965;515
18362;7161;2196
18363;7257;96
18364;7466;209
18365;7529;63
18366;7603;74
18367;7858;255
18368;8225;367
18369;8450;225
18370;9022;572
18371;9468;446
18372;10128;660
18373;10398;270
18374;10850;452
18375;11183;333
18376;22719;11536
18377;22719;0
18378;22719;0
18379;23240;521
18380;24258;1018
18381;24675;417
18382;24934;259
18383;26336;1402
18384;27464;1128
18385;29538;2074
18386;31881;2343
18387;31881;0
18388;31881;0
18389;30298;-1583
18390;28818;-1480
18391;29071;253
18392;29559;488
18393;29509;-50
18394;30419;910
18395;30486;67
18396;30502;16
18397;31467;965
18398;32763;1296
18399;33182;419
18400;33582;400
18401;34151;569
18402;34854;703
18403;35306;452
18404;35828;522
18405;36258;430
18406;36756;498
18407;37355;599
18408;37355;0
18409;38103;748
18410;38471;368
18411;38571;100
18412;38571;0
18413;39098;527
18414;39098;0
18415;40414;1316
18416;40966;552
18417;40966;0
18418;41575;609
18419;42728;1153
18420;43120;392
18421;43378;258
18422;43917;539
18423;44440;523
18424;44440;0
18425;45778;1338
18426;46356;578
18427;46751;395
18428;47322;571
18429;47943;621
18430;48490;547
18431;49097;607
18432;49731;634
18433;49731;0
18434;50640;909
18435;50640;0
18436;51643;1003
18437;51643;0
18438;53156;1513
18439;53856;700
18440;54574;718
18441;55255;681
18442;55665;410
18443;56432;767
18444;58257;1825
18445;59468;1211
18446;60657;1189
18447;61535;878
18448;61958;423
18449;62380;422
18450;63245;865
18451;63245;0
18452;64221;976
18453;65018;797
18454;67209;2191
18455;67870;661
18456;68459;589
18457;69570;1111
18458;70329;759
18459;71365;1036
18460;72444;1079
18461;73382;938
18462;74013;631
18463;74620;607
18464;76217;1597
18465;77257;1040
18466;78148;891
18467;79049;901
18468;80036;987
18469;80694;658
18470;81161;467
18471;82279;1118
18472;83193;914
18473;84370;1177
18474;85355;985
18475;86232;877
18476;86232;0
18477;87041;809
18478;87963;922
18479;88866;903
18480;90537;1671
18481;91969;1432
18482;93572;1603
18483;94459;887
18484;94701;242
18485;95563;862
18486;97110;1547
18487;98343;1233
18488;99409;1066
18489;100688;1279
18490;101542;854
18491;101751;209
18492;102941;1190
18493;104475;1534
18494;105508;1033
18495;106481;973
18496;107089;608
18497;107769;680
18498;108289;520
18499;109030;741
18500;110549;1519
18501;111219;670
18502;112141;922
18503;112906;765
18504;113648;742
18505;113767;119
18506;114309;542
18507;115457;1148
18508;116360;903
18509;117175;815
18510;118045;870
18511;118045;0
18512;110092;-7953
18513;110757;665
18514;112166;1409
18515;113206;1040
18516;114732;1526
18517;116451;1719
18518;118594;2143
18519;118911;317
18520;119553;642
18521;121525;1972
18522;122257;732
18523;124129;1872
18524;125620;1491
18525;126419;799
18526;126711;292
18527;127643;932
18528;129892;2249
18529;131146;1254
18530;132475;1329
18531;133981;1506
18532;134747;766
18533;134965;218
18534;135749;784
18535;137047;1298
18536;138584;1537
18537;139534;950
18538;140351;817
18539;141034;683
18540;141339;305
18541;142056;717
18542;143531;1475
18543;145045;1514
18544;145848;803
18545;146828;980
18546;147033;205
18547;147315;282
18548;148171;856
18549;149083;912
18550;150360;1277
18551;151659;1299
18552;152422;763
18553;153289;867
18554;153423;134
18555;154115;692
18556;155625;1510
18557;156451;826
18558;158270;1819
18559;159614;1344
18560;161635;2021
18561;162178;543
18562;163192;1014
18563;164908;1716
18564;166302;1394
18565;167147;845
18566;168192;1045
18567;169194;1002
18568;169562;368
18569;170110;548
18570;171433;1323
18571;171783;350
18572;172508;725
18573;173486;978
18574;174907;1421
18575;175269;362
18576;175711;442
18577;176630;919
18578;177513;883
18579;178674;1161
18580;179627;953
18581;180295;668
18582;180676;381
18583;181104;428
18584;182250;1146
18585;183246;996
18586;183840;594
18587;184876;1036
18588;185643;767
18589;185944;301
18590;186436;492
18591;187230;794
18592;188138;908
18593;189534;1396
18594;190909;1375
18595;192117;1208
18596;192685;568
18597;193673;988
18598;194876;1203
18599;195884;1008
18600;196482;598
18601;197391;909
18602;197998;607
18603;198244;246
18604;198752;508
18605;199228;476
18606;200379;1151
18607;200765;386
18608;201524;759
18609;202110;586
18610;202180;70
18611;202356;176
18612;203461;1105
18613;204249;788
18614;205003;754
18615;205920;917
18616;206257;337
18617;206329;72
18618;206364;35
18619;207084;720
18620;208010;926
18621;208828;818
18622;209274;446
18623;209355;81
18624;209758;403
18625;210326;568
18626;211512;1186
18627;212512;1000
18628;213378;866
18629;214513;1135
18630;214614;101
18631;215080;466
18632;216083;1003
18633;217377;1294
18634;218385;1008
18635;219148;763
18636;220349;1201
18637;221070;721
18638;221506;436
18639;222567;1061
18640;224315;1748
18641;226002;1687
18642;226866;864
18643;230808;3942
18644;231482;674
18645;231644;162
18646;232568;924
18647;234315;1747
18648;236189;1874
18649;237158;969
18650;238232;1074
18651;241292;3060
18652;241567;275
18653;242146;579
18654;243535;1389
18655;246000;2465
18656;246687;687
18657;249779;3092
18658;250828;1049
18659;250986;158
18660;251279;293
18661;252390;1111
18662;253339;949
18663;255412;2073
18664;257115;1703
18665;258282;1167
18666;258607;325
18667;259783;1176
18668;260076;293
18669;262213;2137
18670;263517;1304
18671;265527;2010
18672;267223;1696
18673;267701;478
18674;268073;372
18675;268219;146
18676;269860;1641
18677;271276;1416
18678;273097;1821
18679;274673;1576
18680;274968;295
18681;275780;812
18682;278779;2999
18683;281169;2390
18684;282599;1430
18685;284347;1748
18686;286155;1808
18687;286367;212
18688;286725;358
18689;289472;2747
18690;289735;263
18691;291070;1335
18692;292943;1873
18693;294503;1560
18694;294618;115
18695;295114;496
18696;296841;1727
18697;297957;1116
18698;299216;1259
18699;300666;1450
18700;302221;1555
18701;302498;277
18702;302854;356
18703;305598;2744
18704;307429;1831
18705;309643;2214
18706;310868;1225
18707;312598;1730
18708;312851;253
18709;313570;719
18710;316807;3237
18711;318656;1849
18712;321451;2795
18713;322699;1248
18714;324482;1783
18715;325124;642
18716;327325;2201
18717;328755;1430
18718;330388;1633
18719;332038;1650
18720;333175;1137
18721;335681;2506
18722;336777;1096
18723;337702;925
18724;339604;1902
18725;341619;2015
18726;342678;1059
18727;344877;2199
18728;346817;1940
18729;347070;253
18730;347589;519
18731;350539;2950
18732;355431;4892
18733;355964;533
18734;358157;2193
18735;360546;2389
18736;360563;17
18737;361154;591
18738;362843;1689
18739;365393;2550
18740;371306;5913
18741;372754;1448
18742;373362;608
18743;374775;1413
18744;375329;554
18745;377662;2333
18746;380689;3027
18747;381862;1173
18748;384589;2727
18749;387299;2710
18750;388046;747
18751;391242;3196
18752;393048;1806
18753;395327;2279
18754;396888;1561
18755;398921;2033
18756;400296;1375
18757;402060;1764
18758;402595;535
18759;404632;2037
18760;405783;1151
18761;407002;1219
18762;409520;2518
18763;410129;609
18764;410870;741
18765;411466;596
