condition;measurement;ncases
18283;0;0
18284;0;0
18285;0;0
18286;0;0
18287;0;0
18288;0;0
18289;0;0
18290;0;0
18291;0;0
18292;0;0
18293;0;0
18294;0;0
18295;0;0
18296;0;0
18297;0;0
18298;0;0
18299;0;0
18300;0;0
18301;0;0
18302;0;0
18303;0;0
18304;0;0
18305;0;0
18306;0;0
18307;0;0
18308;0;0
18309;0;0
18310;0;0
18311;0;0
18312;0;0
18313;0;0
18314;0;0
18315;0;0
18316;0;0
18317;0;0
18318;0;0
18319;0;0
18320;0;0
18321;0;0
18322;0;0
18323;0;0
18324;0;0
18325;0;0
18326;0;0
18327;0;0
18328;0;0
18329;0;0
18330;0;0
18331;0;0
18332;0;0
18333;0;0
18334;0;0
18335;0;0
18336;0;0
18337;0;0
18338;0;0
18339;0;0
18340;1;1
18341;1;0
18342;3;2
18343;3;0
18344;3;0
18345;5;2
18346;9;4
18347;13;4
18348;13;0
18349;19;6
18350;24;5
18351;30;6
18352;32;2
18353;32;0
18354;41;9
18355;46;5
18356;56;10
18357;62;6
18358;69;7
18359;78;9
18360;93;15
18361;103;10
18362;117;14
18363;118;1
18364;125;7
18365;137;12
18366;149;12
18367;159;10
18368;164;5
18369;177;13
18370;190;13
18371;201;11
18372;218;17
18373;225;7
18374;237;12
18375;250;13
18376;274;24
18377;274;0
18378;298;24
18379;323;25
18380;345;22
18381;377;32
18382;395;18
18383;424;29
18384;446;22
18385;490;44
18386;555;65
18387;587;32
18388;633;46
18389;695;62
18390;742;47
18391;784;42
18392;889;105
18393;958;69
18394;998;40
18395;1037;39
18396;1112;75
18397;1210;98
18398;1265;55
18399;1338;73
18400;1413;75
18401;1498;85
18402;1571;73
18403;1640;69
18404;1725;85
18405;1819;94
18406;1915;96
18407;1983;68
18408;2042;59
18409;2109;67
18410;2194;85
18411;2278;84
18412;2395;117
18413;2517;122
18414;2582;65
18415;2653;71
18416;2705;52
18417;2781;76
18418;2849;68
18419;2934;85
18420;3015;81
18421;3104;89
18422;3191;87
18423;3274;83
18424;3373;99
18425;3481;108
18426;3603;122
18427;3720;117
18428;3826;106
18429;3941;115
18430;4066;125
18431;4200;134
18432;4329;129
18433;4475;146
18434;4626;151
18435;4808;182
18436;4973;165
18437;5150;177
18438;5336;186
18439;5517;181
18440;5727;210
18441;5934;207
18442;6173;239
18443;6438;265
18444;6736;298
18445;7000;264
18446;7267;267
18447;7507;240
18448;7777;270
18449;8027;250
18450;8307;280
18451;8566;259
18452;8844;278
18453;9142;298
18454;9391;249
18455;9674;283
18456;9978;304
18457;10303;325
18458;10645;342
18459;10957;312
18460;11207;250
18461;11508;301
18462;11846;338
18463;12207;361
18464;12582;375
18465;12975;393
18466;13377;402
18467;13792;415
18468;14221;429
18469;14630;409
18470;15035;405
18471;15446;411
18472;15841;395
18473;16230;389
18474;16632;402
18475;17050;418
18476;17448;398
18477;17843;395
18478;18262;419
18479;18701;439
18480;19126;425
18481;19544;418
18482;19978;434
18483;20423;445
18484;20872;449
18485;21269;397
18486;21644;375
18487;21993;349
18488;22314;321
18489;22619;305
18490;22912;293
18491;23193;281
18492;23462;269
18493;23717;255
18494;23964;247
18495;24200;236
18496;24420;220
18497;24622;202
18498;24811;189
18499;24986;175
18500;25140;154
18501;25284;144
18502;25415;131
18503;25537;122
18504;25635;98
18505;25729;94
18506;25820;91
18507;25904;84
18508;26000;96
18509;26099;99
18510;26206;107
18511;26308;102
18512;26413;105
18513;26511;98
18514;26602;91
18515;26688;86
18516;26773;85
18517;26851;78
18518;26928;77
18519;27009;81
18520;27088;79
18521;27163;75
18522;27249;86
18523;27346;97
18524;27428;82
18525;27553;125
18526;27798;245
18527;27954;156
18528;28201;247
18529;28415;214
18530;28630;215
18531;28722;92
18532;28630;-92
18533;28809;179
18534;28981;172
18535;29077;96
18536;29175;98
18537;29269;94
18538;29358;89
18539;29450;92
18540;29539;89
18541;29634;95
18542;29737;103
18543;29842;105
18544;29951;109
18545;30070;119
18546;30196;126
18547;30335;139
18548;30480;145
18549;30766;286
18550;31061;295
18551;31265;204
18552;31456;191
18553;31666;210
18554;31826;160
18555;31975;149
18556;32120;145
18557;32262;142
18558;32421;159
18559;32585;164
18560;32752;167
18561;32925;173
18562;33090;165
18563;33264;174
18564;33445;181
18565;33631;186
18566;33826;195
18567;34015;189
18568;34214;199
18569;34404;190
18570;34577;173
18571;34782;205
18572;34966;184
18573;35145;179
18574;35326;181
18575;35509;183
18576;35684;175
18577;35862;178
18578;36030;168
18579;36195;165
18580;36358;163
18581;36516;158
18582;36669;153
18583;36819;150
18584;36965;146
18585;37109;144
18586;37250;141
18587;37404;154
18588;37562;158
18589;37719;157
18590;37884;165
18591;38058;174
18592;38228;170
18593;38405;177
18594;38586;181
18595;38758;172
18596;38941;183
18597;39130;189
18598;39327;197
18599;39515;188
18600;39718;203
18601;39930;212
18602;40131;201
18603;40345;214
18604;40551;206
18605;40741;190
18606;40946;205
18607;41163;217
18608;41394;231
18609;41631;237
18610;41880;249
18611;42132;252
18612;42397;265
18613;42641;244
18614;42914;273
18615;43195;281
18616;43477;282
18617;43772;295
18618;44058;286
18619;44328;270
18620;44619;291
18621;44892;273
18622;44892;0
18623;45157;265
18624;45415;258
18625;45684;269
18626;45960;276
18627;46242;282
18628;46515;273
18629;46803;288
18630;46803;0
18631;47087;284
18632;47355;268
18633;47645;290
18634;47948;303
18635;48255;307
18636;48574;319
18637;48905;331
18638;49224;319
18639;49539;315
18640;49859;320
18641;50157;298
18642;50467;310
18643;50784;317
18644;51107;323
18645;51437;330
18646;51772;335
18647;52094;322
18648;52388;294
18649;52672;284
18650;52949;277
18651;53218;269
18652;53479;261
18653;53738;259
18654;53989;251
18655;54241;252
18656;54488;247
18657;54723;235
18658;54966;243
18659;55195;229
18660;55416;221
18661;55623;207
18662;55821;198
18663;56025;204
18664;56237;212
18665;56442;205
18666;56653;211
18667;56859;206
18668;57046;187
18669;57229;183
18670;57428;199
18671;57638;210
18672;57839;201
18673;58023;184
18674;58200;177
18675;58374;174
18676;58546;172
18677;58728;182
18678;58903;175
18679;59071;168
18680;59235;164
18681;59396;161
18682;59555;159
18683;59712;157
18684;59866;154
18685;60021;155
18686;60181;160
18687;60337;156
18688;60491;154
18689;60640;149
18690;60800;160
18691;60952;152
18692;61101;149
18693;61251;150
18694;61398;147
18695;61539;141
18696;61677;138
18697;61814;137
18698;61947;133
18699;62086;139
18700;62229;143
18701;62377;148
18702;62531;154
18703;62691;160
18704;62853;162
18705;63017;164
18706;63188;171
18707;63344;156
18708;63490;146
18709;63631;141
18710;63766;135
18711;63900;134
18712;64039;139
18713;64168;129
18714;64298;130
18715;64431;133
18716;64573;142
18717;64726;153
18718;64875;149
18719;65030;155
18720;65180;150
18721;65337;157
18722;65491;154
18723;65491;0
18724;65491;0
18725;65491;0
18726;65491;0
18727;65491;0
18728;66489;998
18729;66489;0
18730;66816;327
18731;66956;140
18732;67099;143
18733;67249;150
18734;67404;155
18735;67557;153
18736;67557;0
18737;67851;294
18738;68007;156
18739;68161;154
18740;68318;157
18741;68468;150
18742;68468;0
18743;68468;0
18744;68922;454
18745;68922;0
18746;69198;276
18747;69198;0
18748;69198;0
18749;69198;0
18750;69727;529
18751;69727;0
18752;69997;270
18753;69997;0
18754;70255;258
18755;70255;0
18756;70380;125
18757;70380;0
18758;70380;0
18759;70915;535
18760;70915;0
18761;70915;0
18762;71330;415
18763;71479;149
18764;71479;0
18765;71479;0
