condition;measurement;ncases
18283;0;0
18284;0;0
18285;2;2
18286;3;1
18287;3;0
18288;3;0
18289;4;1
18290;5;1
18291;5;0
18292;5;0
18293;6;1
18294;6;0
18295;6;0
18296;6;0
18297;6;0
18298;6;0
18299;6;0
18300;11;5
18301;11;0
18302;11;0
18303;11;0
18304;11;0
18305;11;0
18306;11;0
18307;12;1
18308;12;0
18309;12;0
18310;12;0
18311;12;0
18312;12;0
18313;12;0
18314;12;0
18315;12;0
18316;12;0
18317;14;2
18318;18;4
18319;38;20
18320;57;19
18321;100;43
18322;130;30
18323;191;61
18324;212;21
18325;288;76
18326;426;138
18327;616;190
18328;948;332
18329;1125;177
18330;1411;286
18331;1783;372
18332;2293;510
18333;2293;0
18334;3681;1388
18335;4496;815
18336;4532;36
18337;6683;2151
18338;7715;1032
18339;9124;1409
18340;10970;1846
18341;12758;1788
18342;14463;1705
18343;16758;2295
18344;20123;3365
18345;22372;2249
18346;25334;2962
18347;29252;3918
18348;33047;3795
18349;37692;4645
18350;40295;2603
18351;44649;4354
18352;52278;7629
18353;57122;4844
18354;59228;2106
18355;64452;5224
18356;47378;-17074
18357;48233;855
18358;50887;2654
18359;47396;-3491
18360;51251;3855
18361;55035;3784
18362;56600;1565
18363;58045;1445
18364;108791;50746
18365;111932;3141
18366;129380;17448
18367;132588;3208
18368;145166;12578
18369;147057;1891
18370;150863;3806
18371;151955;1092
18372;154402;2447
18373;157068;2666
18374;158868;1800
18375;157158;-1710
18376;159969;2811
18377;161647;1678
18378;162280;633
18379;165966;3686
18380;169098;3132
18381;167643;-1455
18382;168861;1218
18383;169387;526
18384;170179;792
18385;170540;361
18386;171102;562
18387;172219;1117
18388;176355;4136
18389;177096;741
18390;177627;531
18391;178156;529
18392;178405;249
18393;178719;314
18394;179472;753
18395;179993;521
18396;180635;642
18397;181148;513
18398;181563;415
18399;181703;140
18400;182147;444
18401;182648;501
18402;183130;482
18403;183397;267
18404;184153;756
18405;184699;546
18406;184260;-439
18407;184585;325
18408;184840;255
18409;185012;172
18410;188355;3343
18411;188949;594
18412;190744;1795
18413;190975;231
18414;191382;407
18415;190735;-647
18416;187509;-3226
18417;191869;4360
18418;192450;581
18419;193022;572
18420;193363;341
18421;193637;274
18422;194190;553
18423;194815;625
18424;195179;364
18425;195981;802
18426;196478;497
18427;196868;390
18428;197004;136
18429;197667;663
18430;198155;488
18431;198741;586
18432;199528;787
18433;200147;619
18434;200490;343
18435;200632;142
18436;201330;698
18437;201598;268
18438;201853;255
18439;203116;1263
18440;203564;448
18441;203158;-406
18442;203803;645
18443;204244;441
18444;205234;990
18445;205773;539
18446;206312;539
18447;206670;358
18448;206681;11
18449;207699;1018
18450;208153;454
18451;208975;822
18452;209419;444
18453;210134;715
18454;210385;251
18455;210401;16
18456;211824;1423
18457;211886;62
18458;212613;727
18459;213182;569
18460;214011;829
18461;214174;163
18462;214178;4
18463;216089;1911
18464;216684;595
18465;217605;921
18466;218841;1236
18467;219932;1091
18468;220020;88
18469;220020;0
18470;222508;2488
18471;223072;564
18472;224542;1470
18473;225931;1389
18474;227239;1308
18475;227302;63
18476;227305;3
18477;230665;3360
18478;231636;971
18479;233344;1708
18480;234945;1601
18481;237332;2387
18482;237402;70
18483;237437;35
18484;242168;4731
18485;243582;1414
18486;246180;2598
18487;248858;2678
18488;251781;2923
18489;254991;3210
18490;257994;3003
18491;258644;650
18492;260763;2119
18493;264535;3772
18494;269335;4800
18495;274344;5009
18496;277818;3474
18497;282498;4680
18498;284474;1976
18499;288090;3616
18500;288377;287
18501;299580;11203
18502;307221;7641
18503;312681;5460
18504;318047;5366
18505;321160;3113
18506;326264;5104
18507;333377;7113
18508;340499;7122
18509;349333;8834
18510;357927;8594
18511;364943;7016
18512;369209;4266
18513;375947;6738
18514;384566;8619
18515;394328;9762
18516;403837;9509
18517;415174;11337
18518;421519;6345
18519;427915;6396
18520;435741;7826
18521;445932;10191
18522;456171;10239
18523;469404;13233
18524;482964;13560
18525;493500;10536
18526;499039;5539
18527;509123;10084
18528;522414;13291
18529;538264;15850
18530;554368;16104
18531;568588;14220
18532;579223;10635
18533;583522;4299
18534;591527;8005
18535;605893;14366
18536;618944;13051
18537;631380;12436
18538;647868;16488
18539;660372;12504
18540;666011;5639
18541;677321;11310
18542;696274;18953
18543;713676;17402
18544;734764;21088
18545;761441;26677
18546;777378;15937
18547;786590;9212
18548;800216;13626
18549;823218;23002
18550;852975;29757
18551;878607;25632
18552;910711;32104
18553;940548;29837
18554;954837;14289
18555;975213;20376
18556;1002635;27422
18557;1043448;40813
18558;1086285;42837
18559;1131550;45265
18560;1138166;6616
18561;1211176;73010
18562;1245658;34482
18563;1283208;37550
18564;1329820;46612
18565;1379294;49474
18566;1414364;35070
18567;1460543;46179
18568;1566634;106091
18569;1639235;72601
18570;1593159;-46076
18571;1650965;57806
18572;1711917;60952
18573;1798572;86655
18574;1837134;38562
18575;1858558;21424
18576;1881171;22613
18577;1917577;36406
18578;1950205;32628
18579;1974270;24065
18580;2006227;31957
18581;2033419;27192
18582;2043469;10050
18583;2089071;45602
18584;2117968;28897
18585;2138704;20736
18586;2161968;23264
18587;2179638;17670
18588;2192768;13130
18589;2197830;5062
18590;2207751;9921
18591;2224505;16754
18592;2237506;13001
18593;2250280;12774
18594;2262757;12477
18595;2272520;9763
18596;2276874;4354
18597;2285238;8364
18598;2299466;14228
18599;2312253;12787
18600;2323764;11511
18601;2336646;12882
18602;2347595;10949
18603;2351006;3411
18604;2365043;14037
18605;2379718;14675
18606;2393590;13872
18607;2407079;13489
18608;2421026;13947
18609;2432559;11533
18610;2435751;3192
18611;2447406;11655
18612;2465126;17720
18613;2483524;18398
18614;2499529;16005
18615;2516957;17428
18616;2529756;12799
18617;2535716;5960
18618;2547577;11861
18619;2562615;15038
18620;2584333;21718
18621;2604595;20262
18622;2607688;3093
18623;2616510;8822
18624;2619616;3106
18625;2631110;11494
18626;2657624;26514
18627;2677666;20042
18628;2697014;19348
18629;2700480;3466
18630;2712975;12495
18631;2717059;4084
18632;2737884;20825
18633;2763116;25232
18634;2784883;21767
18635;2804743;19860
18636;2824920;20177
18637;2840864;15944
18638;2844680;3816
18639;2864360;19680
18640;2888292;23932
18641;2909723;21431
18642;2931040;21317
18643;2952449;21409
18644;2969091;16642
18645;2972889;3798
18646;2996784;23895
18647;3023661;26877
18648;3046371;22710
18649;3069695;23324
18650;3093619;23924
18651;3112055;18436
18652;3116355;4300
18653;3138498;22143
18654;3165449;26951
18655;3189405;23956
18656;3212640;23235
18657;3236685;24045
18658;3255920;19235
18659;3260308;4388
18660;3283645;23337
18661;3310051;26406
18662;3310071;20
18663;3355678;45607
18664;3376266;20588
18665;3395981;19715
18666;3400324;4343
18667;3419210;18886
18668;3444888;25678
18669;3465964;21076
18670;3486673;20709
18671;3507904;21231
18672;3524450;16546
18673;3528856;4406
18674;3548452;19596
18675;3573638;25186
18676;3596156;22518
18677;3620283;24127
18678;3642654;22371
18679;3664700;22046
18680;3669354;4654
18681;3689534;20180
18682;3721061;31527
18683;3746475;25414
18684;3771691;25216
18685;3795687;23996
18686;3815639;19952
18687;3820369;4730
18688;3843241;22872
18689;3870144;26903
18690;3895430;25286
18691;3918937;23507
18692;3942243;23306
18693;3964078;21835
18694;3969612;5534
18695;3992755;23143
18696;4022429;29674
18697;4050558;28129
18698;4075735;25177
18699;4105527;29792
18700;4131874;26347
18701;4138345;6471
18702;4168411;30066
18703;4206912;38501
18704;4241973;35061
18705;4277171;35198
18706;4312510;35339
18707;4343097;30587
18708;4358910;15813
18709;4373607;14697
18710;4438999;65392
18711;4484659;45660
18712;4526530;41871
18713;4569164;42634
18714;4606185;37021
18715;4615295;9110
18716;4646014;30719
18717;4705068;59054
18718;4755779;50711
18719;4802457;46678
18720;4802545;88
18721;4883174;80629
18722;4893971;10797
18723;4902025;8054
18724;4902985;960
18725;5000155;97170
18726;5000314;159
18727;5001685;1371
18728;5119585;117900
18729;5128140;8555
18730;5167265;39125
18731;5210772;43507
18732;5248853;38081
18733;5285304;36451
18734;5321176;35872
18735;5350521;29345
18736;5357229;6708
18737;5401305;44076
18738;5436229;34924
18739;5469674;33445
18740;5502014;32340
18741;5534656;32642
18742;5559121;24465
18743;5565080;5959
18744;5595403;30323
18745;5626985;31582
18746;5653533;26548
18747;5677835;24302
18748;5703505;25670
18749;5713393;9888
18750;5717160;3767
18751;5741537;24377
18752;5767541;26004
18753;5789283;21742
18754;5808421;19138
18755;5829166;20745
18756;5838294;9128
18757;5841593;3299
18758;5861384;19791
18759;5882882;21498
18760;5902343;19461
18761;5909386;7043
18762;5925071;15685
18763;5939019;13948
18764;5942370;3351
18765;5959593;17223
