condition;measurement;ncases
18283;0;0
18284;0;0
18285;0;0
18286;0;0
18287;0;0
18288;0;0
18289;0;0
18290;0;0
18291;0;0
18292;0;0
18293;0;0
18294;0;0
18295;0;0
18296;0;0
18297;0;0
18298;0;0
18299;0;0
18300;0;0
18301;0;0
18302;0;0
18303;0;0
18304;0;0
18305;0;0
18306;0;0
18307;0;0
18308;0;0
18309;0;0
18310;0;0
18311;0;0
18312;0;0
18313;0;0
18314;0;0
18315;0;0
18316;0;0
18317;0;0
18318;0;0
18319;0;0
18320;0;0
18321;0;0
18322;0;0
18323;0;0
18324;0;0
18325;0;0
18326;0;0
18327;0;0
18328;0;0
18329;0;0
18330;0;0
18331;0;0
18332;0;0
18333;0;0
18334;0;0
18335;1;1
18336;1;0
18337;1;0
18338;1;0
18339;1;0
18340;1;0
18341;3;2
18342;4;1
18343;5;1
18344;5;0
18345;6;1
18346;6;0
18347;7;1
18348;7;0
18349;7;0
18350;7;0
18351;7;0
18352;16;9
18353;18;2
18354;21;3
18355;21;0
18356;21;0
18357;21;0
18358;24;3
18359;30;6
18360;34;4
18361;44;10
18362;44;0
18363;46;2
18364;49;3
18365;57;8
18366;57;0
18367;80;23
18368;80;0
18369;108;28
18370;108;0
18371;109;1
18372;120;11
18373;156;36
18374;166;10
18375;167;1
18376;172;5
18377;176;4
18378;176;0
18379;211;35
18380;238;27
18381;276;38
18382;276;0
18383;276;0
18384;335;59
18385;335;0
18386;367;32
18387;397;30
18388;397;0
18389;504;107
18390;620;116
18391;661;41
18392;661;0
18393;802;141
18394;863;61
18395;1004;141
18396;1104;100
18397;1209;105
18398;1320;111
18399;1320;0
18400;1432;112
18401;1502;70
18402;1567;65
18403;1567;0
18404;1728;161
18405;1934;206
18406;1934;0
18407;2135;201
18408;2238;103
18409;2319;81
18410;2431;112
18411;2613;182
18412;2655;42
18413;2655;0
18414;2655;0
18415;2803;148
18416;2902;99
18417;2955;53
18418;3101;146
18419;3101;0
18420;3101;0
18421;3101;0
18422;3247;146
18423;3375;128
18424;3463;88
18425;3463;0
18426;3463;0
18427;3463;0
18428;4033;570
18429;4114;81
18430;4229;115
18431;4340;111
18432;4428;88
18433;4428;0
18434;4428;0
18435;4739;311
18436;4849;110
18437;4956;107
18438;5087;131
18439;5209;122
18440;5209;0
18441;5209;0
18442;5394;185
18443;5394;0
18444;5513;119
18445;5513;0
18446;5620;107
18447;5620;0
18448;5620;0
18449;5743;123
18450;5743;0
18451;5871;128
18452;5871;0
18453;5942;71
18454;5942;0
18455;5942;0
18456;6026;84
18457;6026;0
18458;6121;95
18459;6121;0
18460;6315;194
18461;6315;0
18462;6315;0
18463;6433;118
18464;6433;0
18465;6588;155
18466;6588;0
18467;6984;396
18468;6984;0
18469;6984;0
18470;7189;205
18471;7189;0
18472;7352;163
18473;7352;0
18474;7352;0
18475;7531;179
18476;7531;0
18477;7646;115
18478;7646;0
18479;7787;141
18480;7787;0
18481;7923;136
18482;7923;0
18483;7923;0
18484;8006;83
18485;8006;0
18486;8077;71
18487;8077;0
18488;8225;148
18489;8225;0
18490;8225;0
18491;8270;45
18492;8270;0
18493;8319;49
18494;8319;0
18495;8388;69
18496;8388;0
18497;8388;0
18498;8409;21
18499;8409;0
18500;8468;59
18501;8468;0
18502;8505;37
18503;8505;0
18504;8505;0
18505;8533;28
18506;8533;0
18507;8538;5
18508;8538;0
18509;8601;63
18510;8601;0
18511;8601;0
18512;8608;7
18513;8608;0
18514;8621;13
18515;8621;0
18516;8643;22
18517;8643;0
18518;8643;0
18519;8654;11
18520;8654;0
18521;8678;24
18522;8678;0
18523;8696;18
18524;8696;0
18525;8696;0
18526;8704;8
18527;8704;0
18528;8716;12
18529;8716;0
18530;8728;12
18531;8728;0
18532;8728;0
18533;8728;0
18534;8752;24
18535;8766;14
18536;8766;0
18537;8797;31
18538;8797;0
18539;8797;0
18540;8808;11
18541;8808;0
18542;8815;7
18543;8815;0
18544;8835;20
18545;8835;0
18546;8835;0
18547;8860;25
18548;8860;0
18549;8869;9
18550;8869;0
18551;8881;12
18552;8881;0
18553;8881;0
18554;8884;3
18555;8884;0
18556;8901;17
18557;8901;0
18558;8919;18
18559;8919;0
18560;8919;0
18561;8937;18
18562;8937;0
18563;8957;20
18564;8957;0
18565;8968;11
18566;8968;0
18567;8968;0
18568;8984;16
18569;8984;0
18570;9005;21
18571;9005;0
18572;9022;17
18573;9022;0
18574;9022;0
18575;9029;7
18576;9029;0
18577;9048;19
18578;9048;0
18579;9062;14
18580;9062;0
18581;9062;0
18582;9084;22
18583;9084;0
18584;9084;0
18585;9116;32
18586;9131;15
18587;9131;0
18588;9131;0
18589;9150;19
18590;9150;0
18591;9173;23
18592;9173;0
18593;9191;18
18594;9191;0
18595;9191;0
18596;9214;23
18597;9214;0
18598;9239;25
18599;9239;0
18600;9254;15
18601;9254;0
18602;9254;0
18603;9278;24
18604;9278;0
18605;9300;22
18606;9300;0
18607;9330;30
18608;9330;0
18609;9330;0
18610;9351;21
18611;9351;0
18612;9373;22
18613;9373;0
18614;9400;27
18615;9400;0
18616;9400;0
18617;9420;20
18618;9420;0
18619;9469;49
18620;9469;0
18621;9497;28
18622;9497;0
18623;9497;0
18624;9510;13
18625;9510;0
18626;9571;61
18627;9571;0
18628;9571;0
18629;9571;0
18630;9571;0
18631;9605;34
18632;9605;0
18633;9641;36
18634;9641;0
18635;9694;53
18636;9694;0
18637;9694;0
18638;9740;46
18639;9740;0
18640;9819;79
18641;9819;0
18642;9899;80
18643;9899;0
18644;9899;0
18645;10019;120
18646;10019;0
18647;10120;101
18648;10120;0
18649;10278;158
18650;10278;0
18651;10278;0
18652;10411;133
18653;10411;0
18654;10536;125
18655;10536;0
18656;10748;212
18657;10748;0
18658;10748;0
18659;10952;204
18660;10952;0
18661;11129;177
18662;11129;0
18663;11457;328
18664;11457;0
18665;11457;0
18666;11836;379
18667;11836;0
18668;12171;335
18669;12171;0
18670;12577;406
18671;12577;0
18672;12577;0
18673;12865;288
18674;12865;0
18675;13107;242
18676;13107;0
18677;13553;446
18678;13553;0
18679;13553;0
18680;13884;331
18681;13884;0
18682;14234;350
18683;14234;0
18684;14564;330
18685;14564;0
18686;14564;0
18687;14849;285
18688;14849;0
18689;15254;405
18690;15254;0
18691;15254;0
18692;15625;371
18693;15625;0
18694;16015;390
18695;16015;0
18696;16313;298
18697;16313;0
18698;16660;347
18699;16660;0
18700;16660;0
18701;16945;285
18702;16945;0
18703;17297;352
18704;17297;0
18705;17711;414
18706;17711;0
18707;17711;0
18708;18078;367
18709;18078;0
18710;18426;348
18711;18426;0
18712;18426;0
18713;18777;351
18714;18777;0
18715;19140;363
18716;19140;0
18717;19550;410
18718;19550;0
18719;19863;313
18720;19863;0
18721;19863;0
18722;19863;0
18723;19863;0
18724;20265;402
18725;20265;0
18726;20636;371
18727;20636;0
18728;20636;0
18729;20971;335
18730;20971;0
18731;21566;595
18732;21566;0
18733;21566;0
18734;21858;292
18735;21858;0
18736;22032;174
18737;22032;0
18738;22228;196
18739;22228;0
18740;22433;205
18741;22433;0
18742;22433;0
18743;22568;135
18744;22568;0
18745;22568;0
18746;22818;250
18747;23075;257
18748;23075;0
18749;23075;0
18750;23201;126
18751;23201;0
18752;23201;0
18753;23201;0
18754;23311;110
18755;23432;121
18756;23432;0
18757;23565;133
18758;23565;0
18759;23734;169
18760;23734;0
18761;23799;65
18762;23799;0
18763;23799;0
18764;23909;110
18765;23909;0
