condition;measurement;ncases
18283;0;0
18284;0;0
18285;0;0
18286;0;0
18287;0;0
18288;1;1
18289;4;3
18290;4;0
18291;4;0
18292;5;1
18293;8;3
18294;10;2
18295;12;2
18296;12;0
18297;12;0
18298;12;0
18299;13;1
18300;13;0
18301;14;1
18302;14;0
18303;16;2
18304;16;0
18305;16;0
18306;16;0
18307;16;0
18308;16;0
18309;16;0
18310;16;0
18311;16;0
18312;16;0
18313;16;0
18314;16;0
18315;16;0
18316;16;0
18317;17;1
18318;27;10
18319;46;19
18320;48;2
18321;79;31
18322;130;51
18323;159;29
18324;196;37
18325;262;66
18326;482;220
18327;670;188
18328;799;129
18329;1040;241
18330;1176;136
18331;1457;281
18332;1908;451
18333;2078;170
18334;3675;1597
18335;4585;910
18336;5795;1210
18337;7272;1477
18338;9257;1985
18339;12327;3070
18340;15320;2993
18341;19848;4528
18342;22213;2365
18343;24873;2660
18344;29056;4183
18345;32986;3930
18346;37323;4337
18347;43938;6615
18348;50871;6933
18349;57695;6824
18350;62095;4400
18351;66885;4790
18352;71808;4923
18353;77872;6064
18354;84794;6922
18355;91159;6365
18356;96092;4933
18357;100123;4031
18358;103374;3251
18359;107663;4289
18360;113296;5633
18361;118181;4885
18362;122171;3990
18363;124908;2737
18364;127854;2946
18365;130072;2218
18366;131359;1287
18367;134753;3394
18368;137698;2945
18369;141397;3699
18370;143342;1945
18371;145184;1842
18372;147065;1881
18373;148291;1226
18374;150648;2357
18375;153129;2481
18376;154999;1870
18377;156513;1514
18378;157770;1257
18379;158758;988
18380;159912;1154
18381;161539;1627
18382;163009;1470
18383;164077;1068
18384;164967;890
18385;165664;697
18386;166152;488
18387;167007;855
18388;168162;1155
18389;169430;1268
18390;170588;1158
18391;171324;736
18392;171879;555
18393;172576;697
18394;173171;595
18395;174098;927
18396;174478;380
18397;175233;755
18398;175752;519
18399;176369;617
18400;176551;182
18401;177778;1227
18402;178473;695
18403;179021;548
18404;179710;689
18405;179986;276
18406;180328;342
18407;180600;272
18408;181200;600
18409;181524;324
18410;182196;672
18411;182922;726
18412;183189;267
18413;183410;221
18414;183594;184
18415;183879;285
18416;184121;242
18417;184472;351
18418;184924;452
18419;185450;526
18420;185750;300
18421;186109;359
18422;186506;397
18423;186522;16
18424;186691;169
18425;187226;535
18426;187267;41
18427;187518;251
18428;187682;164
18429;188252;570
18430;188604;352
18431;189817;1213
18432;190299;482
18433;190670;371
18434;191272;602
18435;191768;496
18436;192480;712
18437;192871;391
18438;193371;500
18439;194036;665
18440;194458;422
18441;194693;235
18442;195042;349
18443;195418;376
18444;195893;475
18445;196370;477
18446;196780;410
18447;197198;418
18448;197523;325
18449;198064;541
18450;198343;279
18451;198699;356
18452;199001;302
18453;199332;331
18454;199709;377
18455;199919;210
18456;200180;261
18457;200456;276
18458;200890;434
18459;201450;560
18460;202045;595
18461;202426;381
18462;202735;309
18463;203325;590
18464;203717;392
18465;204276;559
18466;204881;605
18467;205623;742
18468;206278;655
18469;206667;389
18470;207112;445
18471;207707;595
18472;208546;839
18473;209535;989
18474;210399;864
18475;211005;606
18476;211220;215
18477;212111;891
18478;212828;717
18479;214113;1285
18480;215039;926
18481;216196;1157
18482;216903;707
18483;217288;385
18484;218508;1220
18485;219540;1032
18486;220859;1319
18487;222281;1422
18488;223791;1510
18489;224488;697
18490;225007;519
18491;226700;1693
18492;228120;1420
18493;229706;1586
18494;231292;1586
18495;233029;1737
18496;233861;832
18497;234494;633
18498;236122;1628
18499;237583;1461
18500;239010;1427
18501;240571;1561
18502;242126;1555
18503;242835;709
18504;243305;470
18505;244802;1497
18506;246015;1213
18507;247411;1396
18508;248840;1429
18509;250283;1443
18510;251058;775
18511;251728;670
18512;253626;1898
18513;254957;1331
18514;256433;1476
18515;258149;1716
18516;259735;1586
18517;260817;1082
18518;261737;920
18519;263222;1485
18520;265014;1792
18521;266869;1855
18522;269048;2179
18523;271247;2199
18524;272932;1685
18525;273965;1033
18526;275560;1595
18527;277412;1852
18528;279025;1613
18529;281346;2321
18530;283712;2366
18531;285026;1314
18532;286339;1313
18533;288631;2292
18534;290471;1840
18535;292913;2442
18536;295539;2626
18537;298374;2835
18538;300027;1653
18539;301573;1546
18540;304673;3100
18541;307127;2454
18542;311137;4010
18543;315941;4804
18544;320495;4554
18545;323463;2968
18546;326309;2846
18547;332850;6541
18548;337314;4464
18549;344487;7173
18550;352107;7620
18551;359802;7695
18552;364664;4862
18553;368671;4007
18554;377068;8397
18555;385591;8523
18556;397922;12331
18557;403874;5952
18558;417350;13476
18559;427808;10458
18560;437698;9890
18561;450258;12560
18562;463419;13161
18563;479621;16202
18564;498354;18733
18565;517736;19382
18566;531790;14054
18567;544346;12556
18568;569598;25252
18569;577131;7533
18570;608611;31480
18571;631172;22561
18572;653992;22820
18573;668114;14122
18574;682624;14510
18575;689146;6522
18576;715693;26547
18577;738094;22401
18578;762832;24738
18579;785093;22261
18580;799733;14640
18581;802946;3213
18582;817526;14580
18583;843757;26231
18584;867484;23727
18585;891525;24041
18586;914118;22593
18587;927990;13872
18588;932367;4377
18589;946822;14455
18590;963192;16370
18591;995879;32687
18592;1017830;21951
18593;1038649;20819
18594;1052494;13845
18595;1055691;3197
18596;1069912;14221
18597;1094678;24766
18598;1117953;23275
18599;1141544;23591
18600;1157514;15970
18601;1183640;26126
18602;1194550;10910
18603;1200006;5456
18604;1229269;29263
18605;1254358;25089
18606;1287092;32734
18607;1314309;27217
18608;1336101;21792
18609;1350810;14709
18610;1357261;6451
18611;1391086;33825
18612;1423830;32744
18613;1454009;30179
18614;1486839;32830
18615;1508518;21679
18616;1514962;6444
18617;1534218;19256
18618;1570371;36153
18619;1604129;33758
18620;1630596;26467
18621;1632736;2140
18622;1646240;13504
18623;1658639;12399
18624;1672643;14004
18625;1692109;19466
18626;1741153;49044
18627;1760520;19367
18628;1762637;2117
18629;1773540;10903
18630;1783896;10356
18631;1796216;12320
18632;1814565;18349
18633;1841228;26663
18634;1886561;45333
18635;1905638;19077
18636;1928462;22824
18637;1929410;948
18638;1941116;11706
18639;1968326;27210
18640;1993892;25566
18641;2015235;21343
18642;2023828;8593
18643;2038645;14817
18644;2050129;11484
18645;2059382;9253
18646;2071615;12233
18647;2100618;29003
18648;2108895;8277
18649;2125261;16366
18650;2137691;12430
18651;2147769;10078
18652;2154656;6887
18653;2164043;9387
18654;2179679;15636
18655;2194562;14883
18656;2207393;12831
18657;2224911;17518
18658;2225659;748
18659;2232327;6668
18660;2240017;7690
18661;2252504;12487
18662;2265536;13032
18663;2276371;10835
18664;2285003;8632
18665;2291673;6670
18666;2296323;4650
18667;2302051;5728
18668;2311297;9246
18669;2321225;9928
18670;2330422;9197
18671;2336906;6484
18672;2341744;4838
18673;2346876;5132
18674;2352766;5890
18675;2362364;9598
18676;2372209;9845
18677;2381259;9050
18678;2388421;7162
18679;2394515;6094
18680;2399499;4984
18681;2405263;5764
18682;2416037;10774
18683;2427069;11032
18684;2436506;9437
18685;2444177;7671
18686;2450295;6118
18687;2455569;5274
18688;2462061;6492
18689;2472913;10852
18690;2484306;11393
18691;2493887;9581
18692;2502151;8264
18693;2508655;6504
18694;2513784;5129
18695;2520618;6834
18696;2541781;21163
18697;2546526;4745
18698;2559296;12770
18699;2569864;10568
18700;2578842;8978
18701;2585385;6543
18702;2603064;17679
18703;2610769;7705
18704;2639258;28489
18705;2654734;15476
18706;2669233;14499
18707;2670001;768
18708;2678262;8261
18709;2699231;20969
18710;2722988;23757
18711;2744608;21620
18712;2765297;20689
18713;2782925;17628
18714;2784652;1727
18715;2794949;10297
18716;2818630;23681
18717;2843644;25014
18718;2866323;22679
18719;2882356;16033
18720;2886029;3673
18721;2896329;10300
18722;2902309;5980
18723;2909902;7593
18724;2940279;30377
18725;2966789;26510
18726;2990724;23935
18727;3009452;18728
18728;3012158;2706
18729;3024604;12446
18730;3054025;29421
18731;3085142;31117
18732;3110252;25110
18733;3134108;23856
18734;3154305;20197
18735;3155522;1217
18736;3167137;11615
18737;3198534;31397
18738;3222888;24354
18739;3254609;31721
18740;3276871;22262
18741;3291293;14422
18742;3306692;15399
18743;3312653;5961
18744;3338564;25911
18745;3366827;28263
18746;3391039;24212
18747;3405365;14326
18748;3423900;18535
18749;3432676;8776
18750;3438186;5510
18751;3462297;24111
18752;3484755;22458
18753;3502672;17917
18754;3517762;15090
18755;3530887;13125
18756;3530887;0
18757;3538208;7321
18758;3557904;19696
18759;3564494;6590
18760;3578125;13631
18761;3588502;10377
18762;3595872;7370
18763;3602939;7067
18764;3608320;5381
18765;3615896;7576
