condition;measurement;ncases
18283;0;0
18284;0;0
18285;0;0
18286;0;0
18287;0;0
18288;0;0
18289;0;0
18290;0;0
18291;0;0
18292;0;0
18293;0;0
18294;0;0
18295;0;0
18296;0;0
18297;0;0
18298;0;0
18299;0;0
18300;0;0
18301;0;0
18302;0;0
18303;0;0
18304;0;0
18305;0;0
18306;0;0
18307;0;0
18308;0;0
18309;0;0
18310;0;0
18311;0;0
18312;0;0
18313;0;0
18314;0;0
18315;0;0
18316;0;0
18317;0;0
18318;0;0
18319;0;0
18320;0;0
18321;0;0
18322;0;0
18323;0;0
18324;0;0
18325;0;0
18326;0;0
18327;0;0
18328;0;0
18329;0;0
18330;0;0
18331;0;0
18332;0;0
18333;0;0
18334;0;0
18335;3;3
18336;6;3
18337;6;0
18338;7;1
18339;7;0
18340;11;4
18341;16;5
18342;19;3
18343;23;4
18344;27;4
18345;53;26
18346;93;40
18347;132;39
18348;137;5
18349;141;4
18350;152;11
18351;152;0
18352;161;9
18353;195;34
18354;204;9
18355;205;1
18356;205;0
18357;214;9
18358;214;0
18359;287;73
18360;313;26
18361;378;65
18362;378;0
18363;408;30
18364;566;158
18365;566;0
18366;636;70
18367;636;0
18368;641;5
18369;641;0
18370;834;193
18371;1042;208
18372;1042;0
18373;1042;0
18374;1154;112
18375;1154;0
18376;1279;125
18377;1279;0
18378;1550;271
18379;1550;0
18380;1671;121
18381;1671;0
18382;2074;403
18383;2074;0
18384;2169;95
18385;2169;0
18386;2719;550
18387;2719;0
18388;3091;372
18389;3091;0
18390;4012;921
18391;4263;251
18392;4263;0
18393;4700;437
18394;5127;427
18395;5408;281
18396;5530;122
18397;5638;108
18398;5735;97
18399;5735;0
18400;5735;0
18401;6096;361
18402;6269;173
18403;6269;0
18404;6486;217
18405;6617;131
18406;6683;66
18407;6808;125
18408;7117;309
18409;7303;186
18410;7303;0
18411;7616;313
18412;7768;152
18413;8070;302
18414;8070;0
18415;8297;227
18416;8548;251
18417;8885;337
18418;9168;283
18419;9462;294
18420;9638;176
18421;9910;272
18422;10201;291
18423;10201;0
18424;10358;157
18425;10856;498
18426;11118;262
18427;11964;846
18428;11964;0
18429;12193;229
18430;12590;397
18431;12929;339
18432;13203;274
18433;13717;514
18434;14154;437
18435;14154;0
18436;14568;414
18437;15013;445
18438;15473;460
18439;15834;361
18440;16431;597
18441;16742;311
18442;17351;609
18443;17741;390
18444;18134;393
18445;18134;0
18446;19388;1254
18447;19388;0
18448;20085;697
18449;21077;992
18450;21968;891
18451;22822;854
18452;23463;641
18453;23834;371
18454;24248;414
18455;24518;270
18456;24988;470
18457;24988;0
18458;25430;442
18459;26125;695
18460;26572;447
18461;27060;488
18462;27667;607
18463;28430;763
18464;28989;559
18465;29672;683
18466;29672;0
18467;31057;1385
18468;31851;794
18469;32969;1118
18470;33624;655
18471;34406;782
18472;35142;736
18473;35142;0
18474;35501;359
18475;37014;1513
18476;37014;0
18477;37812;798
18478;37812;0
18479;39075;1263
18480;39642;567
18481;40097;455
18482;40533;436
18483;41003;470
18484;41212;209
18485;41404;192
18486;41572;168
18487;41725;153
18488;41847;122
18489;42210;363
18490;42532;322
18491;42653;121
18492;42993;340
18493;43094;101
18494;43260;166
18495;43325;65
18496;43325;0
18497;43505;180
18498;43622;117
18499;43717;95
18500;43769;52
18501;43841;72
18502;43949;108
18503;44118;169
18504;44205;87
18505;44298;93
18506;44460;162
18507;44658;198
18508;44713;55
18509;44777;64
18510;44777;0
18511;44777;0
18512;44869;92
18513;45012;143
18514;45313;301
18515;45313;0
18516;45388;75
18517;45434;46
18518;45434;0
18519;45601;167
18520;45655;54
18521;45655;0
18522;45714;59
18523;45760;46
18524;45877;117
18525;46004;127
18526;46062;58
18527;46062;0
18528;46153;91
18529;46222;69
18530;46222;0
18531;46222;0
18532;46387;165
18533;46444;57
18534;46482;38
18535;46626;144
18536;46656;30
18537;46694;38
18538;46803;109
18539;46829;26
18540;46829;0
18541;46829;0
18542;46829;0
18543;46947;118
18544;46987;40
18545;47005;18
18546;47005;0
18547;47030;25
18548;47126;96
18549;47126;0
18550;47173;47
18551;47173;0
18552;47232;59
18553;47310;78
18554;47372;62
18555;47461;89
18556;47461;0
18557;47538;77
18558;47601;63
18559;47690;89
18560;47690;0
18561;47775;85
18562;47775;0
18563;47775;0
18564;48055;280
18565;48055;0
18566;48055;0
18567;48124;69
18568;48200;76
18569;48200;0
18570;48643;443
18571;48788;145
18572;48788;0
18573;48904;116
18574;49102;198
18575;49202;100
18576;49302;100
18577;49302;0
18578;49957;655
18579;50018;61
18580;50018;0
18581;50123;105
18582;50376;253
18583;50376;0
18584;50457;81
18585;50631;174
18586;50631;0
18587;50717;86
18588;50874;157
18589;50941;67
18590;51184;243
18591;51225;41
18592;51225;0
18593;51225;0
18594;51379;154
18595;51569;190
18596;51667;98
18597;51667;0
18598;51667;0
18599;51667;0
18600;52096;429
18601;52096;0
18602;52274;178
18603;52274;0
18604;52500;226
18605;52622;122
18606;52738;116
18607;52738;0
18608;52933;195
18609;52933;0
18610;53014;81
18611;53270;256
18612;53386;116
18613;53553;167
18614;53653;100
18615;53653;0
18616;53653;0
18617;53954;301
18618;53954;0
18619;54043;89
18620;54043;0
18621;54043;0
18622;54286;243
18623;54401;115
18624;54503;102
18625;54681;178
18626;54771;90
18627;54771;0
18628;54930;159
18629;55064;134
18630;55168;104
18631;55168;0
18632;55168;0
18633;55168;0
18634;55461;293
18635;55461;0
18636;55772;311
18637;55772;0
18638;56230;458
18639;56421;191
18640;56981;560
18641;56981;0
18642;56981;0
18643;56981;0
18644;57714;733
18645;58065;351
18646;58431;366
18647;58431;0
18648;59480;1049
18649;59480;0
18650;60115;635
18651;60794;679
18652;62135;1341
18653;62135;0
18654;62751;616
18655;63883;1132
18656;63883;0
18657;65427;1544
18658;67010;1583
18659;67010;0
18660;67782;772
18661;68559;777
18662;69255;696
18663;70046;791
18664;70046;0
18665;70768;722
18666;72328;1560
18667;73003;675
18668;73003;0
18669;73557;554
18670;74347;790
18671;75836;1489
18672;75836;0
18673;76492;656
18674;77046;554
18675;78271;1225
18676;78689;418
18677;79165;476
18678;79655;490
18679;80253;598
18680;80759;506
18681;80759;0
18682;81245;486
18683;81673;428
18684;82586;913
18685;82586;0
18686;84023;1437
18687;84023;0
18688;84023;0
18689;84349;326
18690;85239;890
18691;85239;0
18692;86092;853
18693;86465;373
18694;86465;0
18695;86737;272
18696;86737;0
18697;86737;0
18698;86737;0
18699;87480;743
18700;87762;282
18701;87985;223
18702;88228;243
18703;88421;193
18704;88421;0
18705;89008;587
18706;89276;268
18707;89682;406
18708;89682;0
18709;89893;211
18710;89893;0
18711;89999;106
18712;90287;288
18713;90287;0
18714;90287;0
18715;90287;0
18716;90287;0
18717;90583;296
18718;90583;0
18719;90674;91
18720;90674;0
18721;90782;108
18722;90900;118
18723;90946;46
18724;91009;63
18725;91109;100
18726;91109;0
18727;91260;151
18728;91260;0
18729;91260;0
18730;91410;150
18731;91477;67
18732;91545;68
18733;91545;0
18734;91663;118
18735;91709;46
18736;91709;0
18737;91709;0
18738;91783;74
18739;91928;145
18740;91928;0
18741;91928;0
18742;92166;238
18743;92253;87
18744;92464;211
18745;92513;49
18746;92562;49
18747;92562;0
18748;92601;39
18749;92601;0
18750;92683;82
18751;92740;57
18752;92828;88
18753;92828;0
18754;92856;28
18755;92856;0
18756;92951;95
18757;93011;60
18758;93011;0
18759;93125;114
18760;93159;34
18761;93243;84
18762;93243;0
18763;93243;0
18764;93333;90
18765;93390;57
