condition;measurement;ncases
18283;0;0
18284;0;0
18285;0;0
18286;0;0
18287;0;0
18288;0;0
18289;0;0
18290;0;0
18291;0;0
18292;0;0
18293;0;0
18294;0;0
18295;0;0
18296;0;0
18297;0;0
18298;0;0
18299;0;0
18300;0;0
18301;0;0
18302;0;0
18303;0;0
18304;0;0
18305;0;0
18306;0;0
18307;0;0
18308;0;0
18309;0;0
18310;0;0
18311;0;0
18312;0;0
18313;0;0
18314;0;0
18315;0;0
18316;0;0
18317;0;0
18318;1;1
18319;3;2
18320;4;1
18321;4;0
18322;7;3
18323;7;0
18324;7;0
18325;9;2
18326;31;22
18327;45;14
18328;46;1
18329;73;27
18330;73;0
18331;89;16
18332;99;10
18333;99;0
18334;190;91
18335;228;38
18336;331;103
18337;331;0
18338;387;56
18339;418;31
18340;418;0
18341;495;77
18342;530;35
18343;624;94
18344;695;71
18345;743;48
18346;821;78
18347;892;71
18348;966;74
18349;1061;95
18350;1156;95
18351;1212;56
18352;1314;102
18353;1415;101
18354;1544;129
18355;1613;69
18356;1673;60
18357;1735;62
18358;1755;20
18359;1832;77
18360;1884;52
18361;1955;71
18362;2011;56
18363;2081;70
18364;2114;33
18365;2145;31
18366;2170;25
18367;2192;22
18368;2207;15
18369;2224;17
18370;2235;11
18371;2235;0
18372;2245;10
18373;2401;156
18374;2408;7
18375;2463;55
18376;2490;27
18377;2506;16
18378;2517;11
18379;2534;17
18380;2566;32
18381;2576;10
18382;2591;15
18383;2612;21
18384;2620;8
18385;2626;6
18386;2632;6
18387;2642;10
18388;2663;21
18389;2678;15
18390;2691;13
18391;2710;19
18392;2716;6
18393;2726;10
18394;2744;18
18395;2760;16
18396;2770;10
18397;2810;40
18398;2819;9
18399;2834;15
18400;2836;2
18401;2840;4
18402;2850;10
18403;2853;3
18404;2874;21
18405;2876;2
18406;2878;2
18407;2882;4
18408;2892;10
18409;2903;11
18410;2906;3
18411;2909;3
18412;2915;6
18413;2917;2
18414;2918;1
18415;2937;19
18416;2937;0
18417;2952;15
18418;2967;15
18419;2980;13
18420;2997;17
18421;3049;52
18422;3058;9
18423;3068;10
18424;3088;20
18425;3108;20
18426;3112;4
18427;3121;9
18428;3134;13
18429;3148;14
18430;3203;55
18431;3227;24
18432;3237;10
18433;3256;19
18434;3266;10
18435;3287;21
18436;3302;15
18437;3310;8
18438;3321;11
18439;3343;22
18440;3366;23
18441;3376;10
18442;3390;14
18443;3409;19
18444;3432;23
18445;3458;26
18446;3486;28
18447;3511;25
18448;3519;8
18449;3562;43
18450;3589;27
18451;3622;33
18452;3672;50
18453;3732;60
18454;3772;40
18455;3803;31
18456;3826;23
18457;3883;57
18458;3910;27
18459;3939;29
18460;3964;25
18461;3983;19
18462;4007;24
18463;4012;5
18464;4048;36
18465;4077;29
18466;4110;33
18467;4135;25
18468;4166;31
18469;4193;27
18470;4227;34
18471;4279;52
18472;4336;57
18473;4401;65
18474;4477;76
18475;4587;110
18476;4662;75
18477;4737;75
18478;4855;118
18479;4974;119
18480;5123;149
18481;5270;147
18482;5421;151
18483;5623;202
18484;5749;126
18485;5942;193
18486;6177;235
18487;6381;204
18488;6632;251
18489;6858;226
18490;7075;217
18491;7222;147
18492;7472;250
18493;7684;212
18494;7934;250
18495;8138;204
18496;8381;243
18497;8664;283
18498;8819;155
18499;8987;168
18500;9280;293
18501;9531;251
18502;9800;269
18503;9977;177
18504;10134;157
18505;10317;183
18506;10524;207
18507;10757;233
18508;10998;241
18509;11200;202
18510;11386;186
18511;11524;138
18512;11663;139
18513;11832;169
18514;12080;248
18515;12452;372
18516;12734;282
18517;13036;302
18518;13240;204
18519;13420;180
18520;13730;310
18521;14041;311
18522;14400;359
18523;14738;338
18524;14978;240
18525;15142;164
18526;15595;453
18527;15928;333
18528;16286;358
18529;16627;341
18530;16913;286
18531;17228;315
18532;17444;216
18533;17707;263
18534;18123;416
18535;18475;352
18536;18886;411
18537;19346;460
18538;19613;267
18539;19842;229
18540;20142;300
18541;20541;399
18542;20947;406
18543;21381;434
18544;21772;391
18545;22078;306
18546;22358;280
18547;22652;294
18548;23060;408
18549;23495;435
18550;23947;452
18551;24450;503
18552;24932;482
18553;25370;438
18554;25802;432
18555;26469;667
18556;27334;865
18557;28216;882
18558;29057;841
18559;29992;935
18560;30782;790
18561;31496;714
18562;32752;1256
18563;34299;1547
18564;35510;1211
18565;37196;1686
18566;39251;2055
18567;40929;1678
18568;42080;1151
18569;44246;2166
18570;46892;2646
18571;49807;2915
18572;52254;2447
18573;54809;2555
18574;56698;1889
18575;58187;1489
18576;60570;2383
18577;63321;2751
18578;66637;3316
18579;69675;3038
18580;72510;2835
18581;74205;1695
18582;76403;2198
18583;78825;2422
18584;82034;3209
18585;85261;3227
18586;87812;2551
18587;90121;2309
18588;91619;1498
18589;93006;1387
18590;95137;2131
18591;97288;2151
18592;99306;2018
18593;101287;1981
18594;103034;1747
18595;104227;1193
18596;105271;1044
18597;107470;2199
18598;109655;2185
18599;111537;1882
18600;113185;1648
18601;114568;1383
18602;115471;903
18603;116721;1250
18604;118045;1324
18605;119720;1675
18606;121253;1533
18607;122648;1395
18608;123842;1194
18609;124534;692
18610;125173;639
18611;126372;1199
18612;127557;1185
18613;128710;1153
18614;129584;874
18615;130485;901
18616;131072;587
18617;131597;525
18618;132430;833
18619;133365;935
18620;134235;870
18621;134852;617
18622;135114;262
18623;135456;342
18624;135931;475
18625;136976;1045
18626;137918;942
18627;138850;932
18628;139447;597
18629;139709;262
18630;140099;390
18631;140526;427
18632;141453;927
18633;142267;814
18634;142777;510
18635;143494;717
18636;144293;799
18637;144738;445
18638;145179;441
18639;146020;841
18640;146688;668
18641;147283;595
18642;147860;577
18643;148370;510
18644;148607;237
18645;148925;318
18646;149462;537
18647;149973;511
18648;150479;506
18649;151041;562
18650;151646;605
18651;151980;334
18652;152412;432
18653;153226;814
18654;154083;857
18655;154796;713
18656;155678;882
18657;156473;795
18658;156957;484
18659;157495;538
18660;158716;1221
18661;159866;1150
18662;160935;1069
18663;162107;1172
18664;163213;1106
18665;163946;733
18666;164575;629
18667;166067;1492
18668;167549;1482
18669;168872;1323
18670;170244;1372
18671;171466;1222
18672;172128;662
18673;172824;696
18674;173905;1081
18675;174659;754
18676;176059;1400
18677;177494;1435
18678;178918;1424
18679;179802;884
18680;180672;870
18681;182783;2111
18682;184686;1903
18683;186469;1783
18684;188201;1732
18685;189831;1630
18686;191100;1269
18687;192270;1170
18688;194582;2312
18689;197279;2697
18690;199496;2217
18691;201677;2181
18692;203978;2301
18693;205120;1142
18694;206281;1161
18695;209462;3181
18696;212091;2629
18697;214661;2570
18698;217018;2357
18699;219521;2503
18700;221147;1626
18701;222281;1134
18702;223789;1508
18703;227247;3458
18704;230317;3070
18705;233079;2762
18706;235611;2532
18707;237125;1514
18708;238830;1705
18709;242347;3517
18710;245405;3058
18711;247992;2587
18712;249458;1466
18713;252590;3132
18714;254031;1441
18715;255755;1724
18716;260077;4322
18717;263689;3612
18718;267172;3483
18719;270230;3058
18720;273459;3229
18721;275414;1955
18722;277277;1863
18723;281570;4293
18724;285015;3445
18725;288230;3215
18726;290964;2734
18727;293763;2799
18728;295480;1717
18729;297086;1606
18730;301103;4017
18731;304184;3081
18732;308006;3822
18733;311033;3027
18734;313444;2411
18735;315273;1829
18736;316879;1606
18737;320629;3750
18738;323639;3010
18739;326395;2756
18740;329134;2739
18741;331730;2596
18742;333129;1399
18743;334436;1307
18744;337723;3287
18745;340493;2770
18746;342908;2415
18747;345033;2125
18748;346422;1389
18749;346422;0
18750;348568;2146
18751;349936;1368
18752;352027;2091
18753;355445;3418
18754;358116;2671
18755;360577;2461
18756;362004;1427
18757;363904;1900
18758;367076;3172
18759;369554;2478
18760;371712;2158
18761;373881;2169
18762;375831;1950
18763;377090;1259
18764;378485;1395
18765;381266;2781
