condition;measurement;ncases
18283;0;0
18284;0;0
18285;0;0
18286;0;0
18287;0;0
18288;0;0
18289;0;0
18290;0;0
18291;0;0
18292;0;0
18293;0;0
18294;0;0
18295;0;0
18296;0;0
18297;0;0
18298;0;0
18299;0;0
18300;0;0
18301;0;0
18302;0;0
18303;0;0
18304;0;0
18305;0;0
18306;0;0
18307;0;0
18308;0;0
18309;0;0
18310;0;0
18311;0;0
18312;0;0
18313;0;0
18314;0;0
18315;0;0
18316;0;0
18317;0;0
18318;0;0
18319;0;0
18320;0;0
18321;0;0
18322;0;0
18323;0;0
18324;0;0
18325;0;0
18326;0;0
18327;0;0
18328;0;0
18329;0;0
18330;0;0
18331;0;0
18332;0;0
18333;0;0
18334;0;0
18335;1;1
18336;1;0
18337;2;1
18338;6;4
18339;6;0
18340;9;3
18341;12;3
18342;17;5
18343;19;2
18344;20;1
18345;21;1
18346;24;3
18347;25;1
18348;28;3
18349;34;6
18350;34;0
18351;36;2
18352;38;2
18353;39;1
18354;47;8
18355;50;3
18356;61;11
18357;61;0
18358;70;9
18359;77;7
18360;87;10
18361;95;8
18362;126;31
18363;137;11
18364;155;18
18365;156;1
18366;167;11
18367;180;13
18368;196;16
18369;214;18
18370;235;21
18371;257;22
18372;289;32
18373;294;5
18374;316;22
18375;384;68
18376;430;46
18377;473;43
18378;500;27
18379;530;30
18380;530;0
18381;557;27
18382;599;42
18383;644;45
18384;688;44
18385;703;15
18386;730;27
18387;763;33
18388;798;35
18389;832;34
18390;900;68
18391;967;67
18392;1052;85
18393;1114;62
18394;1199;85
18395;1342;143
18396;1518;176
18397;1643;125
18398;1763;120
18399;1763;0
18400;1912;149
18401;2133;221
18402;2265;132
18403;2512;247
18404;2743;231
18405;3054;311
18406;3424;370
18407;3760;336
18408;3954;194
18409;4145;191
18410;4348;203
18411;4607;259
18412;4739;132
18413;5087;348
18414;5336;249
18415;5586;250
18416;5760;174
18417;6154;394
18418;6485;331
18419;6792;307
18420;7055;263
18421;7502;447
18422;7866;364
18423;8221;355
18424;8561;340
18425;8982;421
18426;9491;509
18427;9845;354
18428;10272;427
18429;10706;434
18430;11251;545
18431;11868;617
18432;12509;641
18433;12755;246
18434;13145;390
18435;13769;624
18436;14540;771
18437;14819;279
18438;15619;800
18439;15828;209
18440;16397;569
18441;16930;533
18442;17409;479
18443;18096;687
18444;19011;915
18445;20072;1061
18446;21293;1221
18447;22501;1208
18448;23248;747
18449;23972;724
18450;24787;815
18451;25411;624
18452;26658;1247
18453;27619;961
18454;28598;979
18455;29355;757
18456;29742;387
18457;30872;1130
18458;32074;1202
18459;32939;865
18460;33809;870
18461;38042;4233
18462;38677;635
18463;39039;362
18464;40229;1190
18465;41135;906
18466;42192;1057
18467;43283;1091
18468;44492;1209
18469;45053;561
18470;45309;256
18471;46451;1142
18472;47605;1154
18473;48826;1221
18474;49789;963
18475;50979;1190
18476;51306;327
18477;51542;236
18478;52365;823
18479;53509;1144
18480;54339;830
18481;55270;931
18482;56189;919
18483;56605;416
18484;56987;382
18485;57966;979
18486;59089;1123
18487;60284;1195
18488;61428;1144
18489;62313;885
18490;62562;249
18491;62944;382
18492;63847;903
18493;64881;1034
18494;65983;1102
18495;66941;958
18496;67856;915
18497;68188;332
18498;68533;345
18499;69651;1118
18500;70714;1063
18501;71856;1142
18502;72921;1065
18503;73679;758
18504;73912;233
18505;74074;162
18506;74893;819
18507;75644;751
18508;76358;714
18509;77040;682
18510;77481;441
18511;77683;202
18512;77828;145
18513;78721;893
18514;79622;901
18515;80306;684
18516;81009;703
18517;81658;649
18518;81909;251
18519;82172;263
18520;82684;512
18521;82924;240
18522;83664;740
18523;84344;680
18524;85152;808
18525;85444;292
18526;85681;237
18527;86623;942
18528;87442;819
18529;87933;491
18530;88878;945
18531;89702;824
18532;90092;390
18533;90263;171
18534;90968;705
18535;91746;778
18536;92409;663
18537;93090;681
18538;93748;658
18539;93963;215
18540;94182;219
18541;94870;688
18542;95704;834
18543;96480;776
18544;96935;455
18545;97544;609
18546;97715;171
18547;97826;111
18548;98380;554
18549;99094;714
18550;99765;671
18551;100431;666
18552;101028;597
18553;101360;332
18554;101599;239
18555;102219;620
18556;102415;196
18557;103172;757
18558;103902;730
18559;104632;730
18560;104787;155
18561;104894;107
18562;105571;677
18563;106320;749
18564;106790;470
18565;107339;549
18566;107939;600
18567;108104;165
18568;108104;0
18569;108483;379
18570;109147;664
18571;109849;702
18572;110502;653
18573;111050;548
18574;111262;212
18575;111360;98
18576;112129;769
18577;112811;682
18578;113543;732
18579;114123;580
18580;114719;596
18581;114885;166
18582;115032;147
18583;115730;698
18584;116381;651
18585;117066;685
18586;117757;691
18587;118417;660
18588;118629;212
18589;118722;93
18590;119349;627
18591;119989;640
18592;120685;696
18593;121132;447
18594;121798;666
18595;121971;173
18596;122062;91
18597;122774;712
18598;123460;686
18599;124053;593
18600;124805;752
18601;125352;547
18602;125550;198
18603;125674;124
18604;126473;799
18605;127127;654
18606;127786;659
18607;128541;755
18608;129099;558
18609;129282;183
18610;129405;123
18611;130082;677
18612;130828;746
18613;131435;607
18614;132062;627
18615;132595;533
18616;132765;170
18617;132867;102
18618;133601;734
18619;134256;655
18620;134894;638
18621;135080;186
18622;135171;91
18623;135309;138
18624;135441;132
18625;136287;846
18626;137166;879
18627;138012;846
18628;138236;224
18629;138316;80
18630;138475;159
18631;138656;181
18632;139419;763
18633;140202;783
18634;141074;872
18635;142064;990
18636;143127;1063
18637;143243;116
18638;143243;0
18639;144982;1739
18640;145986;1004
18641;146937;951
18642;147560;623
18643;148598;1038
18644;148888;290
18645;149146;258
18646;150277;1131
18647;151324;1047
18648;152395;1071
18649;152956;561
18650;153890;934
18651;154212;322
18652;154430;218
18653;155459;1029
18654;156497;1038
18655;157595;1098
18656;158336;741
18657;159118;782
18658;159504;386
18659;159632;128
18660;160299;667
18661;160966;667
18662;161665;699
18663;162295;630
18664;162937;642
18665;163137;200
18666;163247;110
18667;163993;746
18668;164746;753
18669;165532;786
18670;166283;751
18671;167071;788
18672;167279;208
18673;167383;104
18674;168103;720
18675;168880;777
18676;169610;730
18677;170275;665
18678;170931;656
18679;171170;239
18680;171289;119
18681;172072;783
18682;172764;692
18683;173142;378
18684;173814;672
18685;174335;521
18686;174542;207
18687;174653;111
18688;175411;758
18689;176250;839
18690;176876;626
18691;177716;840
18692;178337;621
18693;178560;223
18694;178770;210
18695;179563;793
18696;180393;830
18697;181143;750
18698;181974;831
18699;182679;705
18700;182881;202
18701;183014;133
18702;183985;971
18703;184934;949
18704;185832;898
18705;186740;908
18706;187659;919
18707;187911;252
18708;188119;208
18709;189067;948
18710;190208;1141
18711;191207;999
18712;192133;926
18713;193050;917
18714;193377;327
18715;193556;179
18716;193834;278
18717;193834;0
18718;194756;922
18719;195036;280
18720;195239;203
18721;195471;232
18722;195680;209
18723;197020;1340
18724;198374;1354
18725;199964;1590
18726;201295;1331
18727;202640;1345
18728;203071;431
18729;203309;238
18730;205322;2013
18731;207127;1805
18732;208694;1567
18733;210667;1973
18734;212307;1640
18735;212734;427
18736;213049;315
18737;214700;1651
18738;216329;1629
18739;218145;1816
18740;219789;1644
18741;221307;1518
18742;221698;391
18743;221939;241
18744;223025;1086
18745;224621;1596
18746;226247;1626
18747;227671;1424
18748;228477;806
18749;228684;207
18750;228871;187
18751;230095;1224
18752;231289;1194
18753;232439;1150
18754;233696;1257
18755;234883;1187
18756;235098;215
18757;235304;206
18758;236266;962
18759;237682;1416
18760;238787;1105
18761;240170;1383
18762;241117;947
18763;241369;252
18764;241528;159
18765;242784;1256
