condition;measurement;ncases
18283;0;0
18284;0;0
18285;0;0
18286;0;0
18287;0;0
18288;0;0
18289;0;0
18290;0;0
18291;0;0
18292;0;0
18293;0;0
18294;0;0
18295;0;0
18296;0;0
18297;0;0
18298;0;0
18299;0;0
18300;0;0
18301;0;0
18302;0;0
18303;0;0
18304;0;0
18305;0;0
18306;0;0
18307;0;0
18308;0;0
18309;0;0
18310;0;0
18311;0;0
18312;0;0
18313;0;0
18314;0;0
18315;0;0
18316;0;0
18317;0;0
18318;0;0
18319;0;0
18320;0;0
18321;0;0
18322;0;0
18323;0;0
18324;0;0
18325;0;0
18326;0;0
18327;0;0
18328;0;0
18329;0;0
18330;0;0
18331;0;0
18332;0;0
18333;1;1
18334;1;0
18335;1;0
18336;4;3
18337;4;0
18338;7;3
18339;7;0
18340;7;0
18341;7;0
18342;7;0
18343;19;12
18344;20;1
18345;5;-15
18346;5;0
18347;5;0
18348;5;0
18349;8;3
18350;8;0
18351;8;0
18352;12;4
18353;19;7
18354;19;0
18355;23;4
18356;23;0
18357;24;1
18358;31;7
18359;33;2
18360;37;4
18361;37;0
18362;37;0
18363;45;8
18364;45;0
18365;45;0
18366;47;2
18367;55;8
18368;55;0
18369;63;8
18370;63;0
18371;65;2
18372;65;0
18373;66;1
18374;67;1
18375;70;3
18376;73;3
18377;73;0
18378;74;1
18379;74;0
18380;74;0
18381;78;4
18382;82;4
18383;82;0
18384;82;0
18385;82;0
18386;92;10
18387;93;1
18388;93;0
18389;93;0
18390;94;1
18391;94;0
18392;104;10
18393;109;5
18394;113;4
18395;113;0
18396;113;0
18397;116;3
18398;117;1
18399;117;0
18400;124;7
18401;125;1
18402;125;0
18403;127;2
18404;127;0
18405;127;0
18406;135;8
18407;137;2
18408;139;2
18409;139;0
18410;150;11
18411;150;0
18412;152;2
18413;153;1
18414;153;0
18415;153;0
18416;153;0
18417;153;0
18418;153;0
18419;154;1
18420;154;0
18421;154;0
18422;156;2
18423;156;0
18424;158;2
18425;159;1
18426;159;0
18427;159;0
18428;159;0
18429;171;12
18430;171;0
18431;183;12
18432;183;0
18433;183;0
18434;184;1
18435;205;21
18436;206;1
18437;209;3
18438;215;6
18439;215;0
18440;230;15
18441;230;0
18442;235;5
18443;245;10
18444;248;3
18445;250;2
18446;256;6
18447;272;16
18448;273;1
18449;273;0
18450;284;11
18451;284;0
18452;286;2
18453;290;4
18454;291;1
18455;297;6
18456;300;3
18457;308;8
18458;313;5
18459;315;2
18460;320;5
18461;327;7
18462;336;9
18463;337;1
18464;339;2
18465;350;11
18466;351;1
18467;352;1
18468;360;8
18469;370;10
18470;389;19
18471;396;7
18472;398;2
18473;401;3
18474;413;12
18475;430;17
18476;474;44
18477;474;0
18478;497;23
18479;509;12
18480;538;29
18481;538;0
18482;554;16
18483;568;14
18484;568;0
18485;602;34
18486;623;21
18487;631;8
18488;649;18
18489;674;25
18490;709;35
18491;709;0
18492;737;28
18493;776;39
18494;846;70
18495;881;35
18496;925;44
18497;955;30
18498;1029;74
18499;1060;31
18500;1093;33
18501;1140;47
18502;1180;40
18503;1184;4
18504;1234;50
18505;1306;72
18506;1373;67
18507;1382;9
18508;1401;19
18509;1401;0
18510;1459;58
18511;1468;9
18512;1560;92
18513;1613;53
18514;1703;90
18515;1750;47
18516;1763;13
18517;1812;49
18518;1853;41
18519;1884;31
18520;1958;74
18521;1958;0
18522;2027;69
18523;2102;75
18524;2168;66
18525;2269;101
18526;2402;133
18527;2437;35
18528;2535;98
18529;2579;44
18530;2709;130
18531;2725;16
18532;2772;47
18533;2787;15
18534;2846;59
18535;2894;48
18536;2929;35
18537;2968;39
18538;2968;0
18539;3093;125
18540;3188;95
18541;3188;0
18542;3292;104
18543;3329;37
18544;3358;29
18545;3405;47
18546;3469;64
18547;3521;52
18548;3565;44
18549;3589;24
18550;3620;31
18551;3672;52
18552;3710;38
18553;3734;24
18554;3765;31
18555;3796;31
18556;3850;54
18557;3877;27
18558;3960;83
18559;3994;34
18560;4023;29
18561;4026;3
18562;4061;35
18563;4074;13
18564;4098;24
18565;4143;45
18566;4162;19
18567;4208;46
18568;4238;30
18569;4245;7
18570;4324;79
18571;4393;69
18572;4457;64
18573;4484;27
18574;4514;30
18575;4524;10
18576;4530;6
18577;4618;88
18578;4662;44
18579;4724;62
18580;4794;70
18581;4823;29
18582;4874;51
18583;4890;16
18584;4914;24
18585;4976;62
18586;5005;29
18587;5093;88
18588;5133;40
18589;5154;21
18590;5189;35
18591;5236;47
18592;5276;40
18593;5310;34
18594;5338;28
18595;5376;38
18596;5406;30
18597;5423;17
18598;5449;26
18599;5528;79
18600;5601;73
18601;5637;36
18602;5665;28
18603;5697;32
18604;5700;3
18605;5732;32
18606;5811;79
18607;5839;28
18608;5879;40
18609;5920;41
18610;5943;23
18611;5973;30
18612;6016;43
18613;6042;26
18614;6076;34
18615;6105;29
18616;6125;20
18617;6171;46
18618;6216;45
18619;6258;42
18620;6266;8
18621;6289;23
18622;6289;0
18623;6293;4
18624;6298;5
18625;6301;3
18626;6319;18
18627;6332;13
18628;6348;16
18629;6351;3
18630;6358;7
18631;6379;21
18632;6407;28
18633;6407;0
18634;6469;62
18635;6469;0
18636;6541;72
18637;6574;33
18638;6588;14
18639;6653;65
18640;6696;43
18641;6745;49
18642;6805;60
18643;6851;46
18644;6908;57
18645;6931;23
18646;6950;19
18647;7015;65
18648;7067;52
18649;7143;76
18650;7222;79
18651;7298;76
18652;7317;19
18653;7346;29
18654;7380;34
18655;7470;90
18656;7528;58
18657;7581;53
18658;7641;60
18659;7654;13
18660;7678;24
18661;7714;36
18662;7780;66
18663;7887;107
18664;7939;52
18665;7982;43
18666;8023;41
18667;8041;18
18668;8092;51
18669;8135;43
18670;8181;46
18671;8207;26
18672;8231;24
18673;8232;1
18674;8262;30
18675;8313;51
18676;8338;25
18677;8357;19
18678;8399;42
18679;8420;21
18680;8427;7
18681;8452;25
18682;8457;5
18683;8485;28
18684;8513;28
18685;8550;37
18686;8585;35
18687;8595;10
18688;8626;31
18689;8648;22
18690;8699;51
18691;8729;30
18692;8772;43
18693;8807;35
18694;8814;7
18695;8847;33
18696;8928;81
18697;8993;65
18698;9069;76
18699;9121;52
18700;9160;39
18701;9187;27
18702;9238;51
18703;9322;84
18704;9442;120
18705;9486;44
18706;9585;99
18707;9649;64
18708;9668;19
18709;9732;64
18710;9820;88
18711;9898;78
18712;10007;109
18713;10072;65
18714;10168;96
18715;10182;14
18716;10192;10
18717;10249;57
18718;10375;126
18719;10446;71
18720;10540;94
18721;10580;40
18722;10606;26
18723;10637;31
18724;10718;81
18725;10853;135
18726;10958;105
18727;11044;86
18728;11149;105
18729;11189;40
18730;11277;88
18731;11374;97
18732;11527;153
18733;11642;115
18734;11762;120
18735;11863;101
18736;11901;38
18737;11972;71
18738;12132;160
18739;12234;102
18740;12448;214
18741;12600;152
18742;12703;103
18743;12754;51
18744;12826;72
18745;12963;137
18746;13106;143
18747;13283;177
18748;13404;121
18749;13518;114
18750;13564;46
18751;13656;92
18752;13829;173
18753;13957;128
18754;14073;116
18755;14203;130
18756;14362;159
18757;14442;80
18758;14531;89
18759;14659;128
18760;14845;186
18761;14988;143
18762;15168;180
18763;15271;103
18764;15352;81
18765;15454;102
