condition;measurement;ncases
18283;0;0
18284;0;0
18285;0;0
18286;0;0
18287;0;0
18288;0;0
18289;0;0
18290;0;0
18291;0;0
18292;0;0
18293;0;0
18294;0;0
18295;0;0
18296;0;0
18297;0;0
18298;0;0
18299;0;0
18300;0;0
18301;0;0
18302;0;0
18303;0;0
18304;0;0
18305;0;0
18306;0;0
18307;0;0
18308;0;0
18309;0;0
18310;0;0
18311;0;0
18312;0;0
18313;0;0
18314;0;0
18315;0;0
18316;0;0
18317;0;0
18318;0;0
18319;0;0
18320;0;0
18321;0;0
18322;0;0
18323;0;0
18324;0;0
18325;0;0
18326;0;0
18327;0;0
18328;0;0
18329;0;0
18330;0;0
18331;0;0
18332;2;2
18333;2;0
18334;2;0
18335;2;0
18336;3;1
18337;6;3
18338;8;2
18339;9;1
18340;12;3
18341;24;12
18342;24;0
18343;26;2
18344;30;4
18345;30;0
18346;36;6
18347;52;16
18348;68;16
18349;95;27
18350;110;15
18351;139;29
18352;141;2
18353;172;31
18354;219;47
18355;222;3
18356;264;42
18357;268;4
18358;298;30
18359;305;7
18360;312;7
18361;343;31
18362;382;39
18363;392;10
18364;393;1
18365;397;4
18366;407;10
18367;419;12
18368;426;7
18369;442;16
18370;457;15
18371;472;15
18372;477;5
18373;494;17
18374;510;16
18375;519;9
18376;591;72
18377;627;36
18378;627;0
18379;661;34
18380;702;41
18381;738;36
18382;771;33
18383;804;33
18384;1010;206
18385;1055;45
18386;1178;123
18387;1270;92
18388;1461;191
18389;1685;224
18390;1771;86
18391;1830;59
18392;1972;142
18393;2100;128
18394;2080;-20
18395;2255;175
18396;2318;63
18397;2460;142
18398;2565;105
18399;2646;81
18400;2798;152
18401;2955;157
18402;2955;0
18403;3204;249
18404;3477;273
18405;3477;0
18406;3950;473
18407;4189;239
18408;4401;212
18409;4640;239
18410;4752;112
18411;4752;0
18412;5094;342
18413;5202;108
18414;5362;160
18415;5527;165
18416;5690;163
18417;5880;190
18418;5971;91
18419;6155;184
18420;6327;172
18421;6450;123
18422;6935;485
18423;7360;425
18424;7669;309
18425;8132;463
18426;8455;323
18427;8858;403
18428;9178;320
18429;9656;478
18430;10299;643
18431;10739;440
18432;11258;519
18433;12306;1048
18434;12769;463
18435;13356;587
18436;13943;587
18437;14571;628
18438;15366;795
18439;15994;628
18440;17007;1013
18441;18082;1075
18442;18818;736
18443;19558;740
18444;20262;704
18445;21120;858
18446;22116;996
18447;22921;805
18448;23943;1022
18449;24665;722
18450;25428;763
18451;25978;550
18452;26384;406
18453;27053;669
18454;27583;530
18455;28090;507
18456;28579;489
18457;29106;527
18458;30036;930
18459;30867;831
18460;31745;878
18461;32793;1048
18462;33835;1042
18463;34611;776
18464;35345;734
18465;36102;757
18466;36902;800
18467;37559;657
18468;38438;879
18469;39276;838
18470;39741;465
18471;40460;719
18472;40944;484
18473;41426;482
18474;42014;588
18475;42685;671
18476;43197;512
18477;43794;597
18478;44299;505
18479;45098;799
18480;45755;657
18481;46365;610
18482;46973;608
18483;47454;481
18484;47872;418
18485;48403;531
18486;48657;254
18487;49042;385
18488;49467;425
18489;49979;512
18490;50502;523
18491;50995;493
18492;51670;675
18493;52298;628
18494;52819;521
18495;53381;562
18496;53983;602
18497;54511;528
18498;55479;968
18499;55877;398
18500;56649;772
18501;57669;1020
18502;58810;1141
18503;59645;835
18504;60174;529
18505;61014;840
18506;61769;755
18507;62526;757
18508;63158;632
18509;63798;640
18510;64352;554
18511;64764;412
18512;64814;50
18513;65218;404
18514;65597;379
18515;65802;205
18516;66049;247
18517;67136;1087
18518;67789;653
18519;68620;831
18520;68620;0
18521;69660;1040
18522;70120;460
18523;70611;491
18524;71143;532
18525;71616;473
18526;72075;459
18527;72306;231
18528;72675;369
18529;73193;518
18530;73840;647
18531;74548;708
18532;74548;0
18533;75537;989
18534;76098;561
18535;76900;802
18536;77598;698
18537;78269;671
18538;78788;519
18539;79629;841
18540;80020;391
18541;80662;642
18542;81016;354
18543;81672;656
18544;82552;880
18545;83146;594
18546;84081;935
18547;84413;332
18548;84852;439
18549;85458;606
18550;86089;631
18551;86691;602
18552;87594;903
18553;88425;831
18554;89381;956
18555;90232;851
18556;91078;846
18557;91509;431
18558;91509;0
18559;92724;1215
18560;93214;490
18561;93966;752
18562;94623;657
18563;95199;576
18564;96150;951
18565;96888;738
18566;96888;0
18567;98212;1324
18568;98405;193
18569;98688;283
18570;99124;436
18571;99347;223
18572;99576;229
18573;100041;465
18574;100041;0
18575;100573;532
18576;100804;231
18577;101169;365
18578;101468;299
18579;102079;611
18580;102555;476
18581;103102;547
18582;103239;137
18583;103488;249
18584;103488;0
18585;103488;0
18586;103551;63
18587;104435;884
18588;104435;0
18589;105211;776
18590;105211;0
18591;106116;905
18592;106681;565
18593;107134;453
18594;107513;379
18595;107888;375
18596;108253;365
18597;108253;0
18598;109144;891
18599;109760;616
18600;109760;0
18601;109960;200
18602;111023;1063
18603;111023;0
18604;111707;684
18605;112792;1085
18606;113207;415
18607;113708;501
18608;114043;335
18609;114359;316
18610;114642;283
18611;114943;301
18612;115317;374
18613;115474;157
18614;116212;738
18615;116212;0
18616;117022;810
18617;117190;168
18618;117588;398
18619;118036;448
18620;118036;0
18621;118659;623
18622;119097;438
18623;119097;0
18624;119713;616
18625;120912;1199
18626;120912;0
18627;121827;915
18628;122974;1147
18629;123144;170
18630;123369;225
18631;123398;29
18632;123822;424
18633;124899;1077
18634;125118;219
18635;125557;439
18636;126943;1386
18637;127945;1002
18638;128701;756
18639;129805;1104
18640;131009;1204
18641;131963;954
18642;132412;449
18643;133507;1095
18644;134111;604
18645;134938;827
18646;136068;1130
18647;136898;830
18648;138044;1146
18649;139182;1138
18650;140238;1056
18651;140929;691
18652;141984;1055
18653;142880;896
18654;144007;1127
18655;144992;985
18656;146110;1118
18657;147100;990
18658;147843;743
18659;147843;0
18660;148951;1108
18661;151103;2152
18662;152225;1122
18663;153253;1028
18664;153905;652
18665;154568;663
18666;155735;1167
18667;156606;871
18668;157468;862
18669;158355;887
18670;159024;669
18671;159788;764
18672;160171;383
18673;160983;812
18674;161727;744
18675;162584;857
18676;163305;721
18677;164077;772
18678;164495;418
18679;165095;600
18680;165737;642
18681;166547;810
18682;167494;947
18683;168243;749
18684;168911;668
18685;169754;843
18686;170304;550
18687;170985;681
18688;171758;773
18689;172100;342
18690;172577;477
18691;172577;0
18692;173020;443
18693;173729;709
18694;174243;514
18695;174508;265
18696;175442;934
18697;176427;985
18698;177168;741
18699;177832;664
18700;178277;445
18701;178925;648
18702;179515;590
18703;180271;756
18704;180796;525
18705;181357;561
18706;181931;574
18707;182409;478
18708;183280;871
18709;184031;751
18710;184821;790
18711;185484;663
18712;186337;853
18713;187015;678
18714;187460;445
18715;187975;515
18716;188514;539
18717;189043;529
18718;189726;683
18719;189726;0
18720;190142;416
18721;190631;489
18722;191136;505
18723;192413;1277
18724;193029;616
18725;193783;754
18726;194548;765
18727;195525;977
18728;195780;255
18729;196086;306
18730;196704;618
18731;198214;1510
18732;198975;761
18733;199682;707
18734;200259;577
18735;200935;676
18736;201677;742
18737;202413;736
18738;202413;0
18739;204828;2415
18740;205696;868
18741;205696;0
18742;206907;1211
18743;206907;0
18744;207320;413
18745;208356;1036
18746;211076;2720
18747;212333;1257
18748;213167;834
18749;213167;0
18750;214475;1308
18751;215833;1358
18752;216964;1131
18753;217595;631
18754;218330;735
18755;219288;958
18756;219288;0
18757;220185;897
18758;222118;1933
18759;222992;874
18760;222992;0
18761;223922;930
18762;225964;2042
18763;226719;755
18764;227516;797
18765;228287;771
