condition;measurement;ncases
18283;0;0
18284;0;0
18285;0;0
18286;0;0
18287;0;0
18288;0;0
18289;0;0
18290;0;0
18291;0;0
18292;0;0
18293;0;0
18294;0;0
18295;0;0
18296;0;0
18297;0;0
18298;0;0
18299;0;0
18300;0;0
18301;0;0
18302;0;0
18303;0;0
18304;0;0
18305;0;0
18306;0;0
18307;0;0
18308;0;0
18309;0;0
18310;0;0
18311;0;0
18312;0;0
18313;0;0
18314;0;0
18315;0;0
18316;0;0
18317;0;0
18318;0;0
18319;0;0
18320;0;0
18321;0;0
18322;0;0
18323;0;0
18324;0;0
18325;2;2
18326;2;0
18327;2;0
18328;4;2
18329;7;3
18330;9;2
18331;9;0
18332;13;4
18333;13;0
18334;19;6
18335;30;11
18336;32;2
18337;39;7
18338;50;11
18339;58;8
18340;73;15
18341;85;12
18342;103;18
18343;131;28
18344;167;36
18345;187;20
18346;226;39
18347;261;35
18348;300;39
18349;343;43
18350;408;65
18351;447;39
18352;492;45
18353;525;33
18354;585;60
18355;623;38
18356;678;55
18357;733;55
18358;744;11
18359;817;73
18360;895;78
18361;980;85
18362;1190;210
18363;1310;120
18364;1410;100
18365;1458;48
18366;1512;54
18367;1579;67
18368;1652;73
18369;1763;111
18370;1834;71
18371;1916;82
18372;1984;68
18373;2098;114
18374;2168;70
18375;2284;116
18376;2443;159
18377;2443;0
18378;2500;57
18379;2583;83
18380;2649;66
18381;2727;78
18382;2775;48
18383;2863;88
18384;2942;79
18385;2998;56
18386;3035;37
18387;3065;30
18388;3111;46
18389;3150;39
18390;3178;28
18391;3213;35
18392;3263;50
18393;3284;21
18394;3313;29
18395;3341;28
18396;3380;39
18397;3417;37
18398;3473;56
18399;3509;36
18400;3535;26
18401;3556;21
18402;3598;42
18403;3641;43
18404;3678;37
18405;3713;35
18406;3741;28
18407;3756;15
18408;3771;15
18409;3793;22
18410;3816;23
18411;3841;25
18412;3867;26
18413;3876;9
18414;3892;16
18415;3921;29
18416;3931;10
18417;3954;23
18418;3970;16
18419;3990;20
18420;4008;18
18421;4014;6
18422;4017;3
18423;4027;10
18424;4039;12
18425;4053;14
18426;4064;11
18427;4069;5
18428;4076;7
18429;4077;1
18430;4078;1
18431;4079;1
18432;4081;2
18433;4086;5
18434;4094;8
18435;4102;8
18436;4107;5
18437;4114;7
18438;4123;9
18439;4127;4
18440;4138;11
18441;4142;4
18442;4145;3
18443;4155;10
18444;4157;2
18445;4166;9
18446;4172;6
18447;4174;2
18448;4183;9
18449;4189;6
18450;4205;16
18451;4210;5
18452;4220;10
18453;4223;3
18454;4229;6
18455;4234;5
18456;4247;13
18457;4258;11
18458;4263;5
18459;4279;16
18460;4293;14
18461;4315;22
18462;4333;18
18463;4339;6
18464;4347;8
18465;4366;19
18466;4380;14
18467;4398;18
18468;4424;26
18469;4435;11
18470;4448;13
18471;4456;8
18472;4465;9
18473;4484;19
18474;4505;21
18475;4526;21
18476;4535;9
18477;4544;9
18478;4553;9
18479;4564;11
18480;4597;33
18481;4621;24
18482;4653;32
18483;4696;43
18484;4731;35
18485;4746;15
18486;4768;22
18487;4813;45
18488;4853;40
18489;4877;24
18490;4916;39
18491;4946;30
18492;4970;24
18493;5002;32
18494;5046;44
18495;5098;52
18496;5133;35
18497;5155;22
18498;5191;36
18499;5215;24
18500;5288;73
18501;5379;91
18502;5511;132
18503;5669;158
18504;5961;292
18505;6139;178
18506;6257;118
18507;6622;365
18508;6923;301
18509;7382;459
18510;7892;510
18511;8387;495
18512;8963;576
18513;9304;341
18514;9715;411
18515;10191;476
18516;10909;718
18517;11825;916
18518;12309;484
18519;13153;844
18520;13879;726
18521;14460;581
18522;15170;710
18523;16111;941
18524;16920;809
18525;17990;1070
18526;18866;876
18527;19499;633
18528;20450;951
18529;21200;750
18530;22127;927
18531;23077;950
18532;24014;937
18533;24716;702
18534;25567;851
18535;26461;894
18536;27309;848
18537;28631;1322
18538;29717;1086
18539;30575;858
18540;31480;905
18541;32298;818
18542;33114;816
18543;34046;932
18544;35222;1176
18545;36596;1374
18546;37664;1068
18547;38837;1173
18548;39862;1025
18549;40782;920
18550;41732;950
18551;43025;1293
18552;44816;1791
18553;46290;1474
18554;47768;1478
18555;48757;989
18556;50180;1423
18557;52212;2032
18558;54278;2066
18559;56098;1820
18560;59247;3149
18561;61563;2316
18562;63642;2079
18563;65933;2291
18564;68127;2194
18565;71413;3286
18566;75321;3908
18567;79199;3878
18568;82780;3581
18569;86769;3989
18570;90988;4219
18571;94916;3928
18572;99625;4709
18573;104943;5318
18574;109616;4673
18575;114778;5162
18576;118918;4140
18577;122863;3945
18578;126790;3927
18579;131887;5097
18580;136723;4836
18581;140961;4238
18582;147456;6495
18583;152659;5203
18584;156949;4290
18585;161461;4512
18586;165901;4440
18587;170298;4397
18588;174618;4320
18589;177952;3334
18590;181881;3929
18591;185687;3806
18592;192047;6360
18593;198440;6393
18594;204708;6268
18595;211527;6819
18596;217122;5595
18597;221073;3951
18598;225209;4136
18599;231844;6635
18600;238056;6212
18601;243581;5525
18602;250278;6697
18603;254148;3870
18604;256367;2219
18605;259588;3221
18606;265003;5415
18607;271200;6197
18608;276247;5047
18609;280400;4153
18610;283870;3470
18611;285763;1893
18612;288567;2804
18613;291549;2982
18614;295977;4428
18615;300022;4045
18616;302989;2967
18617;305130;2141
18618;306368;1238
18619;308262;1894
18620;311554;3292
18621;314164;2610
18622;315362;1198
18623;316060;698
18624;316669;609
18625;317571;902
18626;319543;1972
18627;322514;2971
18628;325278;2764
18629;326688;1410
18630;327995;1307
18631;328851;856
18632;329721;870
18633;331768;2047
18634;334836;3068
18635;337743;2907
18636;340459;2716
18637;342237;1778
18638;343656;1419
18639;344352;696
18640;345710;1358
18641;347636;1926
18642;349149;1513
18643;350587;1438
18644;351828;1241
18645;352703;875
18646;353276;573
18647;354252;976
18648;355662;1410
18649;356973;1311
18650;358317;1344
18651;359574;1257
18652;360418;844
18653;360877;459
18654;361881;1004
18655;363450;1569
18656;364909;1459
18657;366279;1370
18658;367586;1307
18659;368710;1124
18660;369288;578
18661;370336;1048
18662;371988;1652
18663;373564;1576
18664;375125;1561
18665;376495;1370
18666;377655;1160
18667;378734;1079
18668;380013;1279
18669;381875;1862
18670;383735;1860
18671;385755;2020
18672;387462;1707
18673;388799;1337
18674;389622;823
18675;391170;1548
18676;394023;2853
18677;397116;3093
18678;400111;2995
18679;403023;2912
18680;405646;2623
18681;407274;1628
18682;410129;2855
18683;414514;4385
18684;419182;4668
18685;424130;4948
18686;428599;4469
18687;432925;4326
18688;435689;2764
18689;439900;4211
18690;446178;6278
18691;452547;6369
18692;459816;7269
18693;466017;6201
18694;468713;2696
18695;475207;6494
18696;480860;5653
18697;489172;8312
18698;498183;9011
18699;507627;9444
18700;516490;8863
18701;524196;7706
18702;529122;4926
18703;532578;3456
18704;539080;6502
18705;549839;10759
18706;560971;11132
18707;571596;10625
18708;580642;9046
18709;586123;5481
18710;593710;7587
18711;603347;9637
18712;614612;11265
18713;624779;10167
18714;633861;9082
18715;641124;7263
18716;645733;4609
18717;652433;6700
18718;661721;9288
18719;670776;9055
18720;679413;8637
18721;685979;6566
18722;689853;3874
18723;691743;1890
18724;693676;1933
18725;698490;4814
18726;705815;7325
18727;713868;8053
18728;720164;6296
18729;725241;5077
18730;728078;2837
18731;731675;3597
18732;736982;5307
18733;742198;5216
18734;746802;4604
18735;750508;3706
18736;753188;2680
18737;754833;1645
18738;757360;2527
18739;760967;3607
18740;764394;3427
18741;767190;2796
18742;769518;2328
18743;771454;1936
18744;772707;1253
18745;774399;1692
18746;776983;2584
18747;779348;2365
18748;781299;1951
18749;782892;1593
18750;784111;1219
18751;784837;726
18752;785967;1130
18753;787647;1680
18754;789188;1541
18755;790564;1376
18756;791709;1145
18757;792386;677
18758;792879;493
18759;793784;905
18760;795200;1416
18761;796390;1190
18762;797429;1039
18763;798147;718
18764;798573;426
18765;798955;382
