condition;measurement;ncases
18283;0;0
18284;0;0
18285;0;0
18286;0;0
18287;0;0
18288;0;0
18289;0;0
18290;0;0
18291;0;0
18292;0;0
18293;0;0
18294;0;0
18295;0;0
18296;0;0
18297;0;0
18298;0;0
18299;0;0
18300;0;0
18301;0;0
18302;0;0
18303;0;0
18304;0;0
18305;0;0
18306;0;0
18307;0;0
18308;0;0
18309;0;0
18310;0;0
18311;0;0
18312;0;0
18313;0;0
18314;0;0
18315;0;0
18316;0;0
18317;0;0
18318;0;0
18319;0;0
18320;1;1
18321;1;0
18322;3;2
18323;6;3
18324;11;5
18325;26;15
18326;34;8
18327;43;9
18328;50;7
18329;50;0
18330;58;8
18331;69;11
18332;85;16
18333;103;18
18334;134;31
18335;156;22
18336;171;15
18337;180;9
18338;220;40
18339;250;30
18340;330;80
18341;409;79
18342;473;64
18343;568;95
18344;588;20
18345;648;60
18346;737;89
18347;802;65
18348;890;88
18349;963;73
18350;1020;57
18351;1086;66
18352;1135;49
18353;1220;85
18354;1319;99
18355;1364;45
18356;1417;53
18357;1486;69
18358;1562;76
18359;1586;24
18360;1616;30
18361;1648;32
18362;1675;27
18363;1689;14
18364;1701;12
18365;1711;10
18366;1720;9
18367;1727;7
18368;1739;12
18369;1754;15
18370;1760;6
18371;1771;11
18372;1773;2
18373;1778;5
18374;1785;7
18375;1789;4
18376;1789;0
18377;1790;1
18378;1792;2
18379;1792;0
18380;1795;3
18381;1797;2
18382;1797;0
18383;1798;1
18384;1798;0
18385;1799;1
18386;1799;0
18387;1799;0
18388;1799;0
18389;1801;2
18390;1801;0
18391;1801;0
18392;1801;0
18393;1801;0
18394;1801;0
18395;1802;1
18396;1802;0
18397;1802;0
18398;1802;0
18399;1802;0
18400;1802;0
18401;1802;0
18402;1803;1
18403;1803;0
18404;1803;0
18405;1804;1
18406;1804;0
18407;1804;0
18408;1804;0
18409;1805;1
18410;1805;0
18411;1805;0
18412;1806;1
18413;1806;0
18414;1806;0
18415;1806;0
18416;1806;0
18417;1806;0
18418;1806;0
18419;1806;0
18420;1807;1
18421;1807;0
18422;1807;0
18423;1807;0
18424;1807;0
18425;1807;0
18426;1808;1
18427;1810;2
18428;1811;1
18429;1812;1
18430;1812;0
18431;1814;2
18432;1815;1
18433;1815;0
18434;1815;0
18435;1815;0
18436;1815;0
18437;1817;2
18438;1818;1
18439;1820;2
18440;1820;0
18441;1821;1
18442;1822;1
18443;1824;2
18444;1825;1
18445;1830;5
18446;1830;0
18447;1830;0
18448;1830;0
18449;1832;2
18450;1833;1
18451;1833;0
18452;1833;0
18453;1833;0
18454;1833;0
18455;1833;0
18456;1833;0
18457;1835;2
18458;1835;0
18459;1836;1
18460;1836;0
18461;1838;2
18462;1839;1
18463;1839;0
18464;1839;0
18465;1840;1
18466;1841;1
18467;1843;2
18468;1843;0
18469;1847;4
18470;1854;7
18471;1857;3
18472;1861;4
18473;1872;11
18474;1885;13
18475;1893;8
18476;1907;14
18477;1915;8
18478;1918;3
18479;1926;8
18480;1932;6
18481;1952;20
18482;1955;3
18483;1958;3
18484;1962;4
18485;1968;6
18486;1972;4
18487;1976;4
18488;1983;7
18489;1999;16
18490;2011;12
18491;2014;3
18492;2027;13
18493;2035;8
18494;2040;5
18495;2050;10
18496;2058;8
18497;2064;6
18498;2073;9
18499;2077;4
18500;2082;5
18501;2087;5
18502;2092;5
18503;2100;8
18504;2105;5
18505;2107;2
18506;2116;9
18507;2121;5
18508;2128;7
18509;2135;7
18510;2136;1
18511;2141;5
18512;2143;2
18513;2150;7
18514;2153;3
18515;2157;4
18516;2161;4
18517;2162;1
18518;2165;3
18519;2168;3
18520;2174;6
18521;2189;15
18522;2206;17
18523;2230;24
18524;2307;77
18525;2307;0
18526;2377;70
18527;2419;42
18528;2476;57
18529;2512;36
18530;2561;49
18531;2601;40
18532;2623;22
18533;2663;40
18534;2695;32
18535;2728;33
18536;2769;41
18537;2809;40
18538;2872;63
18539;2921;49
18540;2980;59
18541;3081;101
18542;3172;91
18543;3267;95
18544;3373;106
18545;3460;87
18546;3526;66
18547;3582;56
18548;3668;86
18549;3757;89
18550;3837;80
18551;3929;92
18552;3998;69
18553;4055;57
18554;4101;46
18555;4193;92
18556;4230;37
18557;4268;38
18558;4308;40
18559;4394;86
18560;4448;54
18561;4504;56
18562;4574;70
18563;4671;97
18564;4719;48
18565;4797;78
18566;4865;68
18567;4890;25
18568;4931;41
18569;4957;26
18570;4989;32
18571;5017;28
18572;5039;22
18573;5063;24
18574;5078;15
18575;5101;23
18576;5114;13
18577;5142;28
18578;5160;18
18579;5170;10
18580;5186;16
18581;5189;3
18582;5205;16
18583;5215;10
18584;5226;11
18585;5231;5
18586;5251;20
18587;5269;18
18588;5277;8
18589;5289;12
18590;5298;9
18591;5312;14
18592;5323;11
18593;5346;23
18594;5371;25
18595;5381;10
18596;5392;11
18597;5413;21
18598;5413;0
18599;5448;35
18600;5462;14
18601;5476;14
18602;5482;6
18603;5496;14
18604;5506;10
18605;5516;10
18606;5524;8
18607;5539;15
18608;5552;13
18609;5557;5
18610;5564;7
18611;5571;7
18612;5578;7
18613;5588;10
18614;5604;16
18615;5621;17
18616;5642;21
18617;5656;14
18618;5667;11
18619;5683;16
18620;5683;0
18621;5683;0
18622;5683;0
18623;5683;0
18624;5726;43
18625;5736;10
18626;5754;18
18627;5754;0
18628;5754;0
18629;5754;0
18630;5754;0
18631;5795;41
18632;5811;16
18633;5832;21
18634;5845;13
18635;5867;22
18636;5880;13
18637;5890;10
18638;5898;8
18639;5912;14
18640;5935;23
18641;5948;13
18642;5956;8
18643;5956;0
18644;5956;0
18645;5970;14
18646;5970;0
18647;5975;5
18648;5981;6
18649;5981;0
18650;5981;0
18651;5981;0
18652;5990;9
18653;5992;2
18654;6000;8
18655;6001;1
18656;6002;1
18657;6002;0
18658;6002;0
18659;6009;7
18660;6011;2
18661;6013;2
18662;6016;3
18663;6021;5
18664;6021;0
18665;6021;0
18666;6020;-1
18667;6025;5
18668;6026;1
18669;6026;0
18670;6033;7
18671;6033;0
18672;6033;0
18673;6039;6
18674;6039;0
18675;6044;5
18676;6044;0
18677;6045;1
18678;6045;0
18679;6045;0
18680;6049;4
18681;6049;0
18682;6049;0
18683;6049;0
18684;6049;0
18685;6049;0
18686;6049;0
18687;6054;5
18688;6055;1
18689;6058;3
18690;6058;0
18691;6059;1
18692;6059;0
18693;6059;0
18694;6064;5
18695;6067;3
18696;6069;2
18697;6070;1
18698;6072;2
18699;6072;0
18700;6072;0
18701;6083;11
18702;6087;4
18703;6089;2
18704;6091;2
18705;6097;6
18706;6097;0
18707;6097;0
18708;6119;22
18709;6122;3
18710;6144;22
18711;6158;14
18712;6163;5
18713;6163;0
18714;6163;0
18715;6183;20
18716;6194;11
18717;6205;11
18718;6205;0
18719;6205;0
18720;6225;20
18721;6225;0
18722;6225;0
18723;6241;16
18724;6251;10
18725;6256;5
18726;6258;2
18727;6258;0
18728;6258;0
18729;6267;9
18730;6274;7
18731;6275;1
18732;6279;4
18733;6286;7
18734;6286;0
18735;6286;0
18736;6329;43
18737;6350;21
18738;6362;12
18739;6379;17
18740;6390;11
18741;6390;0
18742;6390;0
18743;6429;39
18744;6447;18
18745;6456;9
18746;6466;10
18747;6472;6
18748;6472;0
18749;6472;0
18750;6483;11
18751;6491;8
18752;6497;6
18753;6500;3
18754;6506;6
18755;6506;0
18756;6506;0
18757;6519;13
18758;6522;3
18759;6526;4
18760;6526;0
18761;6537;11
18762;6537;0
18763;6537;0
18764;6548;11
18765;6549;1
