condition;measurement;ncases
18283;0;0
18284;0;0
18285;0;0
18286;0;0
18287;0;0
18288;0;0
18289;0;0
18290;0;0
18291;0;0
18292;0;0
18293;0;0
18294;0;0
18295;0;0
18296;0;0
18297;0;0
18298;0;0
18299;0;0
18300;0;0
18301;0;0
18302;0;0
18303;0;0
18304;0;0
18305;0;0
18306;0;0
18307;0;0
18308;0;0
18309;0;0
18310;0;0
18311;0;0
18312;0;0
18313;0;0
18314;0;0
18315;0;0
18316;0;0
18317;0;0
18318;0;0
18319;0;0
18320;0;0
18321;0;0
18322;0;0
18323;0;0
18324;0;0
18325;0;0
18326;0;0
18327;0;0
18328;0;0
18329;0;0
18330;0;0
18331;0;0
18332;1;1
18333;2;1
18334;8;6
18335;8;0
18336;10;2
18337;10;0
18338;12;2
18339;13;1
18340;15;2
18341;16;1
18342;16;0
18343;19;3
18344;19;0
18345;21;2
18346;26;5
18347;26;0
18348;26;0
18349;30;4
18350;32;2
18351;36;4
18352;36;0
18353;44;8
18354;47;3
18355;47;0
18356;53;6
18357;58;5
18358;58;0
18359;63;5
18360;63;0
18361;63;0
18362;63;0
18363;65;2
18364;69;4
18365;73;4
18366;73;0
18367;125;52
18368;143;18
18369;143;0
18370;163;20
18371;173;10
18372;223;50
18373;223;0
18374;233;10
18375;257;24
18376;288;31
18377;305;17
18378;350;45
18379;364;14
18380;364;0
18381;396;32
18382;422;26
18383;432;10
18384;463;31
18385;469;6
18386;471;2
18387;473;2
18388;478;5
18389;488;10
18390;490;2
18391;490;0
18392;502;12
18393;505;3
18394;507;2
18395;509;2
18396;509;0
18397;511;2
18398;517;6
18399;520;3
18400;520;0
18401;520;0
18402;529;9
18403;534;5
18404;544;10
18405;550;6
18406;552;2
18407;556;4
18408;564;8
18409;569;5
18410;569;0
18411;575;6
18412;581;6
18413;586;5
18414;588;2
18415;590;2
18416;591;1
18417;591;0
18418;595;4
18419;596;1
18420;598;2
18421;599;1
18422;605;6
18423;605;0
18424;611;6
18425;614;3
18426;615;1
18427;617;2
18428;621;4
18429;621;0
18430;626;5
18431;638;12
18432;652;14
18433;657;5
18434;659;2
18435;665;6
18436;670;5
18437;678;8
18438;684;6
18439;686;2
18440;690;4
18441;696;6
18442;698;2
18443;702;4
18444;707;5
18445;715;8
18446;721;6
18447;728;7
18448;732;4
18449;737;5
18450;745;8
18451;751;6
18452;753;2
18453;753;0
18454;758;5
18455;758;0
18456;759;1
18457;762;3
18458;763;1
18459;765;2
18460;768;3
18461;774;6
18462;790;16
18463;809;19
18464;810;1
18465;816;6
18466;821;5
18467;831;10
18468;837;6
18469;842;5
18470;853;11
18471;855;2
18472;856;1
18473;864;8
18474;878;14
18475;883;5
18476;894;11
18477;905;11
18478;920;15
18479;928;8
18480;958;30
18481;987;29
18482;1003;16
18483;1023;20
18484;1031;8
18485;1047;16
18486;1065;18
18487;1071;6
18488;1082;11
18489;1082;0
18490;1113;31
18491;1129;16
18492;1146;17
18493;1192;46
18494;1290;98
18495;1346;56
18496;1346;0
18497;1529;183
18498;1612;83
18499;1732;120
18500;1804;72
18501;1870;66
18502;2011;141
18503;2113;102
18504;2357;244
18505;2459;102
18506;2459;0
18507;2683;224
18508;2896;213
18509;2964;68
18510;3024;60
18511;3103;79
18512;3183;80
18513;3323;140
18514;3437;114
18515;3511;74
18516;3511;0
18517;3623;112
18518;3771;148
18519;3933;162
18520;4042;109
18521;4164;122
18522;4374;210
18523;4571;197
18524;4758;187
18525;4988;230
18526;5143;155
18527;5270;127
18528;5395;125
18529;5588;193
18530;5723;135
18531;5854;131
18532;6017;163
18533;6170;153
18534;6408;238
18535;6482;74
18536;6555;73
18537;6704;149
18538;6795;91
18539;6895;100
18540;7012;117
18541;7109;97
18542;7191;82
18543;7273;82
18544;7363;90
18545;7559;196
18546;7718;159
18547;7813;95
18548;7910;97
18549;7989;79
18550;8067;78
18551;8132;65
18552;8195;63
18553;8274;79
18554;8321;47
18555;8374;53
18556;8445;71
18557;8600;155
18558;8638;38
18559;8670;32
18560;8714;44
18561;8749;35
18562;8787;38
18563;8851;64
18564;8927;76
18565;9005;78
18566;9094;89
18567;9131;37
18568;9257;126
18569;9296;39
18570;9326;30
18571;9373;47
18572;9426;53
18573;9472;46
18574;9506;34
18575;9542;36
18576;9573;31
18577;9581;8
18578;9634;53
18579;9723;89
18580;9780;57
18581;9884;104
18582;9929;45
18583;9959;30
18584;10019;60
18585;10088;69
18586;10151;63
18587;10240;89
18588;10284;44
18589;10343;59
18590;10422;79
18591;10488;66
18592;10541;53
18593;10600;59
18594;10669;69
18595;10709;40
18596;10763;54
18597;10810;47
18598;10864;54
18599;10911;47
18600;10987;76
18601;11063;76
18602;11120;57
18603;11184;64
18604;11271;87
18605;11369;98
18606;11443;74
18607;11509;66
18608;11608;99
18609;11710;102
18610;11792;82
18611;11875;83
18612;11907;32
18613;11968;61
18614;12039;71
18615;12135;96
18616;12224;89
18617;12289;65
18618;12354;65
18619;12423;69
18620;12519;96
18621;12597;78
18622;12684;87
18623;12723;39
18624;12732;9
18625;12752;20
18626;12793;41
18627;12827;34
18628;12915;88
18629;12931;16
18630;13049;118
18631;13203;154
18632;13246;43
18633;13330;84
18634;13368;38
18635;13411;43
18636;13455;44
18637;13548;93
18638;13637;89
18639;13760;123
18640;13852;92
18641;13915;63
18642;13992;77
18643;14096;104
18644;14161;65
18645;14274;113
18646;14419;145
18647;14487;68
18648;14550;63
18649;14658;108
18650;14772;114
18651;14879;107
18652;15012;133
18653;15153;141
18654;15241;88
18655;15435;194
18656;15462;27
18657;15527;65
18658;15653;126
18659;15778;125
18660;15973;195
18661;16073;100
18662;16250;177
18663;16513;263
18664;16841;328
18665;17085;244
18666;17298;213
18667;17701;403
18668;17908;207
18669;18237;329
18670;18527;290
18671;18830;303
18672;19035;205
18673;19305;270
18674;19773;468
18675;20016;243
18676;20310;294
18677;20581;271
18678;20924;343
18679;21382;458
18680;21679;297
18681;21826;147
18682;22019;193
18683;22267;248
18684;22471;204
18685;22817;346
18686;23263;446
18687;23599;336
18688;23838;239
18689;24103;265
18690;24444;341
18691;24776;332
18692;25303;527
18693;26026;723
18694;26904;878
18695;27465;561
18696;28273;808
18697;28968;695
18698;29387;419
18699;29912;525
18700;30499;587
18701;31305;806
18702;31907;602
18703;32728;821
18704;33366;638
18705;33970;604
18706;34665;695
18707;35338;673
18708;35896;558
18709;36231;335
18710;36670;439
18711;37128;458
18712;37458;330
18713;37747;289
18714;38227;480
18715;38514;287
18716;38848;334
18717;39237;389
18718;39543;306
18719;39967;424
18720;40449;482
18721;40663;214
18722;41013;350
18723;41328;315
18724;41400;72
18725;41604;204
18726;41843;239
18727;42119;276
18728;42500;381
18729;42763;263
18730;42924;161
18731;43054;130
18732;43240;186
18733;43473;233
18734;43684;211
18735;43890;206
18736;44136;246
18737;44254;118
18738;44337;83
18739;44502;165
18740;44642;140
18741;44867;225
18742;45004;137
18743;45145;141
18744;45212;67
18745;45292;80
18746;45414;122
18747;45578;164
18748;45777;199
18749;45867;90
18750;46039;172
18751;46087;48
18752;46194;107
18753;46338;144
18754;46428;90
18755;46588;160
18756;46708;120
18757;46782;74
18758;46821;39
18759;46922;101
18760;47020;98
18761;47150;130
18762;47233;83
18763;47319;86
18764;47396;77
18765;47479;83
