condition;measurement;ncases
18283;0;0
18284;0;0
18285;0;0
18286;0;0
18287;0;0
18288;0;0
18289;0;0
18290;0;0
18291;0;0
18292;0;0
18293;0;0
18294;0;0
18295;0;0
18296;0;0
18297;0;0
18298;0;0
18299;0;0
18300;0;0
18301;0;0
18302;0;0
18303;0;0
18304;0;0
18305;0;0
18306;0;0
18307;0;0
18308;0;0
18309;0;0
18310;0;0
18311;0;0
18312;0;0
18313;0;0
18314;0;0
18315;0;0
18316;0;0
18317;0;0
18318;0;0
18319;0;0
18320;0;0
18321;0;0
18322;0;0
18323;0;0
18324;0;0
18325;0;0
18326;0;0
18327;0;0
18328;0;0
18329;0;0
18330;0;0
18331;0;0
18332;0;0
18333;0;0
18334;4;4
18335;6;2
18336;9;3
18337;10;1
18338;33;23
18339;35;2
18340;44;9
18341;49;5
18342;53;4
18343;61;8
18344;62;1
18345;72;10
18346;81;9
18347;111;30
18348;150;39
18349;228;78
18350;284;56
18351;302;18
18352;343;41
18353;380;37
18354;435;55
18355;464;29
18356;531;67
18357;584;53
18358;662;78
18359;697;35
18360;727;30
18361;781;54
18362;812;31
18363;865;53
18364;951;86
18365;1091;140
18366;1232;141
18367;1295;63
18368;1402;107
18369;1546;144
18370;1615;69
18371;1676;61
18372;1852;176
18373;1995;143
18374;2135;140
18375;2289;154
18376;2482;193
18377;2601;119
18378;2717;116
18379;2835;118
18380;3027;192
18381;3138;111
18382;3402;264
18383;3597;195
18384;3857;260
18385;3920;63
18386;4049;129
18387;4205;156
18388;4422;217
18389;4578;156
18390;4834;256
18391;4975;141
18392;5090;115
18393;5207;117
18394;5279;72
18395;5417;138
18396;5571;154
18397;5689;118
18398;5850;161
18399;6157;307
18400;6751;594
18401;6751;0
18402;6969;218
18403;7234;265
18404;7919;685
18405;7919;0
18406;8531;612
18407;8969;438
18408;8969;0
18409;9304;335
18410;9576;272
18411;9932;356
18412;10382;450
18413;10858;476
18414;11308;450
18415;11571;263
18416;12067;496
18417;12067;0
18418;12312;245
18419;12511;199
18420;12694;183
18421;12859;165
18422;13074;215
18423;13319;245
18424;13872;553
18425;13872;0
18426;14238;366
18427;14496;258
18428;15192;696
18429;15542;350
18430;15877;335
18431;15877;0
18432;16779;902
18433;17225;446
18434;17732;507
18435;18231;499
18436;18765;534
18437;19285;520
18438;19750;465
18439;20319;569
18440;20319;0
18441;21327;1008
18442;21819;492
18443;22308;489
18444;41065;18757
18445;42574;1509
18446;45719;3145
18447;47171;1452
18448;48574;1403
18449;49683;1109
18450;51059;1376
18451;51059;0
18452;54747;3688
18453;56455;1708
18454;58253;1798
18455;58253;0
18456;61755;3502
18457;63514;1759
18458;65188;1674
18459;66895;1707
18460;68703;1808
18461;68703;0
18462;71838;3135
18463;73468;1630
18464;75153;1685
18465;75153;0
18466;78486;3333
18467;80226;1740
18468;81720;1494
18469;83122;1402
18470;84648;1526
18471;86192;1544
18472;87664;1472
18473;89078;1414
18474;90367;1289
18475;90367;0
18476;96774;6407
18477;98641;1867
18478;100075;1434
18479;102936;2861
18480;105526;2590
18481;107930;2404
18482;109939;2009
18483;111822;1883
18484;112722;900
18485;113501;779
18486;115615;2114
18487;117104;1489
18488;118514;1410
18489;119781;1267
18490;121161;1380
18491;121639;478
18492;121973;334
18493;123325;1352
18494;124356;1031
18495;125335;979
18496;126243;908
18497;127203;960
18498;127462;259
18499;127462;0
18500;127462;0
18501;127664;202
18502;128618;954
18503;130040;1422
18504;130673;633
18505;130673;0
18506;131596;923
18507;131695;99
18508;132354;659
18509;132924;570
18510;133028;104
18511;133924;896
18512;134123;199
18513;134203;80
18514;134726;523
18515;135159;433
18516;135589;430
18517;135964;375
18518;136384;420
18519;136513;129
18520;136586;73
18521;137058;472
18522;137393;335
18523;137713;320
18524;138013;300
18525;138348;335
18526;138455;107
18527;138542;87
18528;138982;440
18529;139289;307
18530;139581;292
18531;139882;301
18532;140175;293
18533;140265;90
18534;140333;68
18535;140707;374
18536;140958;251
18537;141256;298
18538;141484;228
18539;141748;264
18540;141844;96
18541;141904;60
18542;142239;335
18543;142597;358
18544;142945;348
18545;143280;335
18546;143632;352
18547;143740;108
18548;143814;74
18549;144218;404
18550;144328;110
18551;144761;433
18552;145019;258
18553;145320;301
18554;145473;153
18555;145603;130
18556;145966;363
18557;146288;322
18558;146653;365
18559;146982;329
18560;147297;315
18561;147463;166
18562;147615;152
18563;148037;422
18564;148479;442
18565;149066;587
18566;149699;633
18567;150380;681
18568;150863;483
18569;151321;458
18570;152022;701
18571;152725;703
18572;153547;822
18573;154321;774
18574;155220;899
18575;155876;656
18576;156451;575
18577;157261;810
18578;158036;775
18579;158853;817
18580;159756;903
18581;160612;856
18582;161850;1238
18583;162555;705
18584;163585;1030
18585;164578;993
18586;165558;980
18587;166468;910
18588;167341;873
18589;167385;44
18590;168803;1418
18591;169827;1024
18592;170808;981
18593;171795;987
18594;172805;1010
18595;173763;958
18596;174563;800
18597;175565;1002
18598;176342;777
18599;177386;1044
18600;178378;992
18601;179344;966
18602;180089;745
18603;180777;688
18604;181721;944
18605;182657;936
18606;183630;973
18607;184557;927
18608;185513;956
18609;186277;764
18610;186960;683
18611;187890;930
18612;188837;947
18613;189551;714
18614;190292;741
18615;190969;677
18616;191650;681
18617;192579;929
18618;193503;924
18619;194257;754
18620;194993;736
18621;196216;1223
18622;197142;926
18623;197902;760
18624;198659;757
18625;199555;896
18626;200443;888
18627;201196;753
18628;202060;864
18629;202880;820
18630;203563;683
18631;204293;730
18632;205064;771
18633;205933;869
18634;206840;907
18635;207683;843
18636;208596;913
18637;209369;773
18638;210086;717
18639;210976;890
18640;211901;925
18641;212812;911
18642;213855;1043
18643;214927;1072
18644;215947;1020
18645;216964;1017
18646;218216;1252
18647;219527;1311
18648;221053;1526
18649;222701;1648
18650;224395;1694
18651;225891;1496
18652;227165;1274
18653;228692;1527
18654;230188;1496
18655;231716;1528
18656;233156;1440
18657;234569;1413
18658;235844;1275
18659;237029;1185
18660;238364;1335
18661;239726;1362
18662;240983;1257
18663;240983;0
18664;243404;2421
18665;244428;1024
18666;245351;923
18667;246474;1123
18668;247533;1059
18669;248566;1033
18670;249562;996
18671;250399;837
18672;251267;868
18673;251959;692
18674;252821;862
18675;253751;930
18676;254712;961
18677;255584;872
18678;256388;804
18679;257100;712
18680;257800;700
18681;258609;809
18682;259478;869
18683;260384;906
18684;261244;860
18685;262093;849
18686;262715;622
18687;263396;681
18688;264178;782
18689;265028;850
18690;265929;901
18691;266803;874
18692;267657;854
18693;268327;670
18694;268902;575
18695;269599;697
18696;270399;800
18697;271363;964
18698;272365;1002
18699;273469;1104
18700;274541;1072
18701;275502;961
18702;276663;1161
18703;277906;1243
18704;279220;1314
18705;280576;1356
18706;281798;1222
18707;283027;1229
18708;284138;1111
18709;285241;1103
18710;286352;1111
18711;287473;1121
18712;289102;1629
18713;290792;1690
18714;292306;1514
18715;293761;1455
18716;295506;1745
18717;297472;1966
18718;299626;2154
18719;301818;2192
18720;303922;2104
18721;305860;1938
18722;307676;1816
18723;309756;2080
18724;312558;2802
18725;315102;2544
18726;317937;2835
18727;320881;2944
18728;323207;2326
18729;325234;2027
18730;327593;2359
18731;330319;2726
18732;333046;2727
18733;335868;2822
18734;338764;2896
18735;341599;2835
18736;344140;2541
18737;346971;2831
18738;349987;3016
18739;352988;3001
18740;355918;2930
18741;358834;2916
18742;361575;2741
18743;363871;2296
18744;366709;2838
18745;369704;2995
18746;372662;2958
18747;375539;2877
18748;378441;2902
18749;381078;2637
18750;383164;2086
18751;385491;2327
18752;388111;2620
18753;391052;2941
18754;393639;2587
18755;396130;2491
18756;398272;2142
18757;398295;23
18758;401892;3597
18759;404348;2456
18760;407024;2676
18761;409659;2635
18762;412236;2577
18763;414325;2089
18764;414345;20
18765;418201;3856
