condition;measurement;ncases
18283;0;0
18284;0;0
18285;0;0
18286;0;0
18287;0;0
18288;0;0
18289;0;0
18290;0;0
18291;0;0
18292;0;0
18293;0;0
18294;0;0
18295;0;0
18296;0;0
18297;0;0
18298;0;0
18299;0;0
18300;0;0
18301;0;0
18302;0;0
18303;0;0
18304;0;0
18305;0;0
18306;0;0
18307;0;0
18308;0;0
18309;0;0
18310;0;0
18311;0;0
18312;0;0
18313;0;0
18314;0;0
18315;0;0
18316;1;1
18317;11;10
18318;26;15
18319;43;17
18320;45;2
18321;45;0
18322;45;0
18323;56;11
18324;56;0
18325;56;0
18326;58;2
18327;58;0
18328;61;3
18329;64;3
18330;64;0
18331;69;5
18332;72;3
18333;80;8
18334;80;0
18335;104;24
18336;112;8
18337;123;11
18338;130;7
18339;142;12
18340;148;6
18341;159;11
18342;176;17
18343;188;12
18344;189;1
18345;191;2
18346;195;4
18347;208;13
18348;225;17
18349;235;10
18350;255;20
18351;266;11
18352;289;23
18353;317;28
18354;342;25
18355;417;75
18356;479;62
18357;556;77
18358;665;109
18359;743;78
18360;855;112
18361;910;55
18362;993;83
18363;1154;161
18364;1234;80
18365;1300;66
18366;1355;55
18367;1405;50
18368;1524;119
18369;1658;134
18370;1751;93
18371;1915;164
18372;1995;80
18373;2080;85
18374;2248;168
18375;2399;151
18376;2614;215
18377;2892;278
18378;3075;183
18379;3288;213
18380;3440;152
18381;3740;300
18382;4024;284
18383;4377;353
18384;4619;242
18385;4983;364
18386;5278;295
18387;5804;526
18388;6289;485
18389;6567;278
18390;7208;641
18391;7623;415
18392;8688;1065
18393;9286;598
18394;10277;991
18395;11028;751
18396;11975;947
18397;12860;885
18398;13802;942
18399;14850;1048
18400;15691;841
18401;16764;1073
18402;17568;804
18403;18609;1041
18404;19564;955
18405;20464;900
18406;21302;838
18407;21967;665
18408;22575;608
18409;23267;692
18410;24112;845
18411;25184;1072
18412;26192;1008
18413;27043;851
18414;27762;719
18415;28649;887
18416;29359;710
18417;29921;562
18418;30644;723
18419;31131;487
18420;31848;717
18421;32510;662
18422;33140;630
18423;33823;683
18424;34432;609
18425;34952;520
18426;35466;514
18427;35920;454
18428;36431;511
18429;36958;527
18430;37533;575
18431;38074;541
18432;38678;604
18433;39145;467
18434;39650;505
18435;40291;641
18436;41033;742
18437;41879;846
18438;42788;909
18439;43703;915
18440;44391;688
18441;44942;551
18442;45524;582
18443;46195;671
18444;46940;745
18445;47859;919
18446;48672;813
18447;49303;631
18448;49941;638
18449;50644;703
18450;51245;601
18451;52007;762
18452;52840;833
18453;53580;740
18454;54058;478
18455;54894;836
18456;55508;614
18457;56174;666
18458;56877;703
18459;57668;791
18460;58221;553
18461;58904;683
18462;59204;300
18463;59763;559
18464;60434;671
18465;61185;751
18466;61872;687
18467;62625;753
18468;63309;684
18469;63773;464
18470;64379;606
18471;65149;770
18472;65903;754
18473;66529;626
18474;66957;428
18475;67448;491
18476;67911;463
18477;68299;388
18478;68774;475
18479;69425;651
18480;70045;620
18481;70727;682
18482;71199;472
18483;71713;514
18484;72400;687
18485;73068;668
18486;73785;717
18487;74486;701
18488;75185;699
18489;75697;512
18490;76205;508
18491;76827;622
18492;77470;643
18493;78145;675
18494;78767;622
18495;79269;502
18496;79957;688
18497;80528;571
18498;80960;432
18499;81573;613
18500;82271;698
18501;82945;674
18502;83578;633
18503;84224;646
18504;84636;412
18505;85109;473
18506;85811;702
18507;86478;667
18508;87378;900
18509;88243;865
18510;88963;720
18511;89582;619
18512;90387;805
18513;91244;857
18514;92082;838
18515;92822;740
18516;93475;653
18517;94211;736
18518;94764;553
18519;95472;708
18520;96301;829
18521;96999;698
18522;97824;825
18523;98528;704
18524;99049;521
18525;99434;385
18526;99964;530
18527;100683;719
18528;101299;616
18529;101851;552
18530;102441;590
18531;103199;758
18532;103544;345
18533;103981;437
18534;104568;587
18535;105182;614
18536;105676;494
18537;106087;411
18538;106458;371
18539;107025;567
18540;107592;567
18541;108268;676
18542;108743;475
18543;109441;698
18544;110076;635
18545;110568;492
18546;111116;548
18547;111893;777
18548;112737;844
18549;113269;532
18550;114015;746
18551;114744;729
18552;115483;739
18553;116146;663
18554;116832;686
18555;117718;886
18556;118531;813
18557;119420;889
18558;120232;812
18559;120927;695
18560;121635;708
18561;122317;682
18562;123092;775
18563;123906;814
18564;124666;760
18565;125337;671
18566;125926;589
18567;126534;608
18568;127293;759
18569;128080;787
18570;128843;763
18571;129638;795
18572;130463;825
18573;131205;742
18574;131743;538
18575;132478;735
18576;133381;903
18577;134159;778
18578;134932;773
18579;135650;718
18580;136341;691
18581;136840;499
18582;137329;489
18583;137885;556
18584;138337;452
18585;138822;485
18586;139308;486
18587;139734;426
18588;140056;322
18589;140393;337
18590;140795;402
18591;141217;422
18592;141547;330
18593;141876;329
18594;142195;319
18595;142426;231
18596;142635;209
18597;142992;357
18598;143260;268
18599;143574;314
18600;143917;343
18601;144164;247
18602;144369;205
18603;144599;230
18604;144900;301
18605;145204;304
18606;145495;291
18607;145789;294
18608;146044;255
18609;146218;174
18610;146449;231
18611;146710;261
18612;146971;261
18613;147192;221
18614;147531;339
18615;147775;244
18616;147979;204
18617;148209;230
18618;148507;298
18619;148773;266
18620;149017;244
18621;149277;260
18622;149449;172
18623;149653;204
18624;149857;204
18625;150093;236
18626;150298;205
18627;150584;286
18628;150869;285
18629;151074;205
18630;151343;269
18631;151715;372
18632;152027;312
18633;152438;411
18634;152978;540
18635;153473;495
18636;153900;427
18637;154314;414
18638;154841;527
18639;155335;494
18640;155874;539
18641;156434;560
18642;156964;530
18643;157399;435
18644;157777;378
18645;158244;467
18646;158822;578
18647;159264;442
18648;159834;570
18649;160367;533
18650;160901;534
18651;161285;384
18652;161777;492
18653;162282;505
18654;162862;580
18655;163450;588
18656;164108;658
18657;164622;514
18658;165257;635
18659;165843;586
18660;166654;811
18661;167410;756
18662;168250;840
18663;169190;940
18664;170036;846
18665;170998;962
18666;171994;996
18667;172996;1002
18668;173983;987
18669;175031;1048
18670;176052;1021
18671;176903;851
18672;177701;798
18673;178524;823
18674;179488;964
18675;180505;1017
18676;181484;979
18677;182460;976
18678;183322;862
18679;184090;768
18680;184989;899
18681;186004;1015
18682;187005;1001
18683;188024;1019
18684;189046;1022
18685;189890;844
18686;190852;962
18687;192031;1179
18688;193372;1341
18689;194781;1409
18690;196497;1716
18691;198110;1613
18692;199428;1318
18693;200572;1144
18694;201898;1326
18695;203055;1157
18696;204388;1333
18697;205893;1505
18698;207249;1356
18699;208460;1211
18700;209523;1063
18701;210855;1332
18702;212169;1314
18703;213673;1504
18704;215067;1394
18705;216586;1519
18706;217933;1347
18707;219125;1192
18708;220455;1330
18709;221743;1288
18710;223042;1299
18711;224432;1390
18712;225980;1548
18713;227178;1198
18714;228299;1121
18715;229550;1251
18716;230821;1271
18717;232103;1282
18718;233521;1418
18719;234754;1233
18720;235989;1235
18721;237192;1203
18722;238549;1357
18723;239952;1403
18724;241469;1517
18725;242848;1379
18726;244325;1477
18727;245704;1379
18728;247094;1390
18729;248729;1635
18730;250273;1544
18731;251675;1402
18732;253066;1391
18733;254472;1406
18734;255860;1388
18735;256987;1127
18736;258497;1510
18737;259868;1371
18738;261307;1439
18739;262766;1459
18740;264198;1432
18741;265404;1206
18742;266949;1545
18743;268235;1286
18744;269681;1446
18745;271145;1464
18746;272562;1417
18747;273991;1429
18748;275270;1279
18749;276586;1316
18750;277832;1246
18751;279085;1253
18752;280536;1451
18753;281772;1236
18754;282981;1209
18755;284076;1095
18756;285068;992
18757;286046;978
18758;287199;1153
18759;288184;985
18760;289243;1059
18761;290006;763
18762;290801;795
18763;291629;828
18764;292490;861
18765;293574;1084
