condition;measurement;ncases
18283;0;0
18284;0;0
18285;0;0
18286;0;0
18287;0;0
18288;0;0
18289;0;0
18290;0;0
18291;0;0
18292;0;0
18293;0;0
18294;0;0
18295;0;0
18296;0;0
18297;0;0
18298;0;0
18299;0;0
18300;0;0
18301;0;0
18302;0;0
18303;0;0
18304;0;0
18305;0;0
18306;0;0
18307;0;0
18308;0;0
18309;0;0
18310;0;0
18311;0;0
18312;0;0
18313;0;0
18314;0;0
18315;0;0
18316;0;0
18317;0;0
18318;0;0
18319;0;0
18320;0;0
18321;0;0
18322;0;0
18323;0;0
18324;0;0
18325;0;0
18326;0;0
18327;0;0
18328;0;0
18329;0;0
18330;0;0
18331;0;0
18332;0;0
18333;0;0
18334;0;0
18335;0;0
18336;0;0
18337;0;0
18338;0;0
18339;3;3
18340;3;0
18341;6;3
18342;14;8
18343;14;0
18344;16;2
18345;42;26
18346;44;2
18347;44;0
18348;58;14
18349;58;0
18350;84;26
18351;94;10
18352;107;13
18353;111;4
18354;116;5
18355;130;14
18356;144;14
18357;147;3
18358;216;69
18359;228;12
18360;270;42
18361;280;10
18362;298;18
18363;339;41
18364;377;38
18365;419;42
18366;430;11
18367;449;19
18368;466;17
18369;489;23
18370;506;17
18371;554;48
18372;568;14
18373;590;22
18374;612;22
18375;631;19
18376;665;34
18377;665;0
18378;682;17
18379;695;13
18380;708;13
18381;729;21
18382;746;17
18383;756;10
18384;769;13
18385;795;26
18386;830;35
18387;843;13
18388;871;28
18389;895;24
18390;906;11
18391;931;25
18392;1002;71
18393;1016;14
18394;1037;21
18395;1044;7
18396;1082;38
18397;1111;29
18398;1117;6
18399;1138;21
18400;1216;78
18401;1243;27
18402;1270;27
18403;1313;43
18404;1350;37
18405;1365;15
18406;1403;38
18407;1433;30
18408;1468;35
18409;1520;52
18410;1594;74
18411;1662;68
18412;1722;60
18413;1748;26
18414;1817;69
18415;1845;28
18416;1871;26
18417;1899;28
18418;1936;37
18419;1974;38
18420;2007;33
18421;2032;25
18422;2055;23
18423;2093;38
18424;2166;73
18425;2166;0
18426;2207;41
18427;2285;78
18428;2472;187
18429;2562;90
18430;2657;95
18431;2657;0
18432;2789;132
18433;2981;192
18434;3356;375
18435;3356;0
18436;3726;370
18437;3954;228
18438;4204;250
18439;4446;242
18440;4513;67
18441;5017;504
18442;5296;279
18443;5506;210
18444;6261;755
18445;6767;506
18446;6878;111
18447;7094;216
18448;7377;283
18449;8141;764
18450;8279;138
18451;8847;568
18452;9358;511
18453;9910;552
18454;10410;500
18455;11117;707
18456;11444;327
18457;11444;0
18458;12282;838
18459;12498;216
18460;13101;603
18461;24606;11505
18462;27143;2537
18463;27143;0
18464;28251;1108
18465;28980;729
18466;31247;2267
18467;31247;0
18468;32124;877
18469;32813;689
18470;33296;483
18471;33844;548
18472;34592;748
18473;35223;631
18474;35805;582
18475;36299;494
18476;36719;420
18477;37129;410
18478;37541;412
18479;38110;569
18480;38659;549
18481;39162;503
18482;39571;409
18483;39919;348
18484;40085;166
18485;40455;370
18486;40759;304
18487;41069;310
18488;41373;304
18489;41645;272
18490;41856;211
18491;41991;135
18492;42146;155
18493;42325;179
18494;42507;182
18495;42703;196
18496;42889;186
18497;43023;134
18498;43126;103
18499;43245;119
18500;43358;113
18501;43459;101
18502;43587;128
18503;43712;125
18504;43820;108
18505;43898;78
18506;43958;60
18507;44036;78
18508;44135;99
18509;44199;64
18510;44293;94
18511;44403;110
18512;44458;55
18513;44487;29
18514;44613;126
18515;44684;71
18516;44761;77
18517;44828;67
18518;44881;53
18519;44928;47
18520;44999;71
18521;45072;73
18522;45153;81
18523;45244;91
18524;45335;91
18525;45335;0
18526;45471;136
18527;45542;71
18528;45630;88
18529;45757;127
18530;45932;175
18531;46090;158
18532;46251;161
18533;46355;104
18534;46522;167
18535;46669;147
18536;46841;172
18537;47056;215
18538;47184;128
18539;47428;244
18540;47635;207
18541;47799;164
18542;48097;298
18543;48342;245
18544;48617;275
18545;48924;307
18546;49230;306
18547;49528;298
18548;49871;343
18549;50201;330
18550;50589;388
18551;51020;431
18552;51490;470
18553;52044;554
18554;52526;482
18555;52910;384
18556;53459;549
18557;54006;547
18558;54588;582
18559;55144;556
18560;55750;606
18561;56170;420
18562;56738;568
18563;57276;538
18564;57798;522
18565;58394;596
18566;58878;484
18567;58878;0
18568;59879;1001
18569;60774;895
18570;61309;535
18571;61309;0
18572;61748;439
18573;62304;556
18574;62819;515
18575;63390;571
18576;64360;970
18577;64360;0
18578;64887;527
18579;65454;567
18580;65953;499
18581;66983;1030
18582;66983;0
18583;67469;486
18584;67894;425
18585;68316;422
18586;68702;386
18587;69149;447
18588;69581;432
18589;69885;304
18590;70366;481
18591;71171;805
18592;71548;377
18593;71548;0
18594;71971;423
18595;72807;836
18596;73178;371
18597;73178;0
18598;73513;335
18599;73933;420
18600;74373;440
18601;74774;401
18602;75395;621
18603;75395;0
18604;75690;295
18605;76012;322
18606;76391;379
18607;77059;668
18608;77059;0
18609;77356;297
18610;77674;318
18611;78151;477
18612;78151;0
18613;78415;264
18614;78679;264
18615;78911;232
18616;79254;343
18617;79254;0
18618;79429;175
18619;79659;230
18620;79845;186
18621;80025;180
18622;80182;157
18623;80373;191
18624;80535;162
18625;80654;119
18626;80843;189
18627;81034;191
18628;81156;122
18629;81214;58
18630;81388;174
18631;81388;0
18632;81512;124
18633;81656;144
18634;81826;170
18635;81991;165
18636;82138;147
18637;82273;135
18638;82380;107
18639;82587;207
18640;82587;0
18641;82723;136
18642;82986;263
18643;83109;123
18644;83178;69
18645;83178;0
18646;83430;252
18647;83430;0
18648;83585;155
18649;83796;211
18650;83796;0
18651;83900;104
18652;84068;168
18653;84175;107
18654;84303;128
18655;84303;0
18656;84377;74
18657;84529;152
18658;84588;59
18659;84588;0
18660;84646;58
18661;84832;186
18662;84920;88
18663;84920;0
18664;84992;72
18665;85071;79
18666;85113;42
18667;85171;58
18668;85253;82
18669;85328;75
18670;85398;70
18671;85441;43
18672;85475;34
18673;85516;41
18674;85564;48
18675;85689;125
18676;85689;0
18677;85831;142
18678;85831;0
18679;85929;98
18680;85929;0
18681;86001;72
18682;86025;24
18683;86091;66
18684;86142;51
18685;86185;43
18686;86251;66
18687;86308;57
18688;86356;48
18689;86410;54
18690;86410;0
18691;86451;41
18692;86506;55
18693;86550;44
18694;86583;33
18695;86640;57
18696;86640;0
18697;86755;115
18698;86818;63
18699;86818;0
18700;86850;32
18701;86917;67
18702;87045;128
18703;87143;98
18704;87143;0
18705;87239;96
18706;87389;150
18707;87389;0
18708;87462;73
18709;87652;190
18710;87758;106
18711;87758;0
18712;87858;100
18713;87946;88
18714;88092;146
18715;88163;71
18716;88276;113
18717;88538;262
18718;88538;0
18719;88700;162
18720;88842;142
18721;89014;172
18722;89153;139
18723;89277;124
18724;89438;161
18725;89660;222
18726;89811;151
18727;90019;208
18728;90227;208
18729;90372;145
18730;90599;227
18731;90839;240
18732;91144;305
18733;91374;230
18734;91639;265
18735;91883;244
18736;92095;212
18737;92320;225
18738;92626;306
18739;93006;380
18740;93278;272
18741;93603;325
18742;93831;228
18743;94030;199
18744;94277;247
18745;94599;322
18746;94944;345
18747;95275;331
18748;95752;477
18749;96060;308
18750;96337;277
18751;96561;224
18752;96958;397
18753;97278;320
18754;97663;385
18755;98079;416
18756;98400;321
18757;98654;254
18758;99033;379
18759;99316;283
18760;99645;329
18761;99845;200
18762;100249;404
18763;100473;224
18764;100732;259
18765;100966;234
