condition;measurement;ncases
18283;0;0
18284;0;0
18285;0;0
18286;0;0
18287;0;0
18288;0;0
18289;0;0
18290;0;0
18291;0;0
18292;0;0
18293;0;0
18294;0;0
18295;0;0
18296;0;0
18297;0;0
18298;0;0
18299;0;0
18300;0;0
18301;0;0
18302;0;0
18303;0;0
18304;0;0
18305;0;0
18306;0;0
18307;0;0
18308;0;0
18309;0;0
18310;0;0
18311;0;0
18312;0;0
18313;0;0
18314;0;0
18315;0;0
18316;0;0
18317;0;0
18318;0;0
18319;0;0
18320;0;0
18321;0;0
18322;0;0
18323;1;1
18324;1;0
18325;1;0
18326;1;0
18327;1;0
18328;1;0
18329;2;1
18330;6;4
18331;8;2
18332;10;2
18333;10;0
18334;17;7
18335;26;9
18336;30;4
18337;34;4
18338;49;15
18339;71;22
18340;86;15
18341;111;25
18342;124;13
18343;139;15
18344;180;41
18345;197;17
18346;221;24
18347;244;23
18348;280;36
18349;305;25
18350;347;42
18351;376;29
18352;398;22
18353;446;48
18354;458;12
18355;493;35
18356;509;16
18357;533;24
18358;542;9
18359;548;6
18360;577;29
18361;589;12
18362;612;23
18363;630;18
18364;651;21
18365;655;4
18366;657;2
18367;666;9
18368;675;9
18369;682;7
18370;712;30
18371;727;15
18372;739;12
18373;748;9
18374;761;13
18375;778;17
18376;784;6
18377;804;20
18378;812;8
18379;818;6
18380;836;18
18381;849;13
18382;858;9
18383;870;12
18384;871;1
18385;879;8
18386;896;17
18387;896;0
18388;900;4
18389;909;9
18390;928;19
18391;930;2
18392;939;9
18393;946;7
18394;950;4
18395;951;1
18396;962;11
18397;970;8
18398;997;27
18399;1008;11
18400;1009;1
18401;1012;3
18402;1016;4
18403;1025;9
18404;1030;5
18405;1046;16
18406;1047;1
18407;1049;2
18408;1053;4
18409;1057;4
18410;1061;4
18411;1064;3
18412;1065;1
18413;1066;1
18414;1066;0
18415;1071;5
18416;1079;8
18417;1082;3
18418;1085;3
18419;1086;1
18420;1088;2
18421;1088;0
18422;1089;1
18423;1092;3
18424;1094;2
18425;1096;2
18426;1097;1
18427;1097;0
18428;1097;0
18429;1098;1
18430;1104;6
18431;1108;4
18432;1110;2
18433;1111;1
18434;1111;0
18435;1111;0
18436;1111;0
18437;1111;0
18438;1111;0
18439;1112;1
18440;1115;3
18441;1116;1
18442;1117;1
18443;1118;1
18444;1121;3
18445;1122;1
18446;1122;0
18447;1123;1
18448;1124;1
18449;1127;3
18450;1134;7
18451;1141;7
18452;1154;13
18453;1165;11
18454;1173;8
18455;1173;0
18456;1174;1
18457;1174;0
18458;1178;4
18459;1179;1
18460;1185;6
18461;1189;4
18462;1192;3
18463;1192;0
18464;1193;1
18465;1197;4
18466;1203;6
18467;1205;2
18468;1206;1
18469;1219;13
18470;1219;0
18471;1220;1
18472;1224;4
18473;1228;4
18474;1231;3
18475;1238;7
18476;1243;5
18477;1246;3
18478;1249;3
18479;1257;8
18480;1275;18
18481;1281;6
18482;1288;7
18483;1290;2
18484;1290;0
18485;1293;3
18486;1303;10
18487;1307;4
18488;1308;1
18489;1315;7
18490;1322;7
18491;1323;1
18492;1323;0
18493;1326;3
18494;1327;1
18495;1330;3
18496;1333;3
18497;1337;4
18498;1337;0
18499;1342;5
18500;1360;18
18501;1366;6
18502;1375;9
18503;1381;6
18504;1393;12
18505;1396;3
18506;1404;8
18507;1406;2
18508;1410;4
18509;1416;6
18510;1425;9
18511;1428;3
18512;1429;1
18513;1432;3
18514;1443;11
18515;1448;5
18516;1459;11
18517;1464;5
18518;1474;10
18519;1477;3
18520;1482;5
18521;1486;4
18522;1494;8
18523;1498;4
18524;1515;17
18525;1525;10
18526;1526;1
18527;1560;34
18528;1572;12
18529;1594;22
18530;1625;31
18531;1654;29
18532;1676;22
18533;1697;21
18534;1729;32
18535;1824;95
18536;1868;44
18537;1945;77
18538;2019;74
18539;2086;67
18540;2126;40
18541;2194;68
18542;2261;67
18543;2370;109
18544;2507;137
18545;2596;89
18546;2670;74
18547;2765;95
18548;2840;75
18549;2942;102
18550;3056;114
18551;3204;148
18552;3392;188
18553;3450;58
18554;3494;44
18555;3609;115
18556;3797;188
18557;3958;161
18558;4208;250
18559;4467;259
18560;4678;211
18561;4757;79
18562;4893;136
18563;5144;251
18564;5395;251
18565;5679;284
18566;5894;215
18567;6136;242
18568;6268;132
18569;6439;171
18570;6752;313
18571;7119;367
18572;7476;357
18573;7880;404
18574;8095;215
18575;8187;92
18576;8395;208
18577;8848;453
18578;9381;533
18579;9836;455
18580;10231;395
18581;10547;316
18582;10636;89
18583;10914;278
18584;11356;442
18585;11722;366
18586;12102;380
18587;12744;642
18588;13120;376
18589;13236;116
18590;13693;457
18591;14273;580
18592;15171;898
18593;15808;637
18594;16561;753
18595;16975;414
18596;17075;100
18597;17687;612
18598;18377;690
18599;19307;930
18600;19993;686
18601;20787;794
18602;21313;526
18603;21520;207
18604;22104;584
18605;22816;712
18606;23706;890
18607;24386;680
18608;25046;660
18609;25675;629
18610;25885;210
18611;26472;587
18612;27495;1023
18613;28535;1040
18614;29427;892
18615;30297;870
18616;30940;643
18617;31335;395
18618;32339;1004
18619;33484;1145
18620;34754;1270
18621;35420;666
18622;35819;399
18623;36330;511
18624;36838;508
18625;37676;838
18626;39043;1367
18627;40904;1861
18628;41615;711
18629;41929;314
18630;42497;568
18631;43118;621
18632;43942;824
18633;45171;1229
18634;46545;1374
18635;47782;1237
18636;48952;1170
18637;49568;616
18638;49899;331
18639;50777;878
18640;52032;1255
18641;52982;950
18642;54066;1084
18643;55097;1031
18644;55664;567
18645;55908;244
18646;56720;812
18647;57808;1088
18648;58710;902
18649;59586;876
18650;60496;910
18651;61008;512
18652;61231;223
18653;61924;693
18654;63027;1103
18655;63992;965
18656;64923;931
18657;65708;785
18658;66241;533
18659;66652;411
18660;67427;775
18661;68658;1231
18662;69400;742
18663;70276;876
18664;71320;1044
18665;71800;480
18666;72088;288
18667;72869;781
18668;73859;990
18669;74701;842
18670;75509;808
18671;76282;773
18672;76706;424
18673;76984;278
18674;77697;713
18675;78643;946
18676;79351;708
18677;80040;689
18678;81109;1069
18679;81519;410
18680;81793;274
18681;82462;669
18682;83445;983
18683;84258;813
18684;84983;725
18685;85810;827
18686;86186;376
18687;86458;272
18688;87103;645
18689;88022;919
18690;88668;646
18691;89414;746
18692;90009;595
18693;90331;322
18694;90525;194
18695;90997;472
18696;91636;639
18697;92274;638
18698;92906;632
18699;93484;578
18700;93781;297
18701;93959;178
18702;94602;643
18703;95420;818
18704;95902;482
18705;96524;622
18706;97149;625
18707;97409;260
18708;97586;177
18709;98094;508
18710;98870;776
18711;99476;606
18712;100114;638
18713;100716;602
18714;101040;324
18715;101207;167
18716;101733;526
18717;102363;630
18718;103001;638
18719;103588;587
18720;103867;279
18721;104105;238
18722;104224;119
18723;104533;309
18724;105176;643
18725;105916;740
18726;106574;658
18727;107240;666
18728;107608;368
18729;107818;210
18730;108355;537
18731;109088;733
18732;109731;643
18733;110343;612
18734;110997;654
18735;111334;337
18736;111536;202
18737;112224;688
18738;112983;759
18739;113561;578
18740;114244;683
18741;114955;711
18742;115316;361
18743;115536;220
18744;116132;596
18745;117099;967
18746;117795;696
18747;118558;763
18748;119370;812
18749;119750;380
18750;119953;203
18751;120378;425
18752;120736;358
18753;121509;773
18754;122545;1036
18755;123331;786
18756;123963;632
18757;124301;338
18758;124960;659
18759;125689;729
18760;126378;689
18761;127053;675
18762;127597;544
18763;127978;381
18764;128125;147
18765;128688;563
