condition;measurement;ncases
18283;0;0
18284;0;0
18285;0;0
18286;0;0
18287;0;0
18288;0;0
18289;0;0
18290;0;0
18291;0;0
18292;0;0
18293;0;0
18294;0;0
18295;0;0
18296;0;0
18297;0;0
18298;0;0
18299;0;0
18300;0;0
18301;0;0
18302;0;0
18303;0;0
18304;0;0
18305;0;0
18306;0;0
18307;0;0
18308;0;0
18309;0;0
18310;0;0
18311;0;0
18312;0;0
18313;1;1
18314;1;0
18315;1;0
18316;1;0
18317;1;0
18318;2;1
18319;2;0
18320;2;0
18321;4;2
18322;10;6
18323;13;3
18324;13;0
18325;13;0
18326;16;3
18327;22;6
18328;22;0
18329;32;10
18330;32;0
18331;41;9
18332;61;20
18333;61;0
18334;77;16
18335;93;16
18336;110;17
18337;110;0
18338;120;10
18339;133;13
18340;157;24
18341;163;6
18342;187;24
18343;248;61
18344;267;19
18345;318;51
18346;333;15
18347;368;35
18348;391;23
18349;412;21
18350;438;26
18351;446;8
18352;470;24
18353;479;9
18354;494;15
18355;508;14
18356;520;12
18357;527;7
18358;541;14
18359;548;7
18360;576;28
18361;582;6
18362;609;27
18363;619;10
18364;630;11
18365;632;2
18366;641;9
18367;658;17
18368;663;5
18369;668;5
18370;672;4
18371;673;1
18372;677;4
18373;677;0
18374;682;5
18375;688;6
18376;696;8
18377;704;8
18378;707;3
18379;710;3
18380;717;7
18381;721;4
18382;725;4
18383;729;4
18384;733;4
18385;737;4
18386;740;3
18387;741;1
18388;750;9
18389;784;34
18390;796;12
18391;809;13
18392;845;36
18393;859;14
18394;870;11
18395;878;8
18396;886;8
18397;891;5
18398;902;11
18399;911;9
18400;931;20
18401;954;23
18402;961;7
18403;1024;63
18404;1086;62
18405;1097;11
18406;1114;17
18407;1119;5
18408;1140;21
18409;1161;21
18410;1168;7
18411;1172;4
18412;1191;19
18413;1220;29
18414;1233;13
18415;1242;9
18416;1256;14
18417;1306;50
18418;1312;6
18419;1320;8
18420;1331;11
18421;1350;19
18422;1368;18
18423;1388;20
18424;1402;14
18425;1422;20
18426;1442;20
18427;1446;4
18428;1464;18
18429;1473;9
18430;1489;16
18431;1495;6
18432;1510;15
18433;1536;26
18434;1587;51
18435;1603;16
18436;1622;19
18437;1644;22
18438;1662;18
18439;1697;35
18440;1719;22
18441;1740;21
18442;1745;5
18443;1778;33
18444;1788;10
18445;1796;8
18446;1830;34
18447;1855;25
18448;1873;18
18449;1885;12
18450;1907;22
18451;1946;39
18452;2011;65
18453;2082;71
18454;2168;86
18455;2334;166
18456;2419;85
18457;2451;32
18458;2542;91
18459;2599;57
18460;2700;101
18461;2775;75
18462;2859;84
18463;2905;46
18464;2980;75
18465;3104;124
18466;3260;156
18467;3407;147
18468;3582;175
18469;3750;168
18470;3882;132
18471;4023;141
18472;4205;182
18473;4334;129
18474;4555;221
18475;4730;175
18476;4885;155
18477;5062;177
18478;5062;0
18479;5417;355
18480;5672;255
18481;5951;279
18482;6223;272
18483;6517;294
18484;6812;295
18485;7121;309
18486;7413;292
18487;7711;298
18488;8045;334
18489;8442;397
18490;8881;439
18491;9337;456
18492;9758;421
18493;10347;589
18494;10952;605
18495;11580;628
18496;12191;611
18497;12698;507
18498;13155;457
18499;13687;532
18500;14248;561
18501;14937;689
18502;15613;676
18503;16275;662
18504;16870;595
18505;17308;438
18506;17777;469
18507;18375;598
18508;18963;588
18509;19490;527
18510;20011;521
18511;20426;415
18512;20826;400
18513;21324;498
18514;21877;553
18515;22437;560
18516;22983;546
18517;23669;686
18518;24310;641
18519;25401;1091
18520;25449;48
18521;26083;634
18522;26768;685
18523;27518;750
18524;28297;779
18525;29303;1006
18526;29987;684
18527;30852;865
18528;31792;940
18529;32819;1027
18530;33962;1143
18531;35242;1280
18532;36254;1012
18533;37272;1018
18534;38377;1105
18535;39634;1257
18536;40882;1248
18537;42173;1291
18538;43494;1321
18539;44482;988
18540;45657;1175
18541;46918;1261
18542;48377;1459
18543;49744;1367
18544;51170;1426
18545;52558;1388
18546;53568;1010
18547;54624;1056
18548;55869;1245
18549;57246;1377
18550;58745;1499
18551;60113;1368
18552;61284;1171
18553;62286;1002
18554;62944;658
18555;64336;1392
18556;65577;1241
18557;67027;1450
18558;68479;1452
18559;69906;1427
18560;71390;1484
18561;72186;796
18562;73995;1809
18563;75845;1850
18564;77778;1933
18565;79529;1751
18566;81228;1699
18567;82617;1389
18568;83697;1080
18569;85209;1512
18570;87097;1888
18571;89186;2089
18572;91328;2142
18573;93097;1769
18574;94236;1139
18575;95355;1119
18576;96907;1552
18577;98829;1922
18578;100703;1874
18579;102607;1904
18580;104267;1660
18581;105430;1163
18582;106446;1016
18583;107953;1507
18584;110037;2084
18585;111946;1909
18586;113655;1709
18587;115283;1628
18588;116476;1193
18589;117517;1041
18590;118705;1188
18591;120341;1636
18592;122200;1859
18593;123982;1782
18594;125678;1696
18595;126944;1266
18596;127944;1000
18597;129455;1511
18598;131297;1842
18599;132817;1520
18600;134295;1478
18601;134295;0
18602;137112;2817
18603;138096;984
18604;139135;1039
18605;140409;1274
18606;142187;1778
18607;143705;1518
18608;145245;1540
18609;146520;1275
18610;147613;1093
18611;148877;1264
18612;150933;2056
18613;153049;2116
18614;154944;1895
18615;156570;1626
18616;158104;1534
18617;159286;1182
18618;160979;1693
18619;163225;2246
18620;165933;2708
18621;168069;2136
18622;169472;1403
18623;171226;1754
18624;172820;1594
18625;175118;2298
18626;177996;2878
18627;181503;3507
18628;183888;2385
18629;186408;2520
18630;189278;2870
18631;192139;2861
18632;195759;3620
18633;199925;4166
18634;204699;4774
18635;210139;5440
18636;215553;5414
18637;219296;3743
18638;222391;3095
18639;226948;4557
18640;231936;4988
18641;237132;5196
18642;243286;6154
18643;249158;5872
18644;252812;3654
18645;255956;3144
18646;260315;4359
18647;264647;4332
18648;269241;4594
18649;272461;3220
18650;276587;4126
18651;279597;3010
18652;282249;2652
18653;285754;3505
18654;289660;3906
18655;293157;3497
18656;296282;3125
18657;298913;2631
18658;301052;2139
18659;303072;2020
18660;305842;2770
18661;309162;3320
18662;312269;3107
18663;315340;3071
18664;317836;2496
18665;319917;2081
18666;321980;2063
18667;324866;2886
18668;328023;3157
18669;331159;3136
18670;334093;2934
18671;336999;2906
18672;339129;2130
18673;340868;1739
18674;343601;2733
18675;346080;2479
18676;348810;2730
18677;351065;2255
18678;353371;2306
18679;355073;1702
18680;356614;1541
18681;359337;2723
18682;362850;3513
18683;366319;3469
18684;369692;3373
18685;372792;3100
18686;375050;2258
18687;376938;1888
18688;380036;3098
18689;383499;3463
18690;386868;3369
18691;390070;3202
18692;393228;3158
18693;395604;2376
18694;397887;2283
18695;401826;3939
18696;405407;3581
18697;408909;3502
18698;411839;2930
18699;415362;3523
18700;418448;3086
18701;419953;1505
18702;423433;3480
18703;426977;3544
18704;430734;3757
18705;434322;3588
18706;436575;2253
18707;439568;2993
18708;441014;1446
18709;444865;3851
18710;448721;3856
18711;452281;3560
18712;455381;3100
18713;458338;2957
18714;461062;2724
18715;462339;1277
18716;465007;2668
18717;468400;3393
18718;471962;3562
18719;474925;2963
18720;477113;2188
18721;479501;2388
18722;480502;1001
18723;482798;2296
18724;485918;3120
18725;489428;3510
18726;491928;2500
18727;494633;2705
18728;496846;2213
18729;497854;1008
18730;499839;1985
18731;502299;2460
18732;504800;2501
18733;506808;2008
18734;508503;1695
18735;510403;1900
18736;511398;995
18737;513006;1608
18738;515088;2082
18739;516600;1512
18740;518104;1504
18741;519615;1511
18742;520939;1324
18743;521581;642
18744;522763;1182
18745;524241;1478
18746;525577;1336
18747;526578;1001
18748;527508;930
18749;528208;700
18750;528457;249
18751;529205;748
18752;530217;1012
18753;531234;1017
18754;531834;600
18755;532269;435
18756;532839;570
18757;533141;302
18758;533685;544
18759;534388;703
18760;534968;580
18761;534968;0
18762;535446;478
18763;535753;307
18764;535954;201
18765;536554;600
