condition;measurement;ncases
18283;0;0
18284;0;0
18285;0;0
18286;0;0
18287;0;0
18288;0;0
18289;0;0
18290;0;0
18291;0;0
18292;0;0
18293;0;0
18294;0;0
18295;0;0
18296;0;0
18297;0;0
18298;0;0
18299;0;0
18300;0;0
18301;0;0
18302;0;0
18303;0;0
18304;0;0
18305;0;0
18306;0;0
18307;0;0
18308;0;0
18309;0;0
18310;0;0
18311;0;0
18312;0;0
18313;0;0
18314;0;0
18315;0;0
18316;0;0
18317;0;0
18318;0;0
18319;0;0
18320;0;0
18321;0;0
18322;0;0
18323;0;0
18324;0;0
18325;0;0
18326;0;0
18327;0;0
18328;0;0
18329;0;0
18330;0;0
18331;0;0
18332;0;0
18333;0;0
18334;0;0
18335;0;0
18336;0;0
18337;0;0
18338;0;0
18339;0;0
18340;0;0
18341;0;0
18342;0;0
18343;0;0
18344;0;0
18345;1;1
18346;1;0
18347;1;0
18348;1;0
18349;3;2
18350;8;5
18351;8;0
18352;10;2
18353;10;0
18354;11;1
18355;11;0
18356;18;7
18357;18;0
18358;19;1
18359;20;1
18360;21;1
18361;24;3
18362;24;0
18363;24;0
18364;25;1
18365;26;1
18366;35;9
18367;48;13
18368;49;1
18369;49;0
18370;49;0
18371;51;2
18372;51;0
18373;51;0
18374;59;8
18375;60;1
18376;61;1
18377;61;0
18378;61;0
18379;61;0
18380;61;0
18381;61;0
18382;61;0
18383;63;2
18384;63;0
18385;63;0
18386;63;0
18387;63;0
18388;64;1
18389;64;0
18390;64;0
18391;64;0
18392;64;0
18393;64;0
18394;64;0
18395;64;0
18396;64;0
18397;64;0
18398;65;1
18399;65;0
18400;65;0
18401;68;3
18402;69;1
18403;71;2
18404;72;1
18405;75;3
18406;75;0
18407;75;0
18408;77;2
18409;99;22
18410;105;6
18411;118;13
18412;130;12
18413;156;26
18414;168;12
18415;182;14
18416;196;14
18417;209;13
18418;239;30
18419;256;17
18420;256;0
18421;332;76
18422;359;27
18423;378;19
18424;393;15
18425;409;16
18426;418;9
18427;454;36
18428;467;13
18429;484;17
18430;500;16
18431;510;10
18432;520;10
18433;544;24
18434;571;27
18435;595;24
18436;639;44
18437;670;31
18438;698;28
18439;713;15
18440;727;14
18441;762;35
18442;802;40
18443;824;22
18444;874;50
18445;891;17
18446;918;27
18447;989;71
18448;1046;57
18449;1117;71
18450;1182;65
18451;1268;86
18452;1342;74
18453;1342;0
18454;1389;47
18455;1433;44
18456;1512;79
18457;1563;51
18458;1589;26
18459;1652;63
18460;1704;52
18461;1791;87
18462;1866;75
18463;1980;114
18464;2088;108
18465;2176;88
18466;2314;138
18467;2424;110
18468;2547;123
18469;2669;122
18470;2827;158
18471;3017;190
18472;3222;205
18473;3438;216
18474;3621;183
18475;3691;70
18476;3837;146
18477;4063;226
18478;4224;161
18479;4475;251
18480;4879;404
18481;5079;200
18482;5232;153
18483;5451;219
18484;5929;478
18485;6302;373
18486;6611;309
18487;7050;439
18488;7327;277
18489;7738;411
18490;8172;434
18491;8579;407
18492;9068;489
18493;9463;395
18494;9707;244
18495;10121;414
18496;10437;316
18497;10437;0
18498;11009;572
18499;11281;272
18500;11834;553
18501;12274;440
18502;12629;355
18503;12958;329
18504;13423;465
18505;13966;543
18506;14624;658
18507;15156;532
18508;15773;617
18509;16445;672
18510;17094;649
18511;17749;655
18512;18834;1085
18513;19583;749
18514;20462;879
18515;20939;477
18516;21908;969
18517;22348;440
18518;22781;433
18519;23515;734
18520;24144;629
18521;24936;792
18522;25822;886
18523;26438;616
18524;27234;796
18525;27949;715
18526;28796;847
18527;29446;650
18528;30097;651
18529;30632;535
18530;31290;658
18531;31828;538
18532;32364;536
18533;33213;849
18534;34014;801
18535;34525;511
18536;35208;683
18537;35717;509
18538;36087;370
18539;36809;722
18540;37437;628
18541;38468;1031
18542;39513;1045
18543;40292;779
18544;41368;1076
18545;41686;318
18546;42712;1026
18547;43821;1109
18548;44985;1164
18549;45821;836
18550;46676;855
18551;47845;1169
18552;47845;0
18553;48790;945
18554;49949;1159
18555;50906;957
18556;51625;719
18557;52620;995
18558;53384;764
18559;54374;990
18560;56013;1639
18561;57223;1210
18562;57975;752
18563;58874;899
18564;59656;782
18565;60628;972
18566;61095;467
18567;62045;950
18568;62907;862
18569;63688;781
18570;64587;899
18571;65440;853
18572;66444;1004
18573;67039;595
18574;68117;1078
18575;69040;923
18576;70010;970
18577;70885;875
18578;71804;919
18579;72628;824
18580;72628;0
18581;73602;974
18582;74324;722
18583;74936;612
18584;75465;529
18585;76006;541
18586;76808;802
18587;76808;0
18588;77823;1015
18589;78473;650
18590;79180;707
18591;79797;617
18592;80407;610
18593;81273;866
18594;81273;0
18595;82430;1157
18596;82809;379
18597;83417;608
18598;84087;670
18599;84849;762
18600;85529;680
18601;85529;0
18602;86580;1051
18603;87097;517
18604;87986;889
18605;88522;536
18606;89183;661
18607;89880;697
18608;89880;0
18609;90779;899
18610;91357;578
18611;92017;660
18612;92577;560
18613;93283;706
18614;93772;489
18615;93772;0
18616;94560;788
18617;95200;640
18618;95706;506
18619;96346;640
18620;97192;846
18621;97653;461
18622;97653;0
18623;98381;728
18624;98913;532
18625;99350;437
18626;99935;585
18627;100277;342
18628;100744;467
18629;100744;0
18630;101414;670
18631;101975;561
18632;102456;481
18633;102880;424
18634;103515;635
18635;104002;487
18636;104002;0
18637;104745;743
18638;105378;633
18639;106030;652
18640;106670;640
18641;107434;764
18642;108017;583
18643;108017;0
18644;109088;1071
18645;109869;781
18646;110465;596
18647;111124;659
18648;111746;622
18649;112540;794
18650;112540;0
18651;113688;1148
18652;114429;741
18653;115299;870
18654;116064;765
18655;116779;715
18656;117650;871
18657;117650;0
18658;118631;981
18659;119402;771
18660;120434;1032
18661;121243;809
18662;122013;770
18663;122894;881
18664;122894;0
18665;124026;1132
18666;124882;856
18667;125561;679
18668;126028;467
18669;126361;333
18670;126881;520
18671;126881;0
18672;127354;473
18673;127705;351
18674;128036;331
18675;128348;312
18676;128740;392
18677;129325;585
18678;129325;0
18679;129797;472
18680;130212;415
18681;130701;489
18682;131262;561
18683;131833;571
18684;132458;625
18685;132458;0
18686;133338;880
18687;134127;789
18688;134967;840
18689;135585;618
18690;136587;1002
18691;137482;895
18692;137482;0
18693;138640;1158
18694;139658;1018
18695;140688;1030
18696;141598;910
18697;142671;1073
18698;143643;972
18699;143643;0
18700;144993;1350
18701;146080;1087
18702;147121;1041
18703;148175;1054
18704;149207;1032
18705;150341;1134
18706;150341;0
18707;151605;1264
18708;152510;905
18709;153411;901
18710;154320;909
18711;155232;912
18712;156116;884
18713;156116;0
18714;156849;733
18715;157545;696
18716;158251;706
18717;158957;706
18718;159980;1023
18719;161088;1108
18720;161088;0
18721;162294;1206
18722;163442;1148
18723;164318;876
18724;165287;969
18725;166156;869
18726;166888;732
18727;166888;0
18728;167825;937
18729;168676;851
18730;169504;828
18731;170045;541
18732;170558;513
18733;171131;573
18734;171131;0
18735;171880;749
18736;172464;584
18737;173089;625
18738;173683;594
18739;174216;533
18740;174752;536
18741;174752;0
18742;175286;534
18743;175753;467
18744;176254;501
18745;176701;447
18746;177072;371
18747;177508;436
18748;177508;0
18749;177871;363
18750;178335;464
18751;178672;337
18752;178927;255
18753;179193;266
18754;179697;504
18755;179697;0
18756;179970;273
18757;180226;256
18758;180692;466
18759;180945;253
18760;181179;234
18761;181179;0
18762;181179;0
18763;181410;231
18764;181714;304
18765;182012;298
