condition;measurement;ncases
18283;0;0
18284;0;0
18285;0;0
18286;0;0
18287;0;0
18288;0;0
18289;0;0
18290;0;0
18291;0;0
18292;0;0
18293;0;0
18294;0;0
18295;0;0
18296;0;0
18297;0;0
18298;0;0
18299;0;0
18300;0;0
18301;0;0
18302;0;0
18303;0;0
18304;0;0
18305;0;0
18306;0;0
18307;0;0
18308;0;0
18309;0;0
18310;0;0
18311;0;0
18312;0;0
18313;0;0
18314;0;0
18315;0;0
18316;0;0
18317;0;0
18318;0;0
18319;0;0
18320;0;0
18321;1;1
18322;1;0
18323;1;0
18324;1;0
18325;1;0
18326;1;0
18327;2;1
18328;2;0
18329;3;1
18330;3;0
18331;5;2
18332;7;2
18333;19;12
18334;34;15
18335;51;17
18336;59;8
18337;77;18
18338;140;63
18339;203;63
18340;335;132
18341;484;149
18342;670;186
18343;798;128
18344;875;77
18345;1099;224
18346;1333;234
18347;1453;120
18348;1605;152
18349;1831;226
18350;1950;119
18351;1988;38
18352;2178;190
18353;2319;141
18354;2487;168
18355;2612;125
18356;2729;117
18357;2804;75
18358;2843;39
18359;2970;127
18360;3034;64
18361;3115;81
18362;3223;108
18363;3270;47
18364;3281;11
18365;3292;11
18366;3307;15
18367;3373;66
18368;3444;71
18369;3480;36
18370;3537;57
18371;3550;13
18372;3558;8
18373;3618;60
18374;3654;36
18375;3665;11
18376;3695;30
18377;3711;16
18378;3723;12
18379;3729;6
18380;3741;12
18381;3769;28
18382;3784;15
18383;3802;18
18384;3812;10
18385;3824;12
18386;3828;4
18387;3840;12
18388;3851;11
18389;3859;8
18390;3871;12
18391;3877;6
18392;3886;9
18393;3888;2
18394;3894;6
18395;3904;10
18396;3915;11
18397;3923;8
18398;3930;7
18399;3945;15
18400;3947;2
18401;3958;11
18402;3971;13
18403;3980;9
18404;3981;1
18405;3990;9
18406;3992;2
18407;3993;1
18408;3995;2
18409;4001;6
18410;4008;7
18411;4012;4
18412;4016;4
18413;4018;2
18414;4019;1
18415;4020;1
18416;4024;4
18417;4027;3
18418;4032;5
18419;4035;3
18420;4039;4
18421;4040;1
18422;4046;6
18423;4049;3
18424;4052;3
18425;4055;3
18426;4063;8
18427;4070;7
18428;4072;2
18429;4075;3
18430;4085;10
18431;4091;6
18432;4099;8
18433;4105;6
18434;4120;15
18435;4121;1
18436;4133;12
18437;4140;7
18438;4151;11
18439;4173;22
18440;4217;44
18441;4242;25
18442;4256;14
18443;4299;43
18444;4345;46
18445;4395;50
18446;4447;52
18447;4476;29
18448;4522;46
18449;4542;20
18450;4603;61
18451;4650;47
18452;4719;69
18453;4777;58
18454;4842;65
18455;4925;83
18456;4956;31
18457;5056;100
18458;5122;66
18459;5285;163
18460;5409;124
18461;5483;74
18462;5605;122
18463;5639;34
18464;5725;86
18465;5854;129
18466;5952;98
18467;6056;104
18468;6189;133
18469;6272;83
18470;6321;49
18471;6375;54
18472;6533;158
18473;6616;83
18474;6695;79
18475;6793;98
18476;6855;62
18477;6864;9
18478;6917;53
18479;7007;90
18480;7073;66
18481;7113;40
18482;7169;56
18483;7205;36
18484;7216;11
18485;7242;26
18486;7300;58
18487;7368;68
18488;7405;37
18489;7439;34
18490;7458;19
18491;7469;11
18492;7499;30
18493;7566;67
18494;7637;71
18495;7704;67
18496;7762;58
18497;7775;13
18498;7794;19
18499;7838;44
18500;7928;90
18501;7928;0
18502;6580;-1348
18503;6625;45
18504;6625;0
18505;6625;0
18506;6625;0
18507;6745;120
18508;6811;66
18509;6854;43
18510;6896;42
18511;6950;54
18512;6960;10
18513;6974;14
18514;7023;49
18515;7088;65
18516;7088;0
18517;7159;71
18518;7159;0
18519;7244;85
18520;7284;40
18521;7394;110
18522;7541;147
18523;7718;177
18524;7718;0
18525;7718;0
18526;7916;198
18527;8016;100
18528;8090;74
18529;8158;68
18530;8233;75
18531;8233;0
18532;8233;0
18533;8376;143
18534;8431;55
18535;8509;78
18536;8595;86
18537;8709;114
18538;8709;0
18539;8709;0
18540;8925;216
18541;8979;54
18542;9119;140
18543;9219;100
18544;9360;141
18545;9514;154
18546;9722;208
18547;9731;9
18548;9840;109
18549;10030;190
18550;10244;214
18551;10471;227
18552;10471;0
18553;10888;417
18554;11010;122
18555;11241;231
18556;11671;430
18557;12333;662
18558;12851;518
18559;12851;0
18560;12851;0
18561;14399;1548
18562;14884;485
18563;15659;775
18564;16356;697
18565;17134;778
18566;17134;0
18567;17134;0
18568;19101;1967
18569;19634;533
18570;20344;710
18571;21147;803
18572;21806;659
18573;21806;0
18574;21806;0
18575;23227;1421
18576;23710;483
18577;23710;0
18578;25218;1508
18579;25931;713
18580;25931;0
18581;25931;0
18582;27256;1325
18583;27681;425
18584;28573;892
18585;29243;670
18586;29762;519
18587;29762;0
18588;29762;0
18589;31111;1349
18590;31484;373
18591;32100;616
18592;32873;773
18593;33409;536
18594;33409;0
18595;33409;0
18596;34678;1269
18597;35129;451
18598;35802;673
18599;36429;627
18600;37017;588
18601;37017;0
18602;37017;0
18603;38476;1459
18604;38476;0
18605;38476;0
18606;40037;1561
18607;40755;718
18608;40755;0
18609;40755;0
18610;41900;1145
18611;42250;350
18612;42845;595
18613;43279;434
18614;43728;449
18615;43728;0
18616;43728;0
18617;44582;854
18618;44809;227
18619;45209;400
18620;45209;0
18621;45209;0
18622;45209;0
18623;45209;0
18624;45849;640
18625;46088;239
18626;46415;327
18627;46415;0
18628;46415;0
18629;46415;0
18630;46415;0
18631;46986;571
18632;47149;163
18633;47430;281
18634;47592;162
18635;47744;152
18636;47744;0
18637;47744;0
18638;48027;283
18639;48181;154
18640;48372;191
18641;48486;114
18642;48630;144
18643;48630;0
18644;48630;0
18645;48890;260
18646;48975;85
18647;49204;229
18648;49319;115
18649;49438;119
18650;49438;0
18651;49438;0
18652;49733;295
18653;49852;119
18654;50089;237
18655;50228;139
18656;50388;160
18657;50388;0
18658;50388;0
18659;50733;345
18660;50923;190
18661;51128;205
18662;51330;202
18663;51512;182
18664;51512;0
18665;51512;0
18666;51879;367
18667;52022;143
18668;52247;225
18669;52392;145
18670;52539;147
18671;52539;0
18672;52539;0
18673;52923;384
18674;53062;139
18675;53329;267
18676;53562;233
18677;53782;220
18678;53782;0
18679;53782;0
18680;54172;390
18681;54354;182
18682;54678;324
18683;54871;193
18684;55110;239
18685;55110;0
18686;55110;0
18687;55480;370
18688;55632;152
18689;55902;270
18690;56110;208
18691;56296;186
18692;56296;0
18693;56296;0
18694;56677;381
18695;56822;145
18696;57056;234
18697;57321;265
18698;57503;182
18699;57503;0
18700;57503;0
18701;57926;423
18702;58111;185
18703;58408;297
18704;58674;266
18705;58955;281
18706;58955;0
18707;58955;0
18708;59497;542
18709;59662;165
18710;59907;245
18711;60205;298
18712;60465;260
18713;60465;0
18714;60465;0
18715;61073;608
18716;61255;182
18717;61642;387
18718;61881;239
18719;62105;224
18720;62105;0
18721;62105;0
18722;62105;0
18723;62625;520
18724;62793;168
18725;63180;387
18726;63467;287
18727;63467;0
18728;63467;0
18729;63880;413
18730;64062;182
18731;64334;272
18732;64549;215
18733;64746;197
18734;64746;0
18735;64746;0
18736;65144;398
18737;65319;175
18738;65604;285
18739;65813;209
18740;66007;194
18741;66007;0
18742;66007;0
18743;66374;367
18744;66594;220
18745;66826;232
18746;67045;219
18747;67205;160
18748;67205;0
18749;67205;0
18750;67495;290
18751;67642;147
18752;67850;208
18753;68020;170
18754;68153;133
18755;68153;0
18756;68153;0
18757;68431;278
18758;68552;121
18759;68748;196
18760;68748;0
18761;68922;174
18762;68922;0
18763;68922;0
18764;69190;268
18765;69239;49
