condition;measurement;ncases
18283;0;0
18284;0;0
18285;0;0
18286;0;0
18287;0;0
18288;0;0
18289;0;0
18290;0;0
18291;0;0
18292;0;0
18293;0;0
18294;0;0
18295;0;0
18296;0;0
18297;0;0
18298;0;0
18299;0;0
18300;0;0
18301;0;0
18302;0;0
18303;0;0
18304;0;0
18305;0;0
18306;0;0
18307;0;0
18308;0;0
18309;0;0
18310;0;0
18311;0;0
18312;0;0
18313;0;0
18314;0;0
18315;0;0
18316;0;0
18317;0;0
18318;0;0
18319;0;0
18320;0;0
18321;0;0
18322;0;0
18323;0;0
18324;0;0
18325;0;0
18326;0;0
18327;0;0
18328;0;0
18329;0;0
18330;0;0
18331;0;0
18332;0;0
18333;0;0
18334;0;0
18335;0;0
18336;0;0
18337;0;0
18338;0;0
18339;0;0
18340;0;0
18341;3;3
18342;3;0
18343;3;0
18344;12;9
18345;17;5
18346;19;2
18347;23;4
18348;26;3
18349;26;0
18350;39;13
18351;43;4
18352;57;14
18353;57;0
18354;59;2
18355;70;11
18356;70;0
18357;72;2
18358;82;10
18359;88;6
18360;93;5
18361;93;0
18362;93;0
18363;102;9
18364;106;4
18365;106;0
18366;108;2
18367;110;2
18368;111;1
18369;117;6
18370;120;3
18371;121;1
18372;121;0
18373;121;0
18374;121;0
18375;121;0
18376;122;1
18377;123;1
18378;124;1
18379;128;4
18380;128;0
18381;128;0
18382;128;0
18383;132;4
18384;135;3
18385;149;14
18386;149;0
18387;151;2
18388;158;7
18389;193;35
18390;193;0
18391;193;0
18392;193;0
18393;186;-7
18394;186;0
18395;212;26
18396;230;18
18397;238;8
18398;283;45
18399;304;21
18400;322;18
18401;326;4
18402;371;45
18403;405;34
18404;448;43
18405;488;40
18406;527;39
18407;542;15
18408;586;44
18409;612;26
18410;656;44
18411;698;42
18412;758;60
18413;771;13
18414;826;55
18415;845;19
18416;908;63
18417;957;49
18418;975;18
18419;1026;51
18420;1052;26
18421;1094;42
18422;1138;44
18423;1162;24
18424;1203;41
18425;1240;37
18426;1252;12
18427;1272;20
18428;1290;18
18429;1317;27
18430;1378;61
18431;1403;25
18432;1443;40
18433;1503;60
18434;1596;93
18435;1640;44
18436;1724;84
18437;1787;63
18438;1829;42
18439;1922;93
18440;2005;83
18441;2078;73
18442;2138;60
18443;2214;76
18444;2303;89
18445;2403;100
18446;2512;109
18447;2728;216
18448;2941;213
18449;3250;309
18450;3472;222
18451;3573;101
18452;3782;209
18453;4143;361
18454;4578;435
18455;4867;289
18456;5080;213
18457;5343;263
18458;5605;262
18459;6089;484
18460;6467;378
18461;6849;382
18462;7049;200
18463;7153;104
18464;7548;395
18465;8162;614
18466;8381;219
18467;8741;360
18468;8866;125
18469;9295;429
18470;9690;395
18471;10104;414
18472;10317;213
18473;10748;431
18474;10868;120
18475;11273;405
18476;11528;255
18477;11660;132
18478;11895;235
18479;12222;327
18480;12526;304
18481;12708;182
18482;12922;214
18483;13086;164
18484;13202;116
18485;13317;115
18486;13397;80
18487;13522;125
18488;13643;121
18489;13724;81
18490;13827;103
18491;13886;59
18492;14009;123
18493;14074;65
18494;14154;80
18495;14218;64
18496;14277;59
18497;14327;50
18498;14402;75
18499;14475;73
18500;14554;79
18501;14592;38
18502;14696;104
18503;14791;95
18504;14843;52
18505;14863;20
18506;14957;94
18507;15023;66
18508;15106;83
18509;15187;81
18510;15269;82
18511;15319;50
18512;15352;33
18513;15435;83
18514;15520;85
18515;15624;104
18516;15669;45
18517;15737;68
18518;15757;20
18519;15769;12
18520;15803;34
18521;15871;68
18522;15925;54
18523;15971;46
18524;16020;49
18525;16053;33
18526;16073;20
18527;16136;63
18528;16167;31
18529;16191;24
18530;16221;30
18531;16257;36
18532;16285;28
18533;16348;63
18534;16377;29
18535;16408;31
18536;16454;46
18537;16493;39
18538;16529;36
18539;16558;29
18540;16570;12
18541;16600;30
18542;16633;33
18543;16654;21
18544;16676;22
18545;16702;26
18546;16718;16
18547;16726;8
18548;16754;28
18549;16754;0
18550;16754;0
18551;16754;0
18552;16810;56
18553;16810;0
18554;16810;0
18555;16810;0
18556;16810;0
18557;16810;0
18558;16810;0
18559;16968;158
18560;16968;0
18561;16968;0
18562;16968;0
18563;16968;0
18564;16968;0
18565;16968;0
18566;17111;143
18567;17111;0
18568;17111;0
18569;17111;0
18570;17111;0
18571;17111;0
18572;17111;0
18573;17111;0
18574;17223;112
18575;17223;0
18576;17223;0
18577;17223;0
18578;17223;0
18579;17223;0
18580;17223;0
18581;17310;87
18582;17310;0
18583;17310;0
18584;17310;0
18585;17310;0
18586;17310;0
18587;17310;0
18588;17341;31
18589;17341;0
18590;17341;0
18591;17341;0
18592;17341;0
18593;17341;0
18594;17341;0
18595;17341;0
18596;17341;0
18597;17341;0
18598;17341;0
18599;17341;0
18600;17341;0
18601;17473;132
18602;17473;0
18603;17473;0
18604;17473;0
18605;17473;0
18606;17473;0
18607;17473;0
18608;17587;114
18609;17587;0
18610;17587;0
18611;17587;0
18612;17587;0
18613;17587;0
18614;17587;0
18615;17587;0
18616;17633;46
18617;17633;0
18618;17633;0
18619;17633;0
18620;17633;0
18621;17633;0
18622;17633;0
18623;17714;81
18624;17714;0
18625;17714;0
18626;17714;0
18627;17714;0
18628;17714;0
18629;17767;53
18630;17767;0
18631;17767;0
18632;17767;0
18633;17767;0
18634;17767;0
18635;17767;0
18636;17767;0
18637;18001;234
18638;18001;0
18639;18001;0
18640;18001;0
18641;18001;0
18642;18001;0
18643;18001;0
18644;18301;300
18645;18301;0
18646;18301;0
18647;18301;0
18648;18301;0
18649;18301;0
18650;18301;0
18651;18743;442
18652;18743;0
18653;18743;0
18654;18743;0
18655;18743;0
18656;18743;0
18657;18743;0
18658;19065;322
18659;19065;0
18660;19065;0
18661;19065;0
18662;19065;0
18663;19065;0
18664;19065;0
18665;19360;295
18666;19360;0
18667;19360;0
18668;19360;0
18669;19360;0
18670;19360;0
18671;19360;0
18672;19598;238
18673;19598;0
18674;19598;0
18675;19598;0
18676;19598;0
18677;19598;0
18678;19598;0
18679;19831;233
18680;19831;0
18681;19831;0
18682;19831;0
18683;19831;0
18684;19831;0
18685;19831;0
18686;19831;0
18687;19831;0
18688;19831;0
18689;19831;0
18690;19831;0
18691;19831;0
18692;20155;324
18693;20155;0
18694;20155;0
18695;20155;0
18696;20155;0
18697;20155;0
18698;20155;0
18699;21356;1201
18700;21356;0
18701;21587;231
18702;21688;101
18703;21826;138
18704;21999;173
18705;22113;114
18706;22275;162
18707;22484;209
18708;22616;132
18709;22682;66
18710;22844;162
18711;23040;196
18712;23230;190
18713;23424;194
18714;23585;161
18715;23969;384
18716;24264;295
18717;24426;162
18718;24696;270
18719;24968;272
18720;25262;294
18721;25572;310
18722;25709;137
18723;25874;165
18724;26127;253
18725;26475;348
18726;27034;559
18727;27548;514
18728;28063;515
18729;28541;478
18730;28765;224
18731;29348;583
18732;30207;859
18733;31039;832
18734;31617;578
18735;32205;588
18736;32798;593
18737;33202;404
18738;33592;390
18739;34069;477
18740;34775;706
18741;35262;487
18742;35746;484
18743;36045;299
18744;36190;145
18745;36510;320
18746;36696;186
18747;37014;318
18748;37296;282
18749;37630;334
18750;37751;121
18751;37989;238
18752;38116;127
18753;38337;221
18754;38641;304
18755;38874;233
18756;39012;138
18757;39162;150
18758;39351;189
18759;39510;159
18760;39759;249
18761;39888;129
18762;40005;117
18763;40141;136
18764;40204;63
18765;40326;122
