condition;measurement;ncases
18283;0;0
18284;0;0
18285;0;0
18286;0;0
18287;0;0
18288;0;0
18289;0;0
18290;0;0
18291;0;0
18292;0;0
18293;0;0
18294;0;0
18295;0;0
18296;0;0
18297;0;0
18298;0;0
18299;0;0
18300;0;0
18301;0;0
18302;0;0
18303;0;0
18304;0;0
18305;0;0
18306;0;0
18307;0;0
18308;0;0
18309;0;0
18310;0;0
18311;0;0
18312;0;0
18313;0;0
18314;0;0
18315;0;0
18316;0;0
18317;0;0
18318;0;0
18319;0;0
18320;0;0
18321;0;0
18322;0;0
18323;0;0
18324;0;0
18325;0;0
18326;0;0
18327;0;0
18328;0;0
18329;4;4
18330;4;0
18331;6;2
18332;8;2
18333;8;0
18334;9;1
18335;10;1
18336;13;3
18337;13;0
18338;13;0
18339;13;0
18340;13;0
18341;13;0
18342;13;0
18343;13;0
18344;13;0
18345;13;0
18346;13;0
18347;13;0
18348;16;3
18349;16;0
18350;17;1
18351;17;0
18352;18;1
18353;19;1
18354;19;0
18355;19;0
18356;19;0
18357;19;0
18358;19;0
18359;19;0
18360;19;0
18361;19;0
18362;19;0
18363;19;0
18364;20;1
18365;20;0
18366;20;0
18367;22;2
18368;25;3
18369;28;3
18370;35;7
18371;52;17
18372;69;17
18373;83;14
18374;86;3
18375;108;22
18376;129;21
18377;177;48
18378;214;37
18379;226;12
18380;250;24
18381;278;28
18382;468;190
18383;491;23
18384;519;28
18385;527;8
18386;541;14
18387;573;32
18388;617;44
18389;648;31
18390;744;96
18391;790;46
18392;835;45
18393;897;62
18394;904;7
18395;955;51
18396;982;27
18397;1031;49
18398;1078;47
18399;1094;16
18400;1106;12
18401;1143;37
18402;1186;43
18403;1216;30
18404;1274;58
18405;1313;39
18406;1371;58
18407;1395;24
18408;1438;43
18409;1457;19
18410;1513;56
18411;1591;78
18412;1672;81
18413;1773;101
18414;1829;56
18415;1841;12
18416;1850;9
18417;1872;22
18418;1883;11
18419;1901;18
18420;1903;2
18421;1916;13
18422;1942;26
18423;1962;20
18424;1976;14
18425;2003;27
18426;2013;10
18427;2035;22
18428;2065;30
18429;2094;29
18430;2120;26
18431;2137;17
18432;2150;13
18433;2187;37
18434;2203;16
18435;2217;14
18436;2238;21
18437;2261;23
18438;2277;16
18439;2283;6
18440;2305;22
18441;2324;19
18442;2337;13
18443;2361;24
18444;2382;21
18445;2400;18
18446;2410;10
18447;2435;25
18448;2468;33
18449;2491;23
18450;2501;10
18451;2517;16
18452;2553;36
18453;2617;64
18454;2664;47
18455;2731;67
18456;2762;31
18457;2801;39
18458;2831;30
18459;2899;68
18460;2913;14
18461;2930;17
18462;2966;36
18463;2999;33
18464;3044;45
18465;3103;59
18466;3120;17
18467;3175;55
18468;3252;77
18469;3302;50
18470;3369;67
18471;3506;137
18472;3567;61
18473;3719;152
18474;3793;74
18475;3949;156
18476;4164;215
18477;4293;129
18478;4446;153
18479;4594;148
18480;4680;86
18481;4769;89
18482;4898;129
18483;5041;143
18484;5157;116
18485;5223;66
18486;5366;143
18487;5494;128
18488;5572;78
18489;5679;107
18490;5785;106
18491;5909;124
18492;6079;170
18493;6225;146
18494;6370;145
18495;6564;194
18496;6660;96
18497;6779;119
18498;6912;133
18499;7047;135
18500;7225;178
18501;7329;104
18502;7469;140
18503;7578;109
18504;7667;89
18505;7804;137
18506;8003;199
18507;8140;137
18508;8281;141
18509;8361;80
18510;8486;125
18511;8584;98
18512;8667;83
18513;8741;74
18514;8834;93
18515;8900;66
18516;8990;90
18517;9052;62
18518;9173;121
18519;9243;70
18520;9328;85
18521;9427;99
18522;9494;67
18523;9568;74
18524;9649;81
18525;9724;75
18526;9770;46
18527;9818;48
18528;9885;67
18529;9939;54
18530;10014;75
18531;10045;31
18532;10098;53
18533;10157;59
18534;10194;37
18535;10291;97
18536;10354;63
18537;10398;44
18538;10465;67
18539;10530;65
18540;10567;37
18541;10621;54
18542;10656;35
18543;10742;86
18544;10808;66
18545;10859;51
18546;10894;35
18547;10943;49
18548;10993;50
18549;11062;69
18550;11113;51
18551;11154;41
18552;11178;24
18553;11210;32
18554;11232;22
18555;11271;39
18556;11316;45
18557;11358;42
18558;11391;33
18559;11421;30
18560;11505;84
18561;11532;27
18562;11567;35
18563;11591;24
18564;11616;25
18565;11643;27
18566;11659;16
18567;11701;42
18568;11737;36
18569;11796;59
18570;11822;26
18571;11893;71
18572;11932;39
18573;11962;30
18574;11986;24
18575;12009;23
18576;12030;21
18577;12059;29
18578;12085;26
18579;12112;27
18580;12154;42
18581;12204;50
18582;12314;110
18583;12355;41
18584;12384;29
18585;12452;68
18586;12546;94
18587;12578;32
18588;12608;30
18589;12758;150
18590;12810;52
18591;12854;44
18592;12889;35
18593;12933;44
18594;12947;14
18595;12994;47
18596;13011;17
18597;13049;38
18598;13070;21
18599;13106;36
18600;13143;37
18601;13159;16
18602;13198;39
18603;13213;15
18604;13248;35
18605;13274;26
18606;13308;34
18607;13326;18
18608;13348;22
18609;13368;20
18610;13379;11
18611;13392;13
18612;13402;10
18613;13418;16
18614;13444;26
18615;13474;30
18616;13493;19
18617;13501;8
18618;13524;23
18619;13537;13
18620;13558;21
18621;13583;25
18622;13618;35
18623;13644;26
18624;13660;16
18625;13691;31
18626;13738;47
18627;13757;19
18628;13804;47
18629;13834;30
18630;13867;33
18631;13893;26
18632;13930;37
18633;13967;37
18634;13988;21
18635;14040;52
18636;14065;25
18637;14109;44
18638;14159;50
18639;14218;59
18640;14277;59
18641;14325;48
18642;14375;50
18643;14426;51
18644;14513;87
18645;14582;69
18646;14633;51
18647;14712;79
18648;14765;53
18649;14830;65
18650;14885;55
18651;14993;108
18652;15102;109
18653;15247;145
18654;15390;143
18655;15496;106
18656;15614;118
18657;15736;122
18658;15841;105
18659;16056;215
18660;16155;99
18661;16276;121
18662;16410;134
18663;16547;137
18664;16656;109
18665;16783;127
18666;16909;126
18667;17101;192
18668;17201;100
18669;17387;186
18670;17507;120
18671;17716;209
18672;17828;112
18673;17953;125
18674;18082;129
18675;18224;142
18676;18340;116
18677;18467;127
18678;18612;145
18679;18769;157
18680;18930;161
18681;19038;108
18682;19162;124
18683;19346;184
18684;19479;133
18685;19597;118
18686;19793;196
18687;19979;186
18688;20144;165
18689;20280;136
18690;20447;167
18691;20565;118
18692;20663;98
18693;20794;131
18694;20919;125
18695;21034;115
18696;21144;110
18697;21268;124
18698;21382;114
18699;21476;94
18700;21572;96
18701;21666;94
18702;21819;153
18703;21961;142
18704;22147;186
18705;22292;145
18706;22373;81
18707;22513;140
18708;22662;149
18709;22790;128
18710;22929;139
18711;23091;162
18712;23237;146
18713;23403;166
18714;23524;121
18715;23671;147
18716;23838;167
18717;24079;241
18718;24379;300
18719;24548;169
18720;24651;103
18721;24783;132
18722;24908;125
18723;25053;145
18724;25191;138
18725;25304;113
18726;25436;132
18727;25524;88
18728;25617;93
18729;25701;84
18730;25759;58
18731;25844;85
18732;25939;95
18733;26021;82
18734;26145;124
18735;26348;203
18736;26505;157
18737;26667;162
18738;26920;253
18739;27084;164
18740;27403;319
18741;27621;218
18742;27874;253
18743;28202;328
18744;28588;386
18745;29052;464
18746;29370;318
18747;29835;465
18748;30237;402
18749;30745;508
18750;31330;585
18751;31931;601
18752;32665;734
18753;33368;703
18754;34134;766
18755;34724;590
18756;35815;1091
18757;37019;1204
18758;38520;1501
18759;40092;1572
18760;41308;1216
18761;42775;1467
18762;43782;1007
18763;44523;741
18764;45956;1433
18765;47421;1465
