condition;measurement;ncases
18283;0;0
18284;0;0
18285;0;0
18286;0;0
18287;0;0
18288;0;0
18289;0;0
18290;0;0
18291;0;0
18292;0;0
18293;0;0
18294;0;0
18295;0;0
18296;0;0
18297;0;0
18298;0;0
18299;0;0
18300;0;0
18301;0;0
18302;0;0
18303;0;0
18304;0;0
18305;0;0
18306;0;0
18307;0;0
18308;0;0
18309;0;0
18310;0;0
18311;0;0
18312;0;0
18313;0;0
18314;0;0
18315;0;0
18316;0;0
18317;0;0
18318;0;0
18319;0;0
18320;0;0
18321;0;0
18322;0;0
18323;0;0
18324;0;0
18325;0;0
18326;0;0
18327;0;0
18328;0;0
18329;0;0
18330;0;0
18331;0;0
18332;0;0
18333;0;0
18334;0;0
18335;0;0
18336;0;0
18337;0;0
18338;0;0
18339;0;0
18340;0;0
18341;0;0
18342;0;0
18343;0;0
18344;0;0
18345;0;0
18346;2;2
18347;4;2
18348;11;7
18349;18;7
18350;18;0
18351;25;7
18352;28;3
18353;31;3
18354;36;5
18355;39;3
18356;41;2
18357;45;4
18358;47;2
18359;56;9
18360;59;3
18361;74;15
18362;87;13
18363;87;0
18364;105;18
18365;123;18
18366;144;21
18367;148;4
18368;171;23
18369;171;0
18370;216;45
18371;224;8
18372;246;22
18373;258;12
18374;293;35
18375;309;16
18376;325;16
18377;370;45
18378;389;19
18379;408;19
18380;424;16
18381;482;58
18382;490;8
18383;508;18
18384;544;36
18385;563;19
18386;580;17
18387;612;32
18388;631;19
18389;650;19
18390;668;18
18391;692;24
18392;704;12
18393;712;8
18394;730;18
18395;758;28
18396;779;21
18397;806;27
18398;835;29
18399;860;25
18400;874;14
18401;901;27
18402;931;30
18403;947;16
18404;969;22
18405;1015;46
18406;1030;15
18407;1059;29
18408;1077;18
18409;1116;39
18410;1194;78
18411;1226;32
18412;1250;24
18413;1265;15
18414;1315;50
18415;1351;36
18416;1386;35
18417;1461;75
18418;1485;24
18419;1523;38
18420;1533;10
18421;1547;14
18422;1586;39
18423;1667;81
18424;1722;55
18425;1752;30
18426;1776;24
18427;1809;33
18428;1860;51
18429;1885;25
18430;1890;5
18431;1906;16
18432;1923;17
18433;1933;10
18434;1933;0
18435;1961;28
18436;1978;17
18437;2005;27
18438;2039;34
18439;2060;21
18440;2118;58
18441;2147;29
18442;2173;26
18443;2181;8
18444;2202;21
18445;2260;58
18446;2285;25
18447;2303;18
18448;2330;27
18449;2331;1
18450;2348;17
18451;2358;10
18452;2370;12
18453;2404;34
18454;2406;2
18455;2411;5
18456;2412;1
18457;2423;11
18458;2433;10
18459;2440;7
18460;2467;27
18461;2472;5
18462;2475;3
18463;2475;0
18464;2477;2
18465;2494;17
18466;2494;0
18467;2503;9
18468;2503;0
18469;2510;7
18470;2513;3
18471;2520;7
18472;2521;1
18473;2522;1
18474;2535;13
18475;2535;0
18476;2541;6
18477;2543;2
18478;2543;0
18479;2546;3
18480;2552;6
18481;2561;9
18482;2565;4
18483;2567;2
18484;2573;6
18485;2577;4
18486;2582;5
18487;2597;15
18488;2597;0
18489;2614;17
18490;2640;26
18491;2640;0
18492;2666;26
18493;2667;1
18494;2667;0
18495;2688;21
18496;2699;11
18497;2705;6
18498;2708;3
18499;2713;5
18500;2717;4
18501;2730;13
18502;2736;6
18503;2757;21
18504;2773;16
18505;2776;3
18506;2777;1
18507;2802;25
18508;2807;5
18509;2814;7
18510;2833;19
18511;2842;9
18512;2870;28
18513;2882;12
18514;2898;16
18515;2909;11
18516;2912;3
18517;2916;4
18518;2924;8
18519;2935;11
18520;2940;5
18521;2966;26
18522;2966;0
18523;2991;25
18524;3006;15
18525;3013;7
18526;3024;11
18527;3030;6
18528;3034;4
18529;3041;7
18530;3064;23
18531;3080;16
18532;3086;6
18533;3090;4
18534;3101;11
18535;3118;17
18536;3131;13
18537;3156;25
18538;3170;14
18539;3184;14
18540;3189;5
18541;3195;6
18542;3210;15
18543;3235;25
18544;3248;13
18545;3273;25
18546;3286;13
18547;3296;10
18548;3297;1
18549;3352;55
18550;3368;16
18551;3378;10
18552;3379;1
18553;3388;9
18554;3407;19
18555;3411;4
18556;3428;17
18557;3440;12
18558;3444;4
18559;3472;28
18560;3490;18
18561;3499;9
18562;3515;16
18563;3530;15
18564;3537;7
18565;3545;8
18566;3554;9
18567;3565;11
18568;3573;8
18569;3584;11
18570;3609;25
18571;3633;24
18572;3657;24
18573;3676;19
18574;3706;30
18575;3712;6
18576;3745;33
18577;3753;8
18578;3792;39
18579;3806;14
18580;3868;62
18581;3900;32
18582;3948;48
18583;3980;32
18584;4033;53
18585;4093;60
18586;4169;76
18587;4206;37
18588;4255;49
18589;4326;71
18590;4417;91
18591;4461;44
18592;4505;44
18593;4567;62
18594;4659;92
18595;4688;29
18596;4710;22
18597;4762;52
18598;4837;75
18599;4880;43
18600;4938;58
18601;5062;124
18602;5135;73
18603;5290;155
18604;5442;152
18605;5469;27
18606;5576;107
18607;5649;73
18608;5721;72
18609;5814;93
18610;5836;22
18611;5878;42
18612;5969;91
18613;6049;80
18614;6120;71
18615;6164;44
18616;6191;27
18617;6232;41
18618;6291;59
18619;6347;56
18620;6441;94
18621;6488;47
18622;6574;86
18623;6629;55
18624;6703;74
18625;6796;93
18626;7029;233
18627;7090;61
18628;7203;113
18629;7226;23
18630;7253;27
18631;7260;7
18632;7349;89
18633;7395;46
18634;7427;32
18635;7512;85
18636;7565;53
18637;7600;35
18638;7664;64
18639;7687;23
18640;7738;51
18641;7759;21
18642;7800;41
18643;7823;23
18644;7839;16
18645;7855;16
18646;7880;25
18647;7897;17
18648;7911;14
18649;7937;26
18650;7965;28
18651;7983;18
18652;7995;12
18653;8006;11
18654;8037;31
18655;8056;19
18656;8063;7
18657;8069;6
18658;8091;22
18659;8100;9
18660;8111;11
18661;8119;8
18662;8130;11
18663;8145;15
18664;8160;15
18665;8176;16
18666;8181;5
18667;8192;11
18668;8203;11
18669;8218;15
18670;8222;4
18671;8226;4
18672;8229;3
18673;8235;6
18674;8241;6
18675;8256;15
18676;8256;0
18677;8260;4
18678;8292;32
18679;8299;7
18680;8306;7
18681;8324;18
18682;8332;8
18683;8349;17
18684;8358;9
18685;8365;7
18686;8376;11
18687;8390;14
18688;8420;30
18689;8446;26
18690;8470;24
18691;8509;39
18692;8560;51
18693;8580;20
18694;8613;33
18695;8613;0
18696;8710;97
18697;8782;72
18698;8813;31
18699;8862;49
18700;8913;51
18701;8933;20
18702;9018;85
18703;9066;48
18704;9118;52
18705;9191;73
18706;9270;79
18707;9330;60
18708;9380;50
18709;9474;94
18710;9577;103
18711;9647;70
18712;9719;72
18713;9773;54
18714;9871;98
18715;9921;50
18716;9998;77
18717;10042;44
18718;10199;157
18719;10285;86
18720;10432;147
18721;10580;148
18722;10620;40
18723;10758;138
18724;10841;83
18725;11254;413
18726;11393;139
18727;11705;312
18728;11844;139
18729;12002;158
18730;12179;177
18731;12467;288
18732;12706;239
18733;12835;129
18734;12980;145
18735;13070;90
18736;13145;75
18737;13246;101
18738;13336;90
18739;13420;84
18740;13504;84
18741;13560;56
18742;13627;67
18743;13658;31
18744;13722;64
18745;13780;58
18746;13815;35
18747;13858;43
18748;13896;38
18749;13915;19
18750;13937;22
18751;13969;32
18752;13998;29
18753;14029;31
18754;14059;30
18755;14082;23
18756;14108;26
18757;14115;7
18758;14133;18
18759;14149;16
18760;14149;0
18761;14163;14
18762;14176;13
18763;14190;14
18764;14194;4
18765;14207;13
