condition;measurement;ncases
18283;0;0
18284;0;0
18285;0;0
18286;0;0
18287;0;0
18288;0;0
18289;0;0
18290;0;0
18291;0;0
18292;0;0
18293;0;0
18294;0;0
18295;0;0
18296;0;0
18297;0;0
18298;0;0
18299;0;0
18300;0;0
18301;0;0
18302;0;0
18303;0;0
18304;0;0
18305;0;0
18306;0;0
18307;0;0
18308;0;0
18309;0;0
18310;0;0
18311;0;0
18312;0;0
18313;0;0
18314;0;0
18315;0;0
18316;0;0
18317;0;0
18318;0;0
18319;0;0
18320;1;1
18321;4;3
18322;5;1
18323;5;0
18324;5;0
18325;5;0
18326;5;0
18327;6;1
18328;6;0
18329;7;1
18330;7;0
18331;7;0
18332;8;1
18333;12;4
18334;26;14
18335;41;15
18336;53;12
18337;82;29
18338;93;11
18339;118;25
18340;164;46
18341;203;39
18342;251;48
18343;316;65
18344;367;51
18345;405;38
18346;475;70
18347;585;110
18348;717;132
18349;848;131
18350;993;145
18351;1094;101
18352;1215;121
18353;1378;163
18354;1510;132
18355;1688;178
18356;1890;202
18357;2143;253
18358;2439;296
18359;2785;346
18360;3181;396
18361;3441;260
18362;3844;403
18363;4219;375
18364;4661;442
18365;5014;353
18366;5399;385
18367;5847;448
18368;6297;450
18369;6875;578
18370;7497;622
18371;8261;764
18372;8772;511
18373;9501;729
18374;10544;1043
18375;11633;1089
18376;12872;1239
18377;13842;970
18378;14677;835
18379;15529;852
18380;16752;1223
18381;17799;1047
18382;19224;1425
18383;20739;1515
18384;22088;1349
18385;23471;1383
18386;24905;1434
18387;26025;1120
18388;27634;1609
18389;29616;1982
18390;31522;1906
18391;33460;1938
18392;35022;1562
18393;36327;1305
18394;38324;1997
18395;40186;1862
18396;42595;2409
18397;45032;2437
18398;47144;2112
18399;49219;2075
18400;51633;2414
18401;54346;2713
18402;56594;2248
18403;59567;2973
18404;62527;2960
18405;65856;3329
18406;68620;2764
18407;71105;2485
18408;74560;3455
18409;78023;3463
18410;81400;3377
18411;84627;3227
18412;87512;2885
18413;90664;3152
18414;93435;2771
18415;97326;3891
18416;101238;3912
18417;105680;4442
18418;110026;4346
18419;113619;3593
18420;117103;3484
18421;120102;2999
18422;124301;4199
18423;129184;4883
18424;133974;4790
18425;139196;5222
18426;142690;3494
18427;146837;4147
18428;150264;3427
18429;154863;4599
18430;159793;4930
18431;165455;5662
18432;170485;5030
18433;175202;4717
18434;180545;5343
18435;185122;4577
18436;191410;6288
18437;196847;5437
18438;202951;6104
18439;208392;5441
18440;212802;4410
18441;216852;4050
18442;220657;3805
18443;226089;5432
18444;231770;5681
18445;238511;6741
18446;245251;6740
18447;252165;6914
18448;256848;4683
18449;261750;4902
18450;268008;6258
18451;275003;6995
18452;282283;7280
18453;289174;6891
18454;295268;6094
18455;299750;4482
18456;304435;4685
18457;311486;7051
18458;317635;6149
18459;324041;6406
18460;331298;7257
18461;338913;7615
18462;344224;5311
18463;349396;5172
18464;356255;6859
18465;362274;6019
18466;370712;8438
18467;378285;7573
18468;385036;6751
18469;390516;5480
18470;395489;4973
18471;402697;7208
18472;408449;5752
18473;416179;7730
18474;424637;8458
18475;434193;9556
18476;439046;4853
18477;443813;4767
18478;449961;6148
18479;456100;6139
18480;462690;6590
18481;469407;6717
18482;475902;6495
18483;480278;4376
18484;485836;5558
18485;492522;6686
18486;498380;5858
18487;505751;7371
18488;511369;5618
18489;517714;6345
18490;522162;4448
18491;525733;3571
18492;531239;5506
18493;537031;5792
18494;543806;6775
18495;549734;5928
18496;556216;6482
18497;560164;3948
18498;563705;3541
18499;568621;4916
18500;573888;5267
18501;579914;6026
18502;585738;5824
18503;591712;5974
18504;595841;4129
18505;599560;3719
18506;606036;6476
18507;610957;4921
18508;616894;5937
18509;623090;6196
18510;629409;6319
18511;634023;4614
18512;637509;3486
18513;642860;5351
18514;647321;4461
18515;652364;5043
18516;658299;5935
18517;663973;5674
18518;668381;4408
18519;671716;3335
18520;676487;4771
18521;680931;4444
18522;684113;3182
18523;688954;4841
18524;694121;5167
18525;697663;3542
18526;700580;2917
18527;705263;4683
18528;710049;4786
18529;715457;5408
18530;720858;5401
18531;726431;5573
18532;730317;3886
18533;733717;3400
18534;738163;4446
18535;743216;5053
18536;748315;5099
18537;753090;4775
18538;757953;4863
18539;761665;3712
18540;789780;28115
18541;794608;4828
18542;799188;4580
18543;804488;5300
18544;810020;5532
18545;814328;4308
18546;817503;3175
18547;821045;3542
18548;825340;4295
18549;829396;4056
18550;834910;5514
18551;841661;6751
18552;847108;5447
18553;851227;4119
18554;854926;3699
18555;860714;5788
18556;867559;6845
18557;874171;6612
18558;880775;6604
18559;886800;6025
18560;891160;4360
18561;895326;4166
18562;901268;5942
18563;906863;5595
18564;912811;5948
18565;918811;6000
18566;924962;6151
18567;929392;4430
18568;933155;3763
18569;938405;5250
18570;943630;5225
18571;949197;5567
18572;955128;5931
18573;961938;6810
18574;967825;5887
18575;972785;4960
18576;978531;5746
18577;986177;7646
18578;991835;5658
18579;997393;5558
18580;1003253;5860
18581;1006522;3269
18582;1009396;2874
18583;1011153;1757
18584;1015071;3918
18585;1019543;4472
18586;1025969;6426
18587;1032688;6719
18588;1041875;9187
18589;1049358;7483
18590;1060152;10794
18591;1070487;10335
18592;1078594;8107
18593;1090675;12081
18594;1101403;10728
18595;1107071;5668
18596;1113543;6472
18597;1122362;8819
18598;1133613;11251
18599;1144643;11030
18600;1156770;12127
18601;1168395;11625
18602;1175850;7455
18603;1182249;6399
18604;1193255;11006
18605;1205229;11974
18606;1217126;11897
18607;1229379;12253
18608;1241436;12057
18609;1250044;8608
18610;1255974;5930
18611;1267202;11228
18612;1277499;10297
18613;1289298;11799
18614;1301546;12248
18615;1313675;12129
18616;1320545;6870
18617;1325915;5370
18618;1338426;12511
18619;1350079;11653
18620;1362564;12485
18621;1372243;9679
18622;1377217;4974
18623;1383434;6217
18624;1389430;5996
18625;1401529;12099
18626;1413935;12406
18627;1426094;12159
18628;1437185;11091
18629;1443544;6359
18630;1448755;5211
18631;1455219;6464
18632;1466490;11271
18633;1479835;13345
18634;1493569;13734
18635;1507931;14362
18636;1524036;16105
18637;1534039;10003
18638;1541633;7594
18639;1556028;14395
18640;1571901;15873
18641;1588369;16468
18642;1609735;21366
18643;1630258;20523
18644;1641428;11170
18645;1649502;8074
18646;1668396;18894
18647;1688944;20548
18648;1711283;22339
18649;1732290;21007
18650;1752347;20057
18651;1763219;10872
18652;1771740;8521
18653;1788905;17165
18654;1806849;17944
18655;1825519;18670
18656;1841893;16374
18657;1857230;15337
18658;1864260;7030
18659;1869708;5448
18660;1874092;4384
18661;1886245;12153
18662;1886245;0
18663;1912871;26626
18664;1926080;13209
18665;1932145;6065
18666;1936013;3868
18667;1946751;10738
18668;1957889;11138
18669;1968566;10677
18670;1978954;10388
18671;1988695;9741
18672;1992794;4099
18673;1995892;3098
18674;2004575;8683
18675;2013563;8988
18676;2022662;9099
18677;2030491;7829
18678;2038276;7785
18679;2041380;3104
18680;2043632;2252
18681;2052266;8634
18682;2060908;8642
18683;2069370;8462
18684;2076882;7512
18685;2084128;7246
18686;2086938;2810
18687;2089281;2343
18688;2097194;7913
18689;2104987;7793
18690;2112508;7521
18691;2119305;6797
18692;2125866;6561
18693;2128600;2734
18694;2130477;1877
18695;2137884;7407
18696;2144486;6602
18697;2150955;6469
18698;2157771;6816
18699;2163875;6104
18700;2166290;2415
18701;2167729;1439
18702;2169007;1278
18703;2175462;6455
18704;2182188;6726
18705;2187910;5722
18706;2193639;5729
18707;2195772;2133
18708;2197160;1388
18709;2203041;5881
18710;2208755;5714
18711;2214542;5787
18712;2219845;5303
18713;2224904;5059
18714;2226550;1646
18715;2227843;1293
18716;2232910;5067
18717;2238887;5977
18718;2244268;5381
18719;2247357;3089
18720;2249195;1838
18721;2250458;1263
18722;2251705;1247
18723;2256509;4804
18724;2261879;5370
18725;2267019;5140
18726;2272064;5045
18727;2278420;6356
18728;2280213;1793
18729;2281840;1627
18730;2286352;4512
18731;2291246;4894
18732;2295435;4189
18733;2299939;4504
18734;2304096;4157
18735;2305602;1506
18736;2306910;1308
18737;2311172;4262
18738;2315811;4639
18739;2319519;3708
18740;2323430;3911
18741;2326738;3308
18742;2328391;1653
18743;2329534;1143
18744;2333126;3592
18745;2336944;3818
18746;2340934;3990
18747;2344755;3821
18748;2347780;3025
18749;2348873;1093
18750;2349900;1027
18751;2352964;3064
18752;2355985;3021
18753;2358831;2846
18754;2361874;3043
18755;2364617;2743
18756;2365792;1175
18757;2366496;704
18758;2368393;1897
18759;2371483;3090
18760;2375115;3632
18761;2377995;2880
18762;2380690;2695
18763;2381923;1233
18764;2382745;822
18765;2385512;2767
