condition;measurement;ncases
18283;0;0
18284;0;0
18285;0;0
18286;0;0
18287;0;0
18288;0;0
18289;0;0
18290;0;0
18291;0;0
18292;0;0
18293;0;0
18294;0;0
18295;0;0
18296;0;0
18297;0;0
18298;0;0
18299;0;0
18300;0;0
18301;0;0
18302;0;0
18303;0;0
18304;0;0
18305;0;0
18306;0;0
18307;0;0
18308;0;0
18309;0;0
18310;0;0
18311;0;0
18312;0;0
18313;0;0
18314;0;0
18315;0;0
18316;0;0
18317;0;0
18318;0;0
18319;0;0
18320;0;0
18321;0;0
18322;0;0
18323;0;0
18324;0;0
18325;0;0
18326;0;0
18327;0;0
18328;0;0
18329;1;1
18330;1;0
18331;3;2
18332;3;0
18333;3;0
18334;6;3
18335;12;6
18336;23;11
18337;23;0
18338;30;7
18339;30;0
18340;49;19
18341;66;17
18342;80;14
18343;94;14
18344;109;15
18345;125;16
18346;149;24
18347;177;28
18348;199;22
18349;231;32
18350;263;32
18351;298;35
18352;353;55
18353;423;70
18354;505;82
18355;591;86
18356;752;161
18357;864;112
18358;965;101
18359;1056;91
18360;1174;118
18361;1289;115
18362;1438;149
18363;1560;122
18364;1662;102
18365;1712;50
18366;1934;222
18367;2049;115
18368;2154;105
18369;2264;110
18370;2378;114
18371;2472;94
18372;2548;76
18373;2614;66
18374;2778;164
18375;2926;148
18376;3110;184
18377;3304;194
18378;3408;104
18379;3481;73
18380;3638;157
18381;3771;133
18382;3897;126
18383;3980;83
18384;4052;72
18385;4121;69
18386;4248;127
18387;4363;115
18388;4476;113
18389;4605;129
18390;4728;123
18391;4867;139
18392;4927;60
18393;4995;68
18394;5154;159
18395;5406;252
18396;5553;147
18397;5745;192
18398;5934;189
18399;6060;126
18400;6138;78
18401;6340;202
18402;6553;213
18403;6704;151
18404;6847;143
18405;6994;147
18406;7093;99
18407;7147;54
18408;7305;158
18409;7537;232
18410;7725;188
18411;7896;171
18412;8098;202
18413;8251;153
18414;8360;109
18415;8548;188
18416;8795;247
18417;9018;223
18418;9247;229
18419;9511;264
18420;9700;189
18421;9807;107
18422;10025;218
18423;10321;296
18424;10727;406
18425;11093;366
18426;11459;366
18427;11740;281
18428;11879;139
18429;12254;375
18430;12732;478
18431;13106;374
18432;13556;450
18433;13953;397
18434;14200;247
18435;14363;163
18436;14714;351
18437;15078;364
18438;15453;375
18439;15776;323
18440;16080;304
18441;16250;170
18442;16357;107
18443;16613;256
18444;16898;285
18445;17150;252
18446;17445;295
18447;17672;227
18448;17814;142
18449;17906;92
18450;18141;235
18451;18471;330
18452;18666;195
18453;18924;258
18454;19208;284
18455;19382;174
18456;19439;57
18457;19708;269
18458;20040;332
18459;20264;224
18460;20494;230
18461;20794;300
18462;20980;186
18463;21115;135
18464;21442;327
18465;21798;356
18466;22105;307
18467;22483;378
18468;22828;345
18469;23034;206
18470;23154;120
18471;23521;367
18472;23947;426
18473;24343;396
18474;24733;390
18475;25113;380
18476;25362;249
18477;25482;120
18478;25814;332
18479;26222;408
18480;26628;406
18481;26990;362
18482;27443;453
18483;27660;217
18484;27841;181
18485;28223;382
18486;28697;474
18487;29087;390
18488;29483;396
18489;29905;422
18490;30183;278
18491;30377;194
18492;30789;412
18493;31415;626
18494;31937;522
18495;32484;547
18496;33072;588
18497;33478;406
18498;33828;350
18499;34358;530
18500;34982;624
18501;35546;564
18502;35904;358
18503;36404;500
18504;36700;296
18505;36920;220
18506;37208;288
18507;37740;532
18508;38372;632
18509;38906;534
18510;39473;567
18511;39797;324
18512;40055;258
18513;40556;501
18514;41144;588
18515;41704;560
18516;42183;479
18517;42714;531
18518;42978;264
18519;43207;229
18520;43734;527
18521;44361;627
18522;44983;622
18523;45648;665
18524;46336;688
18525;46596;260
18526;46796;200
18527;47446;650
18528;48232;786
18529;48953;721
18530;49666;713
18531;50534;868
18532;50875;341
18533;51194;319
18534;52029;835
18535;53042;1013
18536;54064;1022
18537;55016;952
18538;55888;872
18539;56579;691
18540;56901;322
18541;57732;831
18542;58794;1062
18543;59915;1121
18544;60833;918
18545;61762;929
18546;62151;389
18547;62618;467
18548;63275;657
18549;64424;1149
18550;65076;652
18551;65860;784
18552;66652;792
18553;67050;398
18554;67302;252
18555;67958;656
18556;68791;833
18557;69568;777
18558;70256;688
18559;71089;833
18560;71503;414
18561;71811;308
18562;72460;649
18563;73321;861
18564;74233;912
18565;75201;968
18566;76040;839
18567;76582;542
18568;76777;195
18569;77487;710
18570;78507;1020
18571;79566;1059
18572;80501;935
18573;81675;1174
18574;82346;671
18575;82677;331
18576;83592;915
18577;84707;1115
18578;86038;1331
18579;87361;1323
18580;88772;1411
18581;89279;507
18582;89843;564
18583;90912;1069
18584;92519;1607
18585;93961;1442
18586;95383;1422
18587;96689;1306
18588;97941;1252
18589;98418;477
18590;99633;1215
18591;101203;1570
18592;102894;1691
18593;104140;1246
18594;105852;1712
18595;107017;1165
18596;107364;347
18597;108863;1499
18598;110580;1717
18599;112307;1727
18600;113829;1522
18601;115557;1728
18602;116365;808
18603;117495;1130
18604;119204;1709
18605;120970;1766
18606;122685;1715
18607;124264;1579
18608;125723;1459
18609;126518;795
18610;127253;735
18611;128656;1403
18612;130329;1673
18613;131919;1590
18614;133360;1441
18615;134578;1218
18616;135207;629
18617;135910;703
18618;136931;1021
18619;138213;1282
18620;139435;1222
18621;140250;815
18622;140996;746
18623;141355;359
18624;141924;569
18625;142851;927
18626;143841;990
18627;144818;977
18628;145258;440
18629;145694;436
18630;145873;179
18631;146309;436
18632;146921;612
18633;147871;950
18634;148294;423
18635;148669;375
18636;149093;424
18637;149391;298
18638;149662;271
18639;150138;476
18640;150946;808
18641;151687;741
18642;152263;576
18643;152640;377
18644;152854;214
18645;153112;258
18646;153506;394
18647;154118;612
18648;154788;670
18649;155302;514
18650;155937;635
18651;156202;265
18652;156426;224
18653;156972;546
18654;157626;654
18655;158309;683
18656;158860;551
18657;159513;653
18658;159804;291
18659;160086;282
18660;160725;639
18661;161642;917
18662;162624;982
18663;163400;776
18664;164243;843
18665;164569;326
18666;164858;289
18667;165663;805
18668;166553;890
18669;167546;993
18670;168826;1280
18671;169805;979
18672;170186;381
18673;170549;363
18674;171514;965
18675;172815;1301
18676;174155;1340
18677;175183;1028
18678;176245;1062
18679;176752;507
18680;177407;655
18681;178540;1133
18682;180150;1610
18683;181886;1736
18684;183338;1452
18685;184856;1518
18686;185453;597
18687;186447;994
18688;187847;1400
18689;189397;1550
18690;191197;1800
18691;192985;1788
18692;194605;1620
18693;195252;647
18694;195602;350
18695;196475;873
18696;198228;1753
18697;200124;1896
18698;201909;1785
18699;203710;1801
18700;204463;753
18701;205324;861
18702;207012;1688
18703;208928;1916
18704;210725;1797
18705;212568;1843
18706;214203;1635
18707;215034;831
18708;216094;1060
18709;217715;1621
18710;219988;2273
18711;222120;2132
18712;223986;1866
18713;225660;1674
18714;226521;861
18715;227453;932
18716;228370;917
18717;230241;1871
18718;231756;1515
18719;233136;1380
18720;234394;1258
18721;235087;693
18722;235790;703
18723;236563;773
18724;237718;1155
18725;239146;1428
18726;240056;910
18727;240886;830
18728;241217;331
18729;241820;603
18730;242364;544
18731;243365;1001
18732;244177;812
18733;244866;689
18734;245494;628
18735;245897;403
18736;246238;341
18737;246691;453
18738;247391;700
18739;248009;618
18740;248518;509
18741;248898;380
18742;249139;241
18743;249385;246
18744;249714;329
18745;250138;424
18746;250508;370
18747;250837;329
18748;251160;323
18749;251335;175
18750;251378;43
18751;251504;126
18752;251820;316
18753;252153;333
18754;252413;260
18755;252604;191
18756;252749;145
18757;252798;49
18758;252949;151
18759;253173;224
18760;253386;213
18761;253567;181
18762;253736;169
18763;253845;109
18764;253954;109
18765;254075;121
