condition;measurement;ncases
18283;0;0
18284;0;0
18285;0;0
18286;0;0
18287;0;0
18288;0;0
18289;0;0
18290;0;0
18291;0;0
18292;0;0
18293;0;0
18294;0;0
18295;0;0
18296;0;0
18297;0;0
18298;0;0
18299;0;0
18300;0;0
18301;0;0
18302;0;0
18303;0;0
18304;0;0
18305;0;0
18306;0;0
18307;0;0
18308;0;0
18309;0;0
18310;0;0
18311;0;0
18312;0;0
18313;0;0
18314;0;0
18315;0;0
18316;0;0
18317;0;0
18318;0;0
18319;1;1
18320;1;0
18321;6;5
18322;10;4
18323;18;8
18324;24;6
18325;38;14
18326;82;44
18327;128;46
18328;188;60
18329;265;77
18330;321;56
18331;382;61
18332;503;121
18333;503;0
18334;806;303
18335;962;156
18336;1138;176
18337;1416;278
18338;1711;295
18339;2058;347
18340;2467;409
18341;3003;536
18342;3640;637
18343;4217;577
18344;4764;547
18345;5580;816
18346;6438;858
18347;7468;1030
18348;8647;1179
18349;9819;1172
18350;10930;1111
18351;11817;887
18352;12667;850
18353;13696;1029
18354;14788;1092
18355;15821;1033
18356;16727;906
18357;17953;1226
18358;18926;973
18359;19709;783
18360;20682;973
18361;21903;1221
18362;23249;1346
18363;24571;1322
18364;25746;1175
18365;26710;964
18366;27580;870
18367;28316;736
18368;29383;1067
18369;30619;1236
18370;31766;1147
18371;32838;1072
18372;33588;750
18373;34317;729
18374;35032;715
18375;35921;889
18376;36729;808
18377;37384;655
18378;38040;656
18379;38440;400
18380;38612;172
18381;38998;386
18382;39512;514
18383;39989;477
18384;40434;445
18385;40769;335
18386;40968;199
18387;41286;318
18388;41518;232
18389;41973;455
18390;42292;319
18391;42581;289
18392;42826;245
18393;42987;161
18394;43183;196
18395;43410;227
18396;43680;270
18397;43880;200
18398;44070;190
18399;44195;125
18400;44341;146
18401;44449;108
18402;44647;198
18403;44900;253
18404;45088;188
18405;45265;177
18406;45437;172
18407;45647;210
18408;45780;133
18409;45970;190
18410;46152;182
18411;46328;176
18412;46460;132
18413;46645;185
18414;46749;104
18415;46852;103
18416;46939;87
18417;47148;209
18418;47358;210
18419;47541;183
18420;47780;239
18421;47945;165
18422;48109;164
18423;48294;185
18424;48458;164
18425;48668;210
18426;48847;179
18427;48990;143
18428;49155;165
18429;49295;140
18430;49412;117
18431;49527;115
18432;49634;107
18433;49710;76
18434;49801;91
18435;49866;65
18436;49930;64
18437;50012;82
18438;50122;110
18439;50213;91
18440;50282;69
18441;50355;73
18442;50433;78
18443;50483;50
18444;50545;62
18445;50623;78
18446;50698;75
18447;50761;63
18448;50834;73
18449;50870;36
18450;50907;37
18451;50959;52
18452;51013;54
18453;51055;42
18454;51136;81
18455;51237;101
18456;51308;71
18457;51362;54
18458;51471;109
18459;51572;101
18460;51682;110
18461;51809;127
18462;51955;146
18463;52142;187
18464;52307;165
18465;52475;168
18466;52640;165
18467;52837;197
18468;52984;147
18469;53278;294
18470;53424;146
18471;53647;223
18472;53895;248
18473;54249;354
18474;54590;341
18475;55021;431
18476;55408;387
18477;55786;378
18478;56279;493
18479;56750;471
18480;57465;715
18481;58117;652
18482;58717;600
18483;59360;643
18484;60058;698
18485;60391;333
18486;61718;1327
18487;62406;688
18488;63127;721
18489;63889;762
18490;64468;579
18491;64980;512
18492;65560;580
18493;66218;658
18494;66843;625
18495;67456;613
18496;68051;595
18497;68570;519
18498;69224;654
18499;69683;459
18500;70382;699
18501;70984;602
18502;71557;573
18503;72128;571
18504;72679;551
18505;73232;553
18506;73802;570
18507;74660;858
18508;75356;696
18509;76173;817
18510;76907;734
18511;77857;950
18512;78702;845
18513;79792;1090
18514;81085;1293
18515;82016;931
18516;83370;1354
18517;84709;1339
18518;85876;1167
18519;87194;1318
18520;88673;1479
18521;90425;1752
18522;92262;1837
18523;94345;2083
18524;96261;1916
18525;98217;1956
18526;100491;2274
18527;102844;2353
18528;105304;2460
18529;107899;2595
18530;110758;2859
18531;113518;2760
18532;116559;3041
18533;119509;2950
18534;122620;3111
18535;125988;3368
18536;129283;3295
18537;133166;3883
18538;137194;4028
18539;141226;4032
18540;145837;4611
18541;150413;4576
18542;155465;5052
18543;161332;5867
18544;167348;6016
18545;173894;6546
18546;180288;6394
18547;187138;6850
18548;194591;7453
18549;201942;7351
18550;209799;7857
18551;217821;8022
18552;225970;8149
18553;234203;8233
18554;242217;8014
18555;250411;8194
18556;259207;8796
18557;268517;9310
18558;278546;10029
18559;287229;8683
18560;297466;10237
18561;307831;10365
18562;318152;10321
18563;326308;8156
18564;336629;10321
18565;347801;11172
18566;357640;9839
18567;366351;8711
18568;374663;8312
18569;382440;7777
18570;390120;7680
18571;397112;6992
18572;404392;7280
18573;411107;6715
18574;416806;5699
18575;421503;4697
18576;426227;4724
18577;431696;5469
18578;437376;5680
18579;443533;6157
18580;449501;5968
18581;454961;5460
18582;459837;4876
18583;464205;4368
18584;468900;4695
18585;474641;5741
18586;480649;6008
18587;486820;6171
18588;492293;5473
18589;497501;5208
18590;501503;4002
18591;506557;5054
18592;511162;4605
18593;517045;5883
18594;521639;4594
18595;527336;5697
18596;531930;4594
18597;536129;4199
18598;541238;5109
18599;546982;5744
18600;553040;6058
18601;559716;6676
18602;566628;6912
18603;573750;7122
18604;579997;6247
18605;586643;6646
18606;595473;8830
18607;604452;8979
18608;613630;9178
18609;623567;9937
18610;632085;8518
18611;638801;6716
18612;650072;11271
18613;662943;12871
18614;674967;12024
18615;687250;12283
18616;700322;13072
18617;711540;11218
18618;721429;9889
18619;731902;10473
18620;743493;11591
18621;755038;11545
18622;764907;9869
18623;774009;9102
18624;781467;7458
18625;789059;7592
18626;798592;9533
18627;808382;9790
18628;816616;8234
18629;825249;8633
18630;832702;7453
18631;839316;6614
18632;845822;6506
18633;853060;7238
18634;862805;9745
18635;871063;8258
18636;878443;7380
18637;885098;6655
18638;890566;5468
18639;895543;4977
18640;901740;6197
18641;908306;6566
18642;914388;6082
18643;919712;5324
18644;925355;5643
18645;930147;4792
18646;934503;4356
18647;940106;5603
18648;945948;5842
18649;951747;5799
18650;957213;5466
18651;962153;4940
18652;966194;4041
18653;970156;3962
18654;974972;4816
18655;979702;4730
18656;984120;4418
18657;988350;4230
18658;992075;3725
18659;995300;3225
18660;998924;3624
18661;1003010;4086
18662;1007268;4258
18663;1011636;4368
18664;1015757;4121
18665;1019720;3963
18666;1021966;2246
18667;1023779;1813
18668;1027023;3244
18669;1031454;4431
18670;1035841;4387
18671;1040070;4229
18672;1043541;3471
18673;1046381;2840
18674;1049120;2739
18675;1052544;3424
18676;1057116;4572
18677;1061903;4787
18678;1066522;4619
18679;1071223;4701
18680;1075425;4202
18681;1079272;3847
18682;1083686;4414
18683;1088730;5044
18684;1093899;5169
18685;1098875;4976
18686;1103564;4689
18687;1107347;3783
18688;1111364;4017
18689;1116404;5040
18690;1120566;4162
18691;1125299;4733
18692;1130694;5395
18693;1135258;4564
18694;1139102;3844
18695;1143481;4379
18696;1148836;5355
18697;1154257;5421
18698;1160380;6123
18699;1166923;6543
18700;1172975;6052
18701;1178501;5526
18702;1183567;5066
18703;1189707;6140
18704;1196045;6338
18705;1203622;7577
18706;1211447;7825
18707;1218610;7163
18708;1224947;6337
18709;1230746;5799
18710;1238664;7918
18711;1246682;8018
18712;1254722;8040
18713;1263882;9160
18714;1271580;7698
18715;1278519;6939
18716;1284585;6066
18717;1292806;8221
18718;1301127;8321
18719;1308774;7647
18720;1316913;8139
18721;1324021;7108
18722;1329560;5539
18723;1335312;5752
18724;1341742;6430
18725;1350034;8292
18726;1358016;7982
18727;1366024;8008
18728;1374451;8427
18729;1381182;6731
18730;1387961;6779
18731;1393543;5582
18732;1402433;8890
18733;1411474;9041
18734;1419871;8397
18735;1428440;8569
18736;1435601;7161
18737;1442481;6880
18738;1451071;8590
18739;1460753;9682
18740;1470037;9284
18741;1478144;8107
18742;1486205;8061
18743;1492437;6232
18744;1497806;5369
18745;1506476;8670
18746;1515165;8689
18747;1522973;7808
18748;1528753;5780
18749;1534264;5511
18750;1543494;9230
18751;1551248;7754
18752;1558549;7301
18753;1565352;6803
18754;1572861;7509
18755;1580300;7439
18756;1586868;6568
18757;1592742;5874
18758;1598280;5538
18759;1604659;6379
18760;1610699;6040
18761;1616234;5535
18762;1620702;4468
18763;1625151;4449
18764;1627997;2846
18765;1633356;5359
