condition;measurement;ncases
18283;0;0
18284;0;0
18285;0;0
18286;0;0
18287;0;0
18288;0;0
18289;0;0
18290;0;0
18291;0;0
18292;0;0
18293;0;0
18294;0;0
18295;0;0
18296;0;0
18297;0;0
18298;0;0
18299;0;0
18300;0;0
18301;0;0
18302;0;0
18303;0;0
18304;0;0
18305;0;0
18306;0;0
18307;0;0
18308;0;0
18309;0;0
18310;0;0
18311;0;0
18312;0;0
18313;0;0
18314;0;0
18315;0;0
18316;0;0
18317;0;0
18318;0;0
18319;0;0
18320;0;0
18321;0;0
18322;0;0
18323;0;0
18324;0;0
18325;0;0
18326;0;0
18327;0;0
18328;0;0
18329;0;0
18330;0;0
18331;0;0
18332;0;0
18333;0;0
18334;0;0
18335;0;0
18336;0;0
18337;0;0
18338;0;0
18339;0;0
18340;0;0
18341;1;1
18342;1;0
18343;2;1
18344;3;1
18345;3;0
18346;7;4
18347;10;3
18348;10;0
18349;10;0
18350;18;8
18351;27;9
18352;27;0
18353;74;47
18354;98;24
18355;120;22
18356;144;24
18357;184;40
18358;253;69
18359;278;25
18360;342;64
18361;410;68
18362;438;28
18363;491;53
18364;529;38
18365;529;0
18366;570;41
18367;584;14
18368;584;0
18369;627;43
18370;639;12
18371;648;9
18372;648;0
18373;657;9
18374;662;5
18375;671;9
18376;681;10
18377;684;3
18378;696;12
18379;701;5
18380;709;8
18381;713;4
18382;719;6
18383;728;9
18384;736;8
18385;750;14
18386;755;5
18387;763;8
18388;770;7
18389;781;11
18390;795;14
18391;815;20
18392;821;6
18393;832;11
18394;854;22
18395;860;6
18396;876;16
18397;885;9
18398;889;4
18399;904;15
18400;909;5
18401;914;5
18402;920;6
18403;924;4
18404;937;13
18405;943;6
18406;945;2
18407;951;6
18408;952;1
18409;952;0
18410;955;3
18411;955;0
18412;956;1
18413;958;2
18414;958;0
18415;960;2
18416;961;1
18417;963;2
18418;966;3
18419;970;4
18420;973;3
18421;973;0
18422;974;1
18423;974;0
18424;974;0
18425;978;4
18426;980;2
18427;980;0
18428;980;0
18429;1016;36
18430;1020;4
18431;1020;0
18432;1020;0
18433;1035;15
18434;1036;1
18435;1046;10
18436;1051;5
18437;1051;0
18438;1056;5
18439;1059;3
18440;1062;3
18441;1074;12
18442;1075;1
18443;1075;0
18444;1075;0
18445;1081;6
18446;1082;1
18447;1082;0
18448;1088;6
18449;1093;5
18450;1094;1
18451;1097;3
18452;1097;0
18453;1099;2
18454;1099;0
18455;1099;0
18456;1099;0
18457;1099;0
18458;1100;1
18459;1102;2
18460;1102;0
18461;1104;2
18462;1104;0
18463;1105;1
18464;1113;8
18465;1122;9
18466;1124;2
18467;1124;0
18468;1124;0
18469;1136;12
18470;1132;-4
18471;1132;0
18472;1132;0
18473;1134;2
18474;1134;0
18475;1136;2
18476;1147;11
18477;1152;5
18478;1152;0
18479;1152;0
18480;1153;1
18481;1153;0
18482;1157;4
18483;1158;1
18484;1158;0
18485;1158;0
18486;1161;3
18487;1161;0
18488;1161;0
18489;1165;4
18490;1167;2
18491;1167;0
18492;1167;0
18493;1167;0
18494;1169;2
18495;1172;3
18496;1172;0
18497;1172;0
18498;1172;0
18499;1173;1
18500;1173;0
18501;1173;0
18502;1175;2
18503;1175;0
18504;1175;0
18505;1176;1
18506;1176;0
18507;1176;0
18508;1177;1
18509;1177;0
18510;1177;0
18511;1177;0
18512;1177;0
18513;1178;1
18514;1178;0
18515;1178;0
18516;1178;0
18517;1178;0
18518;1180;2
18519;1180;0
18520;1182;2
18521;1182;0
18522;1183;1
18523;1183;0
18524;1183;0
18525;1188;5
18526;1189;1
18527;1193;4
18528;1193;0
18529;1194;1
18530;1194;0
18531;1194;0
18532;1196;2
18533;1196;0
18534;1196;0
18535;1197;1
18536;1197;0
18537;1198;1
18538;1200;2
18539;1200;0
18540;1200;0
18541;1200;0
18542;1200;0
18543;1201;1
18544;1201;0
18545;1201;0
18546;1201;0
18547;1202;1
18548;1203;1
18549;1205;2
18550;1207;2
18551;1209;2
18552;1209;0
18553;1210;1
18554;1211;1
18555;1212;1
18556;1214;2
18557;1215;1
18558;1215;0
18559;1215;0
18560;1215;0
18561;1215;0
18562;1218;3
18563;1218;0
18564;1219;1
18565;1220;1
18566;1220;0
18567;1221;1
18568;1222;1
18569;1222;0
18570;1225;3
18571;1226;1
18572;1230;4
18573;1242;12
18574;1243;1
18575;1246;3
18576;1256;10
18577;1263;7
18578;1282;19
18579;1289;7
18580;1301;12
18581;1307;6
18582;1316;9
18583;1327;11
18584;1331;4
18585;1335;4
18586;1340;5
18587;1351;11
18588;1368;17
18589;1381;13
18590;1406;25
18591;1419;13
18592;1443;24
18593;1472;29
18594;1484;12
18595;1516;32
18596;1548;32
18597;1586;38
18598;1640;54
18599;1640;0
18600;1726;86
18601;1789;63
18602;1856;67
18603;1894;38
18604;1987;93
18605;2078;91
18606;2126;48
18607;2160;34
18608;2199;39
18609;2258;59
18610;2322;64
18611;2361;39
18612;2361;0
18613;2506;145
18614;2560;54
18615;2612;52
18616;2659;47
18617;2724;65
18618;2803;79
18619;2876;73
18620;2933;57
18621;3005;72
18622;3057;52
18623;3110;53
18624;3159;49
18625;3208;49
18626;3208;0
18627;3323;115
18628;3403;80
18629;3437;34
18630;3465;28
18631;3465;0
18632;3500;35
18633;3634;134
18634;3706;72
18635;3747;41
18636;3819;72
18637;3877;58
18638;3924;47
18639;3969;45
18640;3998;29
18641;4058;60
18642;4105;47
18643;4132;27
18644;4156;24
18645;4204;48
18646;4225;21
18647;4249;24
18648;4267;18
18649;4308;41
18650;4321;13
18651;4353;32
18652;4353;0
18653;4407;54
18654;4433;26
18655;4474;41
18656;4489;15
18657;4516;27
18658;4517;1
18659;4537;20
18660;4548;11
18661;4565;17
18662;4575;10
18663;4589;14
18664;4598;9
18665;4612;14
18666;4621;9
18667;4643;22
18668;4656;13
18669;4665;9
18670;4678;13
18671;4690;12
18672;4695;5
18673;4702;7
18674;4706;4
18675;4715;9
18676;4718;3
18677;4725;7
18678;4733;8
18679;4733;0
18680;4740;7
18681;4740;0
18682;4740;0
18683;4740;0
18684;4740;0
18685;4740;0
18686;4740;0
18687;4740;0
18688;4740;0
18689;4740;0
18690;4740;0
18691;4740;0
18692;4740;0
18693;4822;82
18694;4828;6
18695;4835;7
18696;4848;13
18697;4853;5
18698;4853;0
18699;4857;4
18700;4860;3
18701;4865;5
18702;4870;5
18703;4904;34
18704;4906;2
18705;4911;5
18706;4918;7
18707;4918;0
18708;4928;10
18709;4939;11
18710;4939;0
18711;4964;25
18712;4972;8
18713;4972;0
18714;4987;15
18715;4987;0
18716;5001;14
18717;5001;0
18718;5021;20
18719;5021;0
18720;5028;7
18721;5041;13
18722;5041;0
18723;5048;7
18724;5052;4
18725;5058;6
18726;5062;4
18727;5072;10
18728;5074;2
18729;5081;7
18730;5081;0
18731;5081;0
18732;5113;32
18733;5116;3
18734;5116;0
18735;5131;15
18736;5131;0
18737;5140;9
18738;5141;1
18739;5143;2
18740;5143;0
18741;5158;15
18742;5191;33
18743;5204;13
18744;5220;16
18745;5224;4
18746;5226;2
18747;5228;2
18748;5229;1
18749;5251;22
18750;5261;10
18751;5286;25
18752;5286;0
18753;5286;0
18754;5310;24
18755;5313;3
18756;5319;6
18757;5322;3
18758;5324;2
18759;5325;1
18760;5326;1
18761;5326;0
18762;5330;4
18763;5333;3
18764;5339;6
18765;5348;9
