condition;measurement;ncases
18283;0;0
18284;0;0
18285;0;0
18286;0;0
18287;0;0
18288;0;0
18289;0;0
18290;0;0
18291;0;0
18292;0;0
18293;0;0
18294;0;0
18295;0;0
18296;0;0
18297;0;0
18298;0;0
18299;0;0
18300;0;0
18301;0;0
18302;0;0
18303;0;0
18304;0;0
18305;0;0
18306;0;0
18307;0;0
18308;0;0
18309;0;0
18310;0;0
18311;0;0
18312;0;0
18313;0;0
18314;0;0
18315;0;0
18316;0;0
18317;0;0
18318;0;0
18319;0;0
18320;1;1
18321;1;0
18322;1;0
18323;1;0
18324;1;0
18325;1;0
18326;1;0
18327;1;0
18328;1;0
18329;1;0
18330;2;1
18331;2;0
18332;2;0
18333;2;0
18334;2;0
18335;2;0
18336;2;0
18337;2;0
18338;3;1
18339;8;5
18340;8;0
18341;12;4
18342;22;10
18343;30;8
18344;40;10
18345;44;4
18346;51;7
18347;65;14
18348;70;5
18349;89;19
18350;111;22
18351;131;20
18352;135;4
18353;174;39
18354;184;10
18355;210;26
18356;214;4
18357;232;18
18358;238;6
18359;254;16
18360;276;22
18361;288;12
18362;305;17
18363;318;13
18364;323;5
18365;343;20
18366;373;30
18367;407;34
18368;442;35
18369;493;51
18370;542;49
18371;627;85
18372;665;38
18373;665;0
18374;873;208
18375;981;108
18376;1095;114
18377;1182;87
18378;1273;91
18379;1337;64
18380;1532;195
18381;1728;196
18382;1932;204
18383;2170;238
18384;2388;218
18385;2558;170
18386;2802;244
18387;2950;148
18388;3145;195
18389;3526;381
18390;3912;386
18391;4151;239
18392;4399;248
18393;4641;242
18394;4787;146
18395;4971;184
18396;5162;191
18397;5450;288
18398;5621;171
18399;5959;338
18400;6175;216
18401;6401;226
18402;6677;276
18403;7016;339
18404;7261;245
18405;7526;265
18406;7839;313
18407;8068;229
18408;8344;276
18409;8733;389
18410;8915;182
18411;9302;387
18412;9855;553
18413;10162;307
18414;10578;416
18415;10819;241
18416;11166;347
18417;11516;350
18418;11844;328
18419;12233;389
18420;12486;253
18421;12801;315
18422;13464;663
18423;13873;409
18424;14554;681
18425;15181;627
18426;15682;501
18427;16085;403
18428;16658;573
18429;17148;490
18430;17735;587
18431;18480;745
18432;19147;667
18433;19808;661
18434;20244;436
18435;20919;675
18436;21371;452
18437;22020;649
18438;22614;594
18439;23298;684
18440;24077;779
18441;24567;490
18442;25133;566
18443;25694;561
18444;26484;790
18445;27110;626
18446;27564;454
18447;28167;603
18448;28711;544
18449;29286;575
18450;29789;503
18451;30249;460
18452;30748;499
18453;31323;575
18454;31987;664
18455;32558;571
18456;33153;595
18457;33616;463
18458;34259;643
18459;34854;595
18460;35454;600
18461;36107;653
18462;36663;556
18463;37225;562
18464;37801;576
18465;38344;543
18466;38948;604
18467;39539;591
18468;39977;438
18469;40532;555
18470;41180;648
18471;41804;624
18472;42208;404
18473;42689;481
18474;43151;462
18475;43537;386
18476;43841;304
18477;44129;288
18478;44433;304
18479;44890;457
18480;45244;354
18481;45687;443
18482;46140;453
18483;46577;437
18484;46867;290
18485;47290;423
18486;47743;453
18487;48116;373
18488;48445;329
18489;48770;325
18490;49068;298
18491;49485;417
18492;49895;410
18493;50488;593
18494;50964;476
18495;51304;340
18496;51905;601
18497;52227;322
18498;52548;321
18499;52800;252
18500;53021;221
18501;53317;296
18502;53477;160
18503;53727;250
18504;53865;138
18505;54008;143
18506;54247;239
18507;54463;216
18508;54588;125
18509;54743;155
18510;54905;162
18511;55005;100
18512;55160;155
18513;55456;296
18514;55632;176
18515;55829;197
18516;56017;188
18517;56177;160
18518;56256;79
18519;56388;132
18520;56478;90
18521;56604;126
18522;56735;131
18523;56956;221
18524;57145;189
18525;57242;97
18526;57437;195
18527;57613;176
18528;57724;111
18529;57849;125
18530;58062;213
18531;58198;136
18532;58324;126
18533;58460;136
18534;58647;187
18535;58848;201
18536;59001;153
18537;59127;126
18538;59287;160
18539;59345;58
18540;59465;120
18541;59583;118
18542;59738;155
18543;59841;103
18544;59992;151
18545;60103;111
18546;60266;163
18547;60430;164
18548;60655;225
18549;60834;179
18550;60982;148
18551;61194;212
18552;61307;113
18553;61440;133
18554;61558;118
18555;61630;72
18556;61667;37
18557;61805;138
18558;61882;77
18559;61930;48
18560;61992;62
18561;62111;119
18562;62224;113
18563;62371;147
18564;62521;150
18565;62691;170
18566;62853;162
18567;62964;111
18568;63036;72
18569;63173;137
18570;63328;155
18571;63508;180
18572;63731;223
18573;63790;59
18574;64090;300
18575;64184;94
18576;64336;152
18577;64516;180
18578;64728;212
18579;64884;156
18580;64996;112
18581;65148;152
18582;65305;157
18583;65457;152
18584;65693;236
18585;65839;146
18586;65982;143
18587;66228;246
18588;66383;155
18589;66439;56
18590;66607;168
18591;66805;198
18592;66974;169
18593;67220;246
18594;67330;110
18595;67412;82
18596;67557;145
18597;67838;281
18598;67960;122
18599;68303;343
18600;68627;324
18601;68937;310
18602;69255;318
18603;69645;390
18604;70195;550
18605;70669;474
18606;71344;675
18607;72140;796
18608;72757;617
18609;73175;418
18610;73374;199
18611;74132;758
18612;75062;930
18613;76207;1145
18614;77013;806
18615;77933;920
18616;78434;501
18617;78790;356
18618;79789;999
18619;80922;1133
18620;81963;1041
18621;82747;784
18622;83576;829
18623;84414;838
18624;84811;397
18625;85560;749
18626;86576;1016
18627;87607;1031
18628;88587;980
18629;89163;576
18630;90080;917
18631;91351;1271
18632;92705;1354
18633;94369;1664
18634;95934;1565
18635;97478;1544
18636;99063;1585
18637;100087;1024
18638;101331;1244
18639;102601;1270
18640;103999;1398
18641;105478;1479
18642;107345;1867
18643;108943;1598
18644;110387;1444
18645;112004;1617
18646;113305;1301
18647;114691;1386
18648;116655;1964
18649;118138;1483
18650;120602;2464
18651;121566;964
18652;122996;1430
18653;124299;1303
18654;126160;1861
18655;127024;864
18656;128674;1650
18657;130557;1883
18658;131242;685
18659;131918;676
18660;133552;1634
18661;134690;1138
18662;136030;1340
18663;137654;1624
18664;139242;1588
18665;139748;506
18666;140391;643
18667;141447;1056
18668;142578;1131
18669;143516;938
18670;144521;1005
18671;145664;1143
18672;146184;520
18673;146928;744
18674;148296;1368
18675;149369;1073
18676;150246;877
18677;150908;662
18678;151553;645
18679;152074;521
18680;152616;542
18681;153187;571
18682;153842;655
18683;154476;634
18684;155076;600
18685;155417;341
18686;155657;240
18687;156017;360
18688;156496;479
18689;156960;464
18690;157671;711
18691;158042;371
18692;158237;195
18693;158506;269
18694;158906;400
18695;159252;346
18696;159646;394
18697;159933;287
18698;160332;399
18699;160537;205
18700;160657;120
18701;160895;238
18702;161074;179
18703;161261;187
18704;161409;148
18705;161539;130
18706;161651;112
18707;161737;86
18708;161868;131
18709;162076;208
18710;162178;102
18711;162275;97
18712;162388;113
18713;162489;101
18714;162593;104
18715;162641;48
18716;162762;121
18717;162891;129
18718;162997;106
18719;163063;66
18720;163113;50
18721;163195;82
18722;163330;135
18723;163388;58
18724;163498;110
18725;163581;83
18726;163652;71
18727;163736;84
18728;163799;63
18729;163837;38
18730;163911;74
18731;164000;89
18732;164080;80
18733;164147;67
18734;164207;60
18735;164233;26
18736;164303;70
18737;164423;120
18738;164488;65
18739;164588;100
18740;164633;45
18741;164684;51
18742;164719;35
18743;164756;37
18744;164912;156
18745;164993;81
18746;165055;62
18747;165110;55
18748;165110;0
18749;165153;43
18750;165199;46
18751;165215;16
18752;165273;58
18753;165301;28
18754;165340;39
18755;165370;30
18756;165419;49
18757;165468;49
18758;165515;47
18759;165559;44
18760;165612;53
18761;165661;49
18762;165702;41
18763;165709;7
18764;165778;69
18765;165778;0
