condition;measurement;ncases
18283;0;0
18284;0;0
18285;0;0
18286;0;0
18287;0;0
18288;0;0
18289;0;0
18290;0;0
18291;0;0
18292;0;0
18293;0;0
18294;0;0
18295;0;0
18296;0;0
18297;0;0
18298;0;0
18299;0;0
18300;0;0
18301;0;0
18302;0;0
18303;0;0
18304;0;0
18305;0;0
18306;0;0
18307;0;0
18308;0;0
18309;0;0
18310;0;0
18311;0;0
18312;0;0
18313;0;0
18314;0;0
18315;0;0
18316;0;0
18317;0;0
18318;1;1
18319;1;0
18320;1;0
18321;1;0
18322;1;0
18323;1;0
18324;1;0
18325;1;0
18326;1;0
18327;3;2
18328;3;0
18329;3;0
18330;3;0
18331;7;4
18332;7;0
18333;7;0
18334;14;7
18335;14;0
18336;14;0
18337;18;4
18338;26;8
18339;35;9
18340;48;13
18341;67;19
18342;85;18
18343;115;30
18344;136;21
18345;148;12
18346;177;29
18347;201;24
18348;219;18
18349;241;22
18350;259;18
18351;285;26
18352;329;44
18353;354;25
18354;384;30
18355;430;46
18356;483;53
18357;555;72
18358;570;15
18359;599;29
18360;617;18
18361;663;46
18362;711;48
18363;760;49
18364;828;68
18365;854;26
18366;908;54
18367;974;66
18368;1081;107
18369;1117;36
18370;1170;53
18371;1207;37
18372;1225;18
18373;1231;6
18374;1259;28
18375;1300;41
18376;1326;26
18377;1367;41
18378;1386;19
18379;1399;13
18380;1421;22
18381;1442;21
18382;1465;23
18383;1494;29
18384;1506;12
18385;1511;5
18386;1518;7
18387;1526;8
18388;1539;13
18389;1572;33
18390;1586;14
18391;1622;36
18392;1642;20
18393;1664;22
18394;1674;10
18395;1694;20
18396;1723;29
18397;1740;17
18398;1762;22
18399;1792;30
18400;1817;25
18401;1839;22
18402;1858;19
18403;1898;40
18404;1921;23
18405;1941;20
18406;1978;37
18407;1999;21
18408;2014;15
18409;2039;25
18410;2077;38
18411;2129;52
18412;2164;35
18413;2226;62
18414;2315;89
18415;2391;76
18416;2492;101
18417;2611;119
18418;2790;179
18419;2915;125
18420;3025;110
18421;3152;127
18422;3239;87
18423;3364;125
18424;3538;174
18425;3701;163
18426;3895;194
18427;4057;162
18428;4157;100
18429;4299;142
18430;4482;183
18431;4664;182
18432;4820;156
18433;5005;185
18434;5106;101
18435;5196;90
18436;5311;115
18437;5445;134
18438;5595;150
18439;5758;163
18440;5906;148
18441;6080;174
18442;6209;129
18443;6334;125
18444;6454;120
18445;6625;171
18446;6787;162
18447;6932;145
18448;7046;114
18449;7124;78
18450;7244;120
18451;7406;162
18452;7572;166
18453;7777;205
18454;7975;198
18455;8111;136
18456;8197;86
18457;8332;135
18458;8530;198
18459;8623;93
18460;8786;163
18461;9026;240
18462;9153;127
18463;9249;96
18464;9412;163
18465;9547;135
18466;9669;122
18467;9797;128
18468;9934;137
18469;10086;152
18470;10213;127
18471;10315;102
18472;10503;188
18473;10617;114
18474;10754;137
18475;10891;137
18476;11054;163
18477;11128;74
18478;11202;74
18479;11289;87
18480;11399;110
18481;11554;155
18482;11754;200
18483;11839;85
18484;11942;103
18485;12083;141
18486;12217;134
18487;12357;140
18488;12515;158
18489;12653;138
18490;12739;86
18491;12840;101
18492;12970;130
18493;13076;106
18494;13194;118
18495;13308;114
18496;13458;150
18497;13595;137
18498;13673;78
18499;13799;126
18500;13914;115
18501;14004;90
18502;14163;159
18503;14293;130
18504;14330;37
18505;14341;11
18506;14455;114
18507;14600;145
18508;14762;162
18509;14871;109
18510;14998;127
18511;15090;92
18512;15127;37
18513;15226;99
18514;15293;67
18515;15414;121
18516;15555;141
18517;15694;139
18518;15791;97
18519;15827;36
18520;15925;98
18521;16088;163
18522;16274;186
18523;16417;143
18524;16557;140
18525;16735;178
18526;16780;45
18527;16867;87
18528;17049;182
18529;17200;151
18530;17343;143
18531;17483;140
18532;17629;146
18533;17674;45
18534;17786;112
18535;17977;191
18536;18138;161
18537;18363;225
18538;18602;239
18539;18790;188
18540;18873;83
18541;19096;223
18542;19413;317
18543;19777;364
18544;20163;386
18545;20555;392
18546;20937;382
18547;21113;176
18548;21193;80
18549;21636;443
18550;22170;534
18551;22607;437
18552;23201;594
18553;23628;427
18554;23788;160
18555;24196;408
18556;24836;640
18557;25473;637
18558;25991;518
18559;26394;403
18560;26954;560
18561;27199;245
18562;27827;628
18563;28697;870
18564;29558;861
18565;30488;930
18566;31572;1084
18567;32436;864
18568;32997;561
18569;33908;911
18570;35097;1189
18571;36372;1275
18572;37499;1127
18573;38782;1283
18574;39760;978
18575;40275;515
18576;41222;947
18577;42540;1318
18578;43835;1295
18579;44898;1063
18580;46062;1164
18581;47050;988
18582;47636;586
18583;48613;977
18584;50015;1402
18585;51213;1198
18586;52449;1236
18587;53631;1182
18588;54743;1112
18589;55127;384
18590;56164;1037
18591;57451;1287
18592;58608;1157
18593;59701;1093
18594;60723;1022
18595;61543;820
18596;61878;335
18597;62945;1067
18598;63890;945
18599;65231;1341
18600;66330;1099
18601;67311;981
18602;67968;657
18603;68332;364
18604;69452;1120
18605;69954;502
18606;70883;929
18607;72044;1161
18608;73025;981
18609;73638;613
18610;73851;213
18611;74732;881
18612;75597;865
18613;76251;654
18614;77134;883
18615;77949;815
18616;78305;356
18617;78434;129
18618;79190;756
18619;79815;625
18620;80407;592
18621;80896;489
18622;81425;529
18623;81721;296
18624;81804;83
18625;82301;497
18626;82794;493
18627;83329;535
18628;83743;414
18629;83789;46
18630;84024;235
18631;84129;105
18632;84709;580
18633;85328;619
18634;85494;166
18635;85594;100
18636;86150;556
18637;86494;344
18638;86597;103
18639;87117;520
18640;87590;473
18641;87986;396
18642;88389;403
18643;88749;360
18644;88938;189
18645;88992;54
18646;89392;400
18647;89463;71
18648;89817;354
18649;90124;307
18650;90471;347
18651;90654;183
18652;90717;63
18653;91161;444
18654;91555;394
18655;91891;336
18656;92193;302
18657;92518;325
18658;92693;175
18659;92753;60
18660;93160;407
18661;93510;350
18662;93882;372
18663;94196;314
18664;94599;403
18665;94798;199
18666;94871;73
18667;95347;476
18668;95736;389
18669;96152;416
18670;96518;366
18671;96872;354
18672;97052;180
18673;97101;49
18674;97456;355
18675;97803;347
18676;98174;371
18677;98584;410
18678;99031;447
18679;99285;254
18680;99408;123
18681;99917;509
18682;100632;715
18683;101214;582
18684;101762;548
18685;102482;720
18686;102787;305
18687;103020;233
18688;103746;726
18689;104548;802
18690;105269;721
18691;106110;841
18692;106832;722
18693;107163;331
18694;107479;316
18695;108350;871
18696;109262;912
18697;110209;947
18698;111077;868
18699;112107;1030
18700;112646;539
18701;112930;284
18702;113929;999
18703;115222;1293
18704;116438;1216
18705;117437;999
18706;118736;1299
18707;119378;642
18708;119828;450
18709;120882;1054
18710;122227;1345
18711;123491;1264
18712;124910;1419
18713;126230;1320
18714;126938;708
18715;127240;302
18716;128511;1271
18717;130022;1511
18718;131424;1402
18719;132740;1316
18720;134134;1394
18721;134867;733
18722;135167;300
18723;136426;1259
18724;137728;1302
18725;138891;1163
18726;140065;1174
18727;141157;1092
18728;141844;687
18729;142034;190
18730;143162;1128
18731;144111;949
18732;145001;890
18733;145909;908
18734;146733;824
18735;147094;361
18736;147229;135
18737;147995;766
18738;148618;623
18739;149221;603
18740;149710;489
18741;150274;564
18742;150588;314
18743;150672;84
18744;151122;450
18745;151569;447
18746;152002;433
18747;152367;365
18748;152581;214
18749;152685;104
18750;152747;62
18751;152814;67
18752;153137;323
18753;153461;324
18754;153694;233
18755;153891;197
18756;154026;135
18757;154051;25
18758;154222;171
18759;154372;150
18760;154494;122
18761;154524;30
18762;154636;112
18763;154698;62
18764;154725;27
18765;154804;79
