condition;measurement;ncases
18283;0;0
18284;0;0
18285;0;0
18286;0;0
18287;0;0
18288;0;0
18289;0;0
18290;0;0
18291;0;0
18292;0;0
18293;0;0
18294;0;0
18295;0;0
18296;0;0
18297;0;0
18298;0;0
18299;0;0
18300;0;0
18301;0;0
18302;0;0
18303;0;0
18304;0;0
18305;0;0
18306;0;0
18307;0;0
18308;0;0
18309;0;0
18310;0;0
18311;0;0
18312;0;0
18313;0;0
18314;0;0
18315;0;0
18316;2;2
18317;2;0
18318;4;2
18319;4;0
18320;4;0
18321;6;2
18322;6;0
18323;6;0
18324;12;6
18325;15;3
18326;16;1
18327;16;0
18328;16;0
18329;16;0
18330;16;0
18331;18;2
18332;18;0
18333;18;0
18334;19;1
18335;19;0
18336;22;3
18337;22;0
18338;24;2
18339;39;15
18340;48;9
18341;48;0
18342;52;4
18343;55;3
18344;66;11
18345;84;18
18346;99;15
18347;109;10
18348;131;22
18349;152;21
18350;167;15
18351;179;12
18352;192;13
18353;210;18
18354;231;21
18355;252;21
18356;277;25
18357;298;21
18358;331;33
18359;371;40
18360;419;48
18361;457;38
18362;484;27
18363;546;62
18364;599;53
18365;727;128
18366;813;86
18367;910;97
18368;1019;109
18369;1069;50
18370;1180;111
18371;1266;86
18372;1410;144
18373;1508;98
18374;1614;106
18375;1716;102
18376;1790;74
18377;1905;115
18378;1998;93
18379;2049;51
18380;2131;82
18381;2274;143
18382;2348;74
18383;2447;99
18384;2483;36
18385;2568;85
18386;2637;69
18387;2735;98
18388;2903;168
18389;2958;55
18390;3112;154
18391;3224;112
18392;3399;175
18393;3573;174
18394;3721;148
18395;4019;298
18396;4341;322
18397;4625;284
18398;5029;404
18399;5186;157
18400;5379;193
18401;5671;292
18402;6043;372
18403;6370;327
18404;6794;424
18405;7257;463
18406;7770;513
18407;7770;0
18408;8118;348
18409;8373;255
18410;9009;636
18411;9820;811
18412;10423;603
18413;11437;1014
18414;12223;786
18415;12799;576
18416;13537;738
18417;14316;779
18418;15086;770
18419;16016;930
18420;16882;866
18421;17486;604
18422;18198;712
18423;18887;689
18424;19954;1067
18425;21071;1117
18426;22077;1006
18427;23481;1404
18428;24524;1043
18429;25269;745
18430;26079;810
18431;26818;739
18432;27670;852
18433;28566;896
18434;29471;905
18435;31076;1605
18436;32394;1318
18437;33536;1142
18438;34902;1366
18439;36034;1132
18440;36953;919
18441;38150;1197
18442;39060;910
18443;40070;1010
18444;41194;1124
18445;42555;1361
18446;43929;1374
18447;45106;1177
18448;46178;1072
18449;47735;1557
18450;48997;1262
18451;50207;1210
18452;51725;1518
18453;53614;1889
18454;54697;1083
18455;56015;1318
18456;58179;2164
18457;59568;1389
18458;61247;1679
18459;62574;1327
18460;64193;1619
18461;65504;1311
18462;66661;1157
18463;68400;1739
18464;69887;1487
18465;71547;1660
18466;72646;1099
18467;73791;1145
18468;74858;1067
18469;76005;1147
18470;77058;1053
18471;77904;846
18472;78569;665
18473;79159;590
18474;79159;0
18475;79159;0
18476;79159;0
18477;79159;0
18478;79159;0
18479;80286;1127
18480;80713;427
18481;81067;354
18482;81357;290
18483;81580;223
18484;81787;207
18485;82050;263
18486;82299;249
18487;82531;232
18488;82743;212
18489;82924;181
18490;83086;162
18491;83226;140
18492;83418;192
18493;83606;188
18494;83769;163
18495;83769;0
18496;83769;0
18497;83769;0
18498;84509;740
18499;84652;143
18500;84818;166
18501;85005;187
18502;85005;0
18503;85005;0
18504;85544;539
18505;85722;178
18506;85928;206
18507;85928;0
18508;86380;452
18509;86380;0
18510;86380;0
18511;87072;692
18512;87328;256
18513;87590;262
18514;87939;349
18515;88337;398
18516;88337;0
18517;88337;0
18518;89746;1409
18519;90222;476
18520;90660;438
18521;91196;536
18522;91753;557
18523;91753;0
18524;91753;0
18525;93475;1722
18526;94051;576
18527;94711;660
18528;95339;628
18529;95907;568
18530;95907;0
18531;95907;0
18532;97450;1543
18533;98057;607
18534;98585;528
18535;98585;0
18536;98585;0
18537;98585;0
18538;98585;0
18539;101270;2685
18540;101814;544
18541;102648;834
18542;103465;817
18543;104129;664
18544;104129;0
18545;104129;0
18546;105890;1761
18547;106575;685
18548;107213;638
18549;107776;563
18550;108296;520
18551;108296;0
18552;108296;0
18553;109953;1657
18554;110594;641
18555;111033;439
18556;111484;451
18557;111837;353
18558;111837;0
18559;111837;0
18560;112932;1095
18561;113354;422
18562;113820;466
18563;114434;614
18564;114434;0
18565;114434;0
18566;114434;0
18567;115734;1300
18568;116152;418
18569;116528;376
18570;116847;319
18571;117167;320
18572;117167;0
18573;117167;0
18574;118140;973
18575;118503;363
18576;118884;381
18577;119186;302
18578;119442;256
18579;119442;0
18580;119442;0
18581;120389;947
18582;120718;329
18583;120718;0
18584;121129;411
18585;121360;231
18586;121360;0
18587;121360;0
18588;122081;721
18589;122356;275
18590;122579;223
18591;122579;0
18592;122579;0
18593;122579;0
18594;122579;0
18595;123484;905
18596;123699;215
18597;123908;209
18598;124145;237
18599;124329;184
18600;124329;0
18601;124329;0
18602;124886;557
18603;125115;229
18604;125325;210
18605;125490;165
18606;125669;179
18607;125669;0
18608;125669;0
18609;126240;571
18610;126504;264
18611;126719;215
18612;126835;116
18613;127019;184
18614;127019;0
18615;127019;0
18616;127667;648
18617;127931;264
18618;128143;212
18619;128236;93
18620;128290;54
18621;128290;0
18622;128290;0
18623;128472;182
18624;128563;91
18625;128633;70
18626;128719;86
18627;128867;148
18628;128867;0
18629;128867;0
18630;129404;537
18631;129584;180
18632;129774;190
18633;129888;114
18634;130070;182
18635;130070;0
18636;130070;0
18637;130608;538
18638;130780;172
18639;130944;164
18640;131086;142
18641;131264;178
18642;131264;0
18643;131264;0
18644;131790;526
18645;132011;221
18646;132146;135
18647;132317;171
18648;132486;169
18649;132486;0
18650;132486;0
18651;133044;558
18652;133253;209
18653;133407;154
18654;133574;167
18655;133728;154
18656;133728;0
18657;133728;0
18658;134326;598
18659;134524;198
18660;134685;161
18661;134856;171
18662;135041;185
18663;135041;0
18664;135041;0
18665;135674;633
18666;135990;316
18667;136187;197
18668;136377;190
18669;136622;245
18670;136622;0
18671;136622;0
18672;137306;684
18673;137592;286
18674;137929;337
18675;138206;277
18676;138494;288
18677;138494;0
18678;138494;0
18679;139362;868
18680;139692;330
18681;139989;297
18682;140300;311
18683;140588;288
18684;140588;0
18685;140588;0
18686;141496;908
18687;141808;312
18688;142169;361
18689;142527;358
18690;142896;369
18691;142896;0
18692;142896;0
18693;143955;1059
18694;144404;449
18695;144831;427
18696;145257;426
18697;145257;0
18698;145257;0
18699;145257;0
18700;146867;1610
18701;147423;556
18702;148010;587
18703;148558;548
18704;149135;577
18705;149135;0
18706;149135;0
18707;150800;1665
18708;151528;728
18709;152364;836
18710;153105;741
18711;153838;733
18712;153838;0
18713;153838;0
18714;156087;2249
18715;156883;796
18716;158056;1173
18717;159218;1162
18718;160018;800
18719;160018;0
18720;160018;0
18721;163157;3139
18722;164274;1117
18723;165480;1206
18724;166685;1205
18725;168005;1320
18726;168005;0
18727;168005;0
18728;171549;3544
18729;173029;1480
18730;174364;1335
18731;175633;1269
18732;176668;1035
18733;176668;0
18734;176668;0
18735;180031;3363
18736;181430;1399
18737;182693;1263
18738;183770;1077
18739;185278;1508
18740;185278;0
18741;185278;0
18742;188816;3538
18743;190270;1454
18744;191398;1128
18745;192326;928
18746;193253;927
18747;193253;0
18748;193253;0
18749;195807;2554
18750;196900;1093
18751;197802;902
18752;198572;770
18753;199344;772
18754;199344;0
18755;199344;0
18756;201350;2006
18757;202137;787
18758;202713;576
18759;202713;0
18760;202713;0
18761;202713;0
18762;202713;0
18763;205511;2798
18764;206297;786
18765;207109;812
