condition;measurement;ncases
18283;0;0
18284;0;0
18285;0;0
18286;0;0
18287;0;0
18288;0;0
18289;0;0
18290;0;0
18291;0;0
18292;0;0
18293;0;0
18294;0;0
18295;0;0
18296;0;0
18297;0;0
18298;0;0
18299;0;0
18300;0;0
18301;0;0
18302;0;0
18303;0;0
18304;0;0
18305;0;0
18306;0;0
18307;0;0
18308;0;0
18309;0;0
18310;0;0
18311;0;0
18312;0;0
18313;0;0
18314;0;0
18315;0;0
18316;0;0
18317;0;0
18318;0;0
18319;0;0
18320;0;0
18321;0;0
18322;0;0
18323;0;0
18324;0;0
18325;0;0
18326;0;0
18327;0;0
18328;0;0
18329;0;0
18330;0;0
18331;1;1
18332;8;7
18333;11;3
18334;27;16
18335;36;9
18336;43;7
18337;55;12
18338;69;14
18339;86;17
18340;109;23
18341;137;28
18342;200;63
18343;313;113
18344;345;32
18345;345;0
18346;443;98
18347;558;115
18348;674;116
18349;786;112
18350;901;115
18351;989;88
18352;1181;192
18353;1181;0
18354;1317;136
18355;1475;158
18356;1673;198
18357;1801;128
18358;1988;187
18359;2100;112
18360;2249;149
18361;2528;279
18362;2752;224
18363;2974;222
18364;3234;260
18365;3400;166
18366;3472;72
18367;3574;102
18368;3751;177
18369;4016;265
18370;4210;194
18371;4273;63
18372;4467;194
18373;4658;191
18374;4821;163
18375;5166;345
18376;5338;172
18377;5538;200
18378;5779;241
18379;6021;242
18380;6021;0
18381;6378;357
18382;6532;154
18383;6720;188
18384;7090;370
18385;7090;0
18386;7197;107
18387;7523;326
18388;7731;208
18389;7868;137
18390;8070;202
18391;8282;212
18392;8448;166
18393;8616;168
18394;8783;167
18395;8944;161
18396;9118;174
18397;9268;150
18398;9449;181
18399;9606;157
18400;9726;120
18401;9867;141
18402;9977;110
18403;10116;139
18404;10267;151
18405;10577;310
18406;10926;349
18407;11183;257
18408;11447;264
18409;11728;281
18410;12131;403
18411;12531;400
18412;13018;487
18413;13463;445
18414;13837;374
18415;14095;258
18416;14609;514
18417;15044;435
18418;15463;419
18419;16004;541
18420;16425;421
18421;16854;429
18422;17233;379
18423;17889;656
18424;18586;697
18425;19211;625
18426;20059;848
18427;21418;1359
18428;21422;4
18429;21962;540
18430;22597;635
18431;23351;754
18432;24274;923
18433;25222;948
18434;26030;808
18435;26752;722
18436;27314;562
18437;28030;716
18438;29037;1007
18439;29905;868
18440;30658;753
18441;31686;1028
18442;32785;1099
18443;33550;765
18444;34463;913
18445;35237;774
18446;35995;758
18447;36983;988
18448;38149;1166
18449;39334;1185
18450;40291;957
18451;41251;960
18452;42216;965
18453;43257;1041
18454;44332;1075
18455;45633;1301
18456;47173;1540
18457;48096;923
18458;49243;1147
18459;50373;1130
18460;51408;1035
18461;52261;853
18462;53468;1207
18463;54426;958
18464;55153;727
18465;55906;753
18466;56817;911
18467;57993;1176
18468;58864;871
18469;60296;1432
18470;61442;1146
18471;62223;781
18472;63269;1046
18473;64191;922
18474;65256;1065
18475;66383;1127
18476;67453;1070
18477;68456;1003
18478;69424;968
18479;70231;807
18480;71418;1187
18481;72560;1142
18482;73651;1091
18483;74492;841
18484;75394;902
18485;76464;1070
18486;77377;913
18487;78446;1069
18488;79402;956
18489;80665;1263
18490;81940;1275
18491;82543;603
18492;82790;247
18493;83754;964
18494;83855;101
18495;84392;537
18496;85480;1088
18497;86900;1420
18498;87485;585
18499;88381;896
18500;89082;701
18501;89982;900
18502;90624;642
18503;91337;713
18504;92065;728
18505;92982;917
18506;93552;570
18507;94084;532
18508;94914;830
18509;95596;682
18510;96305;709
18511;97043;738
18512;97578;535
18513;98407;829
18514;99042;635
18515;99715;673
18516;100330;615
18517;101041;711
18518;101745;704
18519;102204;459
18520;102832;628
18521;103466;634
18522;104138;672
18523;104879;741
18524;105601;722
18525;106203;602
18526;106810;607
18527;107284;474
18528;107990;706
18529;108726;736
18530;109431;705
18531;110108;677
18532;110555;447
18533;111277;722
18534;111853;576
18535;112595;742
18536;113342;747
18537;113962;620
18538;114653;691
18539;115286;633
18540;115919;633
18541;116602;683
18542;117300;698
18543;118054;754
18544;118841;787
18545;119666;825
18546;120313;647
18547;120802;489
18548;121296;494
18549;122128;832
18550;122883;755
18551;123498;615
18552;124107;609
18553;124745;638
18554;125181;436
18555;125739;558
18556;126435;696
18557;127227;792
18558;127866;639
18559;128515;649
18560;129200;685
18561;129751;551
18562;130422;671
18563;131247;825
18564;132045;798
18565;132867;822
18566;133598;731
18567;134336;738
18568;134915;579
18569;135592;677
18570;136024;432
18571;136567;543
18572;137760;1193
18573;138506;746
18574;139527;1021
18575;140331;804
18576;141302;971
18577;142465;1163
18578;143352;887
18579;144477;1125
18580;145309;832
18581;146653;1344
18582;147667;1014
18583;148721;1054
18584;149833;1112
18585;151089;1256
18586;152289;1200
18587;153577;1288
18588;154783;1206
18589;155658;875
18590;156930;1272
18591;158532;1602
18592;160287;1755
18593;161744;1457
18594;163453;1709
18595;164729;1276
18596;165806;1077
18597;167311;1505
18598;169339;2028
18599;171219;1880
18600;173607;2388
18601;175907;2300
18602;177719;1812
18603;179230;1511
18604;181166;1936
18605;182977;1811
18606;185424;2447
18607;187779;2355
18608;190585;2806
18609;193007;2422
18610;194619;1612
18611;196987;2368
18612;199947;2960
18613;203295;3348
18614;206310;3015
18615;209584;3274
18616;212339;2755
18617;214038;1699
18618;217202;3164
18619;220261;3059
18620;223674;3413
18621;226660;2986
18622;228724;2064
18623;231357;2633
18624;233705;2348
18625;238279;4574
18626;242744;4465
18627;246790;4046
18628;249733;2943
18629;251764;2031
18630;253736;1972
18631;256230;2494
18632;259770;3540
18633;264956;5186
18634;269091;4135
18635;273037;3946
18636;276772;3735
18637;279196;2424
18638;281353;2157
18639;285093;3740
18640;288408;3315
18641;291285;2877
18642;293592;2307
18643;296269;2677
18644;298019;1750
18645;299361;1342
18646;301534;2173
18647;303777;2243
18648;305752;1975
18649;307793;2041
18650;309851;2058
18651;311244;1393
18652;312158;914
18653;313834;1676
18654;315400;1566
18655;316808;1408
18656;318253;1445
18657;319453;1200
18658;320379;926
18659;321103;724
18660;322201;1098
18661;323382;1181
18662;324489;1107
18663;325487;998
18664;326464;977
18665;327091;627
18666;327654;563
18667;328476;822
18668;329367;891
18669;330075;708
18670;330985;910
18671;331692;707
18672;332179;487
18673;332679;500
18674;333251;572
18675;333755;504
18676;334463;708
18677;335339;876
18678;336037;698
18679;336521;484
18680;337087;566
18681;337805;718
18682;338701;896
18683;339383;682
18684;339781;398
18685;340445;664
18686;340915;470
18687;341420;505
18688;342019;599
18689;342741;722
18690;343281;540
18691;343743;462
18692;344477;734
18693;344834;357
18694;345236;402
18695;345759;523
18696;346301;542
18697;346775;474
18698;347226;451
18699;347641;415
18700;347919;278
18701;348155;236
18702;348580;425
18703;349020;440
18704;349505;485
18705;350220;715
18706;350665;445
18707;350991;326
18708;351213;222
18709;351667;454
18710;352082;415
18711;352579;497
18712;353017;438
18713;353497;480
18714;353839;342
18715;354085;246
18716;354604;519
18717;355051;447
18718;355499;448
18719;355850;351
18720;356073;223
18721;356377;304
18722;356556;179
18723;356913;357
18724;357277;364
18725;357704;427
18726;358098;394
18727;358377;279
18728;358611;234
18729;358792;181
18730;359121;329
18731;359516;395
18732;359830;314
18733;360249;419
18734;360597;348
18735;360841;244
18736;361044;203
18737;361319;275
18738;361678;359
18739;361992;314
18740;362358;366
18741;362696;338
18742;362967;271
18743;363165;198
18744;363533;368
18745;363895;362
18746;364218;323
18747;364576;358
18748;364844;268
18749;365104;260
18750;365299;195
18751;365619;320
18752;365975;356
18753;366364;389
18754;366762;398
18755;367270;508
18756;367656;386
18757;367908;252
18758;368368;460
18759;368930;562
18760;369455;525
18761;370043;588
18762;370533;490
18763;370877;344
18764;371145;268
18765;371684;539
