condition;measurement;ncases
18283;0;0
18284;0;0
18285;0;0
18286;0;0
18287;0;0
18288;0;0
18289;0;0
18290;0;0
18291;0;0
18292;0;0
18293;0;0
18294;0;0
18295;0;0
18296;0;0
18297;0;0
18298;0;0
18299;0;0
18300;0;0
18301;0;0
18302;0;0
18303;0;0
18304;0;0
18305;0;0
18306;0;0
18307;0;0
18308;0;0
18309;0;0
18310;0;0
18311;0;0
18312;0;0
18313;0;0
18314;0;0
18315;0;0
18316;0;0
18317;0;0
18318;0;0
18319;0;0
18320;0;0
18321;1;1
18322;3;2
18323;3;0
18324;7;4
18325;8;1
18326;8;0
18327;8;0
18328;8;0
18329;15;7
18330;18;3
18331;24;6
18332;262;238
18333;262;0
18334;320;58
18335;337;17
18336;401;64
18337;439;38
18338;439;0
18339;452;13
18340;460;8
18341;470;10
18342;481;11
18343;494;13
18344;501;7
18345;526;25
18346;537;11
18347;549;12
18348;562;13
18349;590;28
18350;634;44
18351;693;59
18352;781;88
18353;835;54
18354;949;114
18355;1075;126
18356;1325;250
18357;1604;279
18358;1832;228
18359;2057;225
18360;2210;153
18361;2376;166
18362;2512;136
18363;2728;216
18364;2979;251
18365;3231;252
18366;3428;197
18367;3711;283
18368;4103;392
18369;4663;560
18370;5008;345
18371;5448;440
18372;6015;567
18373;6533;518
18374;7141;608
18375;7764;623
18376;8525;761
18377;9358;833
18378;10287;929
18379;11244;957
18380;11921;677
18381;12564;643
18382;13409;845
18383;14096;687
18384;14872;776
18385;15551;679
18386;16191;640
18387;17142;951
18388;17972;830
18389;18890;918
18390;20201;1311
18391;21331;1130
18392;22520;1189
18393;23623;1103
18394;25149;1526
18395;26539;1390
18396;28272;1733
18397;29425;1153
18398;30972;1547
18399;32604;1632
18400;33969;1365
18401;35606;1637
18402;37097;1491
18403;38651;1554
18404;40481;1830
18405;42213;1732
18406;43714;1501
18407;45465;1751
18408;47207;1742
18409;48947;1740
18410;50914;1967
18411;52907;1993
18412;55262;2355
18413;56910;1648
18414;58433;1523
18415;60259;1826
18416;62160;1901
18417;63741;1581
18418;65495;1754
18419;67195;1700
18420;68790;1595
18421;70158;1368
18422;71879;1721
18423;73595;1716
18424;75071;1476
18425;76588;1517
18426;78416;1828
18427;79602;1186
18428;80876;1274
18429;82077;1201
18430;83174;1097
18431;84441;1267
18432;85462;1021
18433;86488;1026
18434;87369;881
18435;88403;1034
18436;89579;1176
18437;90778;1199
18438;91838;1060
18439;92784;946
18440;93663;879
18441;94413;750
18442;95106;693
18443;96088;982
18444;97003;915
18445;97897;894
18446;98653;756
18447;99183;530
18448;99799;616
18449;100345;546
18450;100945;600
18451;101553;608
18452;102110;557
18453;102630;520
18454;103128;498
18455;103598;470
18456;104016;418
18457;104533;517
18458;104983;450
18459;105477;494
18460;105898;421
18461;106308;410
18462;106648;340
18463;107037;389
18464;107430;393
18465;107871;441
18466;108244;373
18467;108638;394
18468;109036;398
18469;109305;269
18470;109597;292
18471;109880;283
18472;110153;273
18473;110460;307
18474;110695;235
18475;110911;216
18476;111107;196
18477;111322;215
18478;111538;216
18479;111805;267
18480;112092;287
18481;112383;291
18482;112650;267
18483;112947;297
18484;113262;315
18485;113646;384
18486;113938;292
18487;114281;343
18488;114532;251
18489;114809;277
18490;115080;271
18491;115368;288
18492;115661;293
18493;115956;295
18494;116224;268
18495;116481;257
18496;116765;284
18497;117008;243
18498;117266;258
18499;117498;232
18500;117742;244
18501;117988;246
18502;118196;208
18503;118407;211
18504;118575;168
18505;118778;203
18506;118994;216
18507;119206;212
18508;119420;214
18509;119637;217
18510;119864;227
18511;120095;231
18512;120348;253
18513;120579;231
18514;120846;267
18515;121052;206
18516;121287;235
18517;121523;236
18518;121740;217
18519;121975;235
18520;122214;239
18521;122449;235
18522;122693;244
18523;122917;224
18524;123146;229
18525;123376;230
18526;123604;228
18527;123917;313
18528;124175;258
18529;124425;250
18530;124650;225
18531;124850;200
18532;125084;234
18533;125311;227
18534;125533;222
18535;125760;227
18536;125959;199
18537;126164;205
18538;126339;175
18539;126498;159
18540;126692;194
18541;126943;251
18542;127181;238
18543;127394;213
18544;127600;206
18545;127778;178
18546;127985;207
18547;128191;206
18548;128405;214
18549;128603;198
18550;128803;200
18551;128992;189
18552;129227;235
18553;129431;204
18554;129671;240
18555;129944;273
18556;130210;266
18557;130462;252
18558;130711;249
18559;130965;254
18560;131170;205
18561;131432;262
18562;131689;257
18563;131939;250
18564;132150;211
18565;132343;193
18566;132556;213
18567;132720;164
18568;132917;197
18569;133143;226
18570;133370;227
18571;133619;249
18572;133811;192
18573;134013;202
18574;134203;190
18575;134433;230
18576;134663;230
18577;134887;224
18578;135132;245
18579;135367;235
18580;135570;203
18581;135785;215
18582;136028;243
18583;136222;194
18584;136441;219
18585;136649;208
18586;136888;239
18587;137062;174
18588;137229;167
18589;137415;186
18590;137642;227
18591;137851;209
18592;138066;215
18593;138250;184
18594;138477;227
18595;138648;171
18596;138833;185
18597;139001;168
18598;139256;255
18599;139477;221
18600;139643;166
18601;139783;140
18602;139908;125
18603;140086;178
18604;140203;117
18605;140353;150
18606;140516;163
18607;140680;164
18608;140827;147
18609;140961;134
18610;141121;160
18611;141272;151
18612;141417;145
18613;141557;140
18614;141716;159
18615;141858;142
18616;142001;143
18617;142159;158
18618;142308;149
18619;142448;140
18620;142605;157
18621;142734;129
18622;142903;169
18623;143062;159
18624;143222;160
18625;143428;206
18626;143621;193
18627;143834;213
18628;144042;208
18629;144240;198
18630;144437;197
18631;144644;207
18632;144852;208
18633;145061;209
18634;145271;210
18635;145466;195
18636;145672;206
18637;145865;193
18638;146068;203
18639;146279;211
18640;146480;201
18641;146689;209
18642;146885;196
18643;147089;204
18644;147277;188
18645;147504;227
18646;147729;225
18647;148000;271
18648;148258;258
18649;148521;263
18650;148772;251
18651;149019;247
18652;149296;277
18653;149595;299
18654;149933;338
18655;150280;347
18656;150621;341
18657;150984;363
18658;151335;351
18659;151720;385
18660;152095;375
18661;152491;396
18662;152898;407
18663;153296;398
18664;153690;394
18665;154098;408
18666;154525;427
18667;155002;477
18668;155453;451
18669;155901;448
18670;156351;450
18671;156804;453
18672;157244;440
18673;158132;888
18674;158138;6
18675;158591;453
18676;159053;462
18677;159518;465
18678;159967;449
18679;160426;459
18680;160889;463
18681;161344;455
18682;161803;459
18683;162268;465
18684;162737;469
18685;163197;460
18686;163664;467
18687;164137;473
18688;164600;463
18689;165071;471
18690;165546;475
18691;166015;469
18692;166475;460
18693;166949;474
18694;167417;468
18695;167888;471
18696;168361;473
18697;168829;468
18698;169284;455
18699;169767;483
18700;170252;485
18701;170733;481
18702;171212;479
18703;171701;489
18704;172200;499
18705;172697;497
18706;173206;509
18707;173709;503
18708;174228;519
18709;174762;534
18710;175332;570
18711;175919;587
18712;176521;602
18713;177135;614
18714;177774;639
18715;178464;690
18716;179184;720
18717;179964;780
18718;180804;840
18719;181678;874
18720;182548;870
18721;183424;876
18722;184334;910
18723;185261;927
18724;186201;940
18725;187150;949
18726;188100;950
18727;189064;964
18728;190025;961
18729;190998;973
18730;191979;981
18731;192963;984
18732;193952;989
18733;194930;978
18734;195757;827
18735;196580;823
18736;197476;896
18737;198361;885
18738;199180;819
18739;199980;800
18740;200778;798
18741;201496;718
18742;202201;705
18743;202904;703
18744;203599;695
18745;204289;690
18746;204976;687
18747;205652;676
18748;206302;650
18749;206948;646
18750;207592;644
18751;208232;640
18752;208877;645
18753;209470;593
18754;210070;600
18755;210603;533
18756;210992;389
18757;211389;397
18758;211732;343
18759;212124;392
18760;212423;299
18761;212667;244
18762;212927;260
18763;213183;256
18764;213485;302
18765;213855;370
