condition;measurement;ncases
18283;0;0
18284;0;0
18285;0;0
18286;0;0
18287;0;0
18288;0;0
18289;0;0
18290;0;0
18291;0;0
18292;0;0
18293;0;0
18294;0;0
18295;0;0
18296;0;0
18297;0;0
18298;0;0
18299;0;0
18300;0;0
18301;0;0
18302;0;0
18303;0;0
18304;0;0
18305;0;0
18306;0;0
18307;0;0
18308;0;0
18309;0;0
18310;0;0
18311;0;0
18312;0;0
18313;0;0
18314;0;0
18315;0;0
18316;0;0
18317;0;0
18318;0;0
18319;0;0
18320;0;0
18321;0;0
18322;0;0
18323;0;0
18324;0;0
18325;0;0
18326;0;0
18327;0;0
18328;0;0
18329;0;0
18330;0;0
18331;0;0
18332;0;0
18333;0;0
18334;0;0
18335;1;1
18336;1;0
18337;5;4
18338;7;2
18339;8;1
18340;8;0
18341;17;9
18342;17;0
18343;19;2
18344;36;17
18345;40;4
18346;41;1
18347;50;9
18348;54;4
18349;60;6
18350;70;10
18351;70;0
18352;75;5
18353;82;7
18354;84;2
18355;89;5
18356;102;13
18357;104;2
18358;105;1
18359;105;0
18360;110;5
18361;110;0
18362;118;8
18363;120;2
18364;126;6
18365;127;1
18366;134;7
18367;136;2
18368;138;2
18369;143;5
18370;144;1
18371;147;3
18372;147;0
18373;150;3
18374;153;3
18375;154;1
18376;176;22
18377;183;7
18378;191;8
18379;207;16
18380;212;5
18381;225;13
18382;243;18
18383;249;6
18384;255;6
18385;259;4
18386;261;2
18387;261;0
18388;268;7
18389;271;3
18390;273;2
18391;280;7
18392;284;4
18393;285;1
18394;286;1
18395;287;1
18396;287;0
18397;287;0
18398;289;2
18399;292;3
18400;297;5
18401;308;11
18402;314;6
18403;320;6
18404;321;1
18405;325;4
18406;327;2
18407;336;9
18408;339;3
18409;346;7
18410;349;3
18411;355;6
18412;359;4
18413;370;11
18414;377;7
18415;384;7
18416;397;13
18417;410;13
18418;420;10
18419;431;11
18420;439;8
18421;451;12
18422;463;12
18423;476;13
18424;494;18
18425;510;16
18426;541;31
18427;582;41
18428;612;30
18429;636;24
18430;639;3
18431;646;7
18432;661;15
18433;702;41
18434;728;26
18435;787;59
18436;798;11
18437;830;32
18438;850;20
18439;858;8
18440;878;20
18441;900;22
18442;1001;101
18443;1025;24
18444;1042;17
18445;1063;21
18446;1081;18
18447;1092;11
18448;1105;13
18449;1113;8
18450;1172;59
18451;1194;22
18452;1210;16
18453;1252;42
18454;1299;47
18455;1337;38
18456;1378;41
18457;1416;38
18458;1435;19
18459;1473;38
18460;1485;12
18461;1539;54
18462;1582;43
18463;1629;47
18464;1655;26
18465;1689;34
18466;1710;21
18467;1729;19
18468;1752;23
18469;1821;69
18470;1879;58
18471;1926;47
18472;1963;37
18473;1994;31
18474;2022;28
18475;2042;20
18476;2062;20
18477;2092;30
18478;2099;7
18479;2104;5
18480;2111;7
18481;2128;17
18482;2134;6
18483;2140;6
18484;2152;12
18485;2171;19
18486;2189;18
18487;2200;11
18488;2293;93
18489;2352;59
18490;2453;101
18491;2540;87
18492;2577;37
18493;2644;67
18494;2717;73
18495;2780;63
18496;2889;109
18497;3089;200
18498;3306;217
18499;3537;231
18500;3625;88
18501;3672;47
18502;3742;70
18503;3843;101
18504;4020;177
18505;4063;43
18506;4142;79
18507;4218;76
18508;4255;37
18509;4304;49
18510;4349;45
18511;4374;25
18512;4409;35
18513;4439;30
18514;4460;21
18515;4479;19
18516;4534;55
18517;4565;31
18518;4591;26
18519;4602;11
18520;4624;22
18521;4634;10
18522;4653;19
18523;4671;18
18524;4689;18
18525;4711;22
18526;4722;11
18527;4738;16
18528;4779;41
18529;4789;10
18530;4798;9
18531;4811;13
18532;4820;9
18533;4832;12
18534;4836;4
18535;4840;4
18536;4843;3
18537;4847;4
18538;4852;5
18539;4866;14
18540;4867;1
18541;4873;6
18542;4883;10
18543;4885;2
18544;4890;5
18545;4892;2
18546;4896;4
18547;4905;9
18548;4908;3
18549;4940;32
18550;4953;13
18551;4965;12
18552;4971;6
18553;4974;3
18554;4992;18
18555;4996;4
18556;5012;16
18557;5017;5
18558;5052;35
18559;5060;8
18560;5066;6
18561;5073;7
18562;5084;11
18563;5129;45
18564;5131;2
18565;5134;3
18566;5137;3
18567;5146;9
18568;5155;9
18569;5162;7
18570;5174;12
18571;5192;18
18572;5208;16
18573;5213;5
18574;5222;9
18575;5242;20
18576;5262;20
18577;5312;50
18578;5319;7
18579;5362;43
18580;5394;32
18581;5455;61
18582;5491;36
18583;5507;16
18584;5543;36
18585;5572;29
18586;5586;14
18587;5620;34
18588;5665;45
18589;5726;61
18590;5750;24
18591;5779;29
18592;5851;72
18593;5872;21
18594;5891;19
18595;5919;28
18596;5934;15
18597;5948;14
18598;5994;46
18599;6011;17
18600;6043;32
18601;6084;41
18602;6129;45
18603;6191;62
18604;6237;46
18605;6278;41
18606;6349;71
18607;6428;79
18608;6528;100
18609;6659;131
18610;6747;88
18611;6832;85
18612;6954;122
18613;7032;78
18614;7105;73
18615;7232;127
18616;7293;61
18617;7402;109
18618;7511;109
18619;7598;87
18620;7670;72
18621;7743;73
18622;7817;74
18623;7970;153
18624;8021;51
18625;8128;107
18626;8250;122
18627;8383;133
18628;8460;77
18629;8567;107
18630;8676;109
18631;8848;172
18632;8955;107
18633;9058;103
18634;9225;167
18635;9368;143
18636;9461;93
18637;9630;169
18638;9784;154
18639;9950;166
18640;10122;172
18641;10316;194
18642;10573;257
18643;10850;277
18644;11032;182
18645;11259;227
18646;11548;289
18647;11860;312
18648;12170;310
18649;12443;273
18650;12647;204
18651;12975;328
18652;13311;336
18653;13885;574
18654;14166;281
18655;14529;363
18656;14784;255
18657;15118;334
18658;15304;186
18659;15459;155
18660;15688;229
18661;15834;146
18662;15988;154
18663;16186;198
18664;16337;151
18665;16451;114
18666;16621;170
18667;16811;190
18668;16941;130
18669;17068;127
18670;17200;132
18671;17267;67
18672;17343;76
18673;17484;141
18674;17594;110
18675;17716;122
18676;17835;119
18677;17929;94
18678;17988;59
18679;18053;65
18680;18199;146
18681;18325;126
18682;18443;118
18683;18553;110
18684;18689;136
18685;18790;101
18686;18850;60
18687;18986;136
18688;19111;125
18689;19198;87
18690;19334;136
18691;19426;92
18692;19509;83
18693;19551;42
18694;19659;108
18695;19779;120
18696;19846;67
18697;19945;99
18698;20057;112
18699;20143;86
18700;20186;43
18701;20302;116
18702;20412;110
18703;20480;68
18704;20551;71
18705;20681;130
18706;20761;80
18707;20828;67
18708;20896;68
18709;20975;79
18710;21106;131
18711;21210;104
18712;21309;99
18713;21370;61
18714;21419;49
18715;21490;71
18716;21645;155
18717;21783;138
18718;21918;135
18719;22167;249
18720;22243;76
18721;22482;239
18722;22684;202
18723;22862;178
18724;23041;179
18725;23152;111
18726;23260;108
18727;23343;83
18728;23426;83
18729;23535;109
18730;23603;68
18731;23672;69
18732;23744;72
18733;23812;68
18734;23866;54
18735;23888;22
18736;23934;46
18737;24005;71
18738;24112;107
18739;24262;150
18740;24459;197
18741;24535;76
18742;24593;58
18743;24677;84
18744;24814;137
18745;24888;74
18746;24995;107
18747;25116;121
18748;25225;109
18749;25253;28
18750;25311;58
18751;25351;40
18752;25421;70
18753;25486;65
18754;25539;53
18755;25586;47
18756;25652;66
18757;25714;62
18758;25773;59
18759;25846;73
18760;25934;88
18761;26033;99
18762;26099;66
18763;26141;42
18764;26215;74
18765;26344;129
