condition;measurement;ncases
18283;0;0
18284;0;0
18285;0;0
18286;0;0
18287;0;0
18288;0;0
18289;0;0
18290;0;0
18291;0;0
18292;0;0
18293;0;0
18294;0;0
18295;0;0
18296;0;0
18297;0;0
18298;0;0
18299;0;0
18300;0;0
18301;0;0
18302;0;0
18303;0;0
18304;0;0
18305;0;0
18306;0;0
18307;0;0
18308;0;0
18309;0;0
18310;0;0
18311;0;0
18312;0;0
18313;0;0
18314;0;0
18315;0;0
18316;0;0
18317;0;0
18318;0;0
18319;0;0
18320;0;0
18321;0;0
18322;0;0
18323;1;1
18324;1;0
18325;1;0
18326;5;4
18327;5;0
18328;5;0
18329;11;6
18330;15;4
18331;20;5
18332;21;1
18333;45;24
18334;86;41
18335;103;17
18336;103;0
18337;118;15
18338;171;53
18339;171;0
18340;274;103
18341;344;70
18342;392;48
18343;511;119
18344;562;51
18345;767;205
18346;900;133
18347;1012;112
18348;1104;92
18349;1203;99
18350;1299;96
18351;1453;154
18352;1563;110
18353;1720;157
18354;1885;165
18355;2039;154
18356;2179;140
18357;2402;223
18358;2605;203
18359;2795;190
18360;2932;137
18361;3287;355
18362;3651;364
18363;4033;382
18364;4462;429
18365;4934;472
18366;5369;435
18367;5862;493
18368;6380;518
18369;7142;762
18370;8274;1132
18371;9362;1088
18372;10484;1122
18373;11631;1147
18374;12772;1141
18375;13930;1158
18376;15102;1172
18377;16299;1197
18378;17522;1223
18379;18811;1289
18380;20077;1266
18381;21402;1325
18382;22753;1351
18383;24097;1344
18384;25459;1362
18385;27011;1552
18386;28656;1645
18387;30251;1595
18388;31938;1687
18389;33731;1793
18390;35432;1701
18391;37136;1704
18392;39048;1912
18393;41014;1966
18394;42925;1911
18395;44830;1905
18396;46869;2039
18397;49176;2307
18398;52016;2840
18399;54752;2736
18400;57345;2593
18401;59854;2509
18402;62545;2691
18403;65077;2532
18404;67719;2642
18405;70161;2442
18406;72560;2399
18407;74795;2235
18408;76726;1931
18409;78541;1815
18410;80185;1644
18411;81766;1581
18412;83384;1618
18413;85261;1877
18414;87142;1881
18415;89011;1869
18416;91182;2171
18417;93157;1975
18418;95748;2591
18419;98869;3121
18420;101914;3045
18421;105283;3369
18422;108571;3288
18423;112288;3717
18424;116021;3733
18425;119942;3921
18426;123308;3366
18427;127541;4233
18428;132048;4507
18429;136315;4267
18430;141234;4919
18431;145991;4757
18432;150292;4301
18433;154233;3941
18434;157612;3379
18435;161005;3393
18436;164144;3139
18437;167267;3123
18438;170639;3372
18439;174577;3938
18440;178504;3927
18441;182493;3989
18442;186436;3943
18443;190823;4387
18444;194225;3402
18445;197608;3383
18446;201801;4193
18447;205929;4128
18448;209509;3580
18449;213716;4207
18450;217108;3392
18451;220144;3036
18452;223327;3183
18453;226486;3159
18454;229480;2994
18455;232259;2779
18456;235111;2852
18457;237803;2692
18458;240474;2671
18459;243238;2764
18460;245851;2613
18461;248416;2565
18462;250920;2504
18463;253349;2429
18464;255825;2476
18465;258156;2331
18466;260394;2238
18467;262772;2378
18468;264973;2201
18469;266941;1968
18470;268934;1993
18471;270831;1897
18472;272590;1759
18473;274219;1629
18474;275905;1686
18475;277478;1573
18476;278835;1357
18477;280093;1258
18478;281456;1363
18479;282824;1368
18480;284226;1402
18481;285793;1567
18482;287262;1469
18483;288690;1428
18484;289947;1257
18485;291468;1521
18486;293037;1569
18487;294519;1482
18488;295902;1383
18489;297315;1413
18490;298542;1227
18491;299914;1372
18492;301323;1409
18493;302686;1363
18494;303973;1287
18495;305186;1213
18496;306370;1184
18497;307479;1109
18498;308654;1175
18499;309768;1114
18500;310836;1068
18501;311855;1019
18502;312924;1069
18503;313911;987
18504;314821;910
18505;315772;951
18506;316670;898
18507;317486;816
18508;318319;833
18509;319141;822
18510;319932;791
18511;320688;756
18512;321456;768
18513;322237;781
18514;323012;775
18515;323720;708
18516;324407;687
18517;325050;643
18518;325651;601
18519;326258;607
18520;326930;672
18521;327551;621
18522;328144;593
18523;328720;576
18524;329271;551
18525;329754;483
18526;330246;492
18527;330798;552
18528;331359;561
18529;331857;498
18530;332329;472
18531;332790;461
18532;333193;403
18533;333648;455
18534;334187;539
18535;334605;418
18536;335097;492
18537;335578;481
18538;335997;419
18539;336387;390
18540;336766;379
18541;337243;477
18542;337711;468
18543;338132;421
18544;338539;407
18545;338944;405
18546;339267;323
18547;339615;348
18548;340089;474
18549;340590;501
18550;341062;472
18551;341495;433
18552;341854;359
18553;342202;348
18554;342583;381
18555;342968;385
18556;343373;405
18557;343774;401
18558;344157;383
18559;344552;395
18560;344875;323
18561;345232;357
18562;345631;399
18563;346047;416
18564;346482;435
18565;346880;398
18566;347282;402
18567;347656;374
18568;348037;381
18569;348510;473
18570;348936;426
18571;349386;450
18572;349822;436
18573;350229;407
18574;350592;363
18575;350984;392
18576;351455;471
18577;351849;394
18578;352160;311
18579;352601;441
18580;352950;349
18581;353255;305
18582;353556;301
18583;353918;362
18584;354208;290
18585;354527;319
18586;354813;286
18587;355034;221
18588;355258;224
18589;355489;231
18590;355741;252
18591;356067;326
18592;356389;322
18593;356691;302
18594;356911;220
18595;357128;217
18596;357360;232
18597;357623;263
18598;357872;249
18599;358102;230
18600;358336;234
18601;358526;190
18602;358713;187
18603;358922;209
18604;359115;193
18605;359274;159
18606;359415;141
18607;359583;168
18608;359749;166
18609;359888;139
18610;360013;125
18611;360155;142
18612;360335;180
18613;360516;181
18614;360690;174
18615;360848;158
18616;361010;162
18617;361178;168
18618;361359;181
18619;361536;177
18620;361725;189
18621;361903;178
18622;362066;163
18623;362220;154
18624;362339;119
18625;362488;149
18626;362601;113
18627;362741;140
18628;362878;137
18629;362979;101
18630;363061;82
18631;363155;94
18632;363259;104
18633;363377;118
18634;363485;108
18635;363582;97
18636;363692;110
18637;363809;117
18638;363949;140
18639;364096;147
18640;364271;175
18641;364440;169
18642;364613;173
18643;364753;140
18644;364929;176
18645;365099;170
18646;365325;226
18647;365563;238
18648;365775;212
18649;365988;213
18650;366185;197
18651;366371;186
18652;366584;213
18653;366807;223
18654;367023;216
18655;367276;253
18656;367543;267
18657;367813;270
18658;368074;261
18659;368329;255
18660;368639;310
18661;368945;306
18662;369248;303
18663;369575;327
18664;369961;386
18665;370278;317
18666;370634;356
18667;370987;353
18668;371356;369
18669;371720;364
18670;372073;353
18671;372410;337
18672;372732;322
18673;373046;314
18674;373368;322
18675;373702;334
18676;374029;327
18677;374366;337
18678;374691;325
18679;375006;315
18680;375333;327
18681;375668;335
18682;376021;353
18683;376377;356
18684;376723;346
18685;377061;338
18686;377383;322
18687;377700;317
18688;378002;302
18689;378333;331
18690;378708;375
18691;379092;384
18692;379474;382
18693;379831;357
18694;380182;351
18695;380572;390
18696;380958;386
18697;381348;390
18698;381708;360
18699;382059;351
18700;382407;348
18701;382752;345
18702;383106;354
18703;383499;393
18704;383880;381
18705;384271;391
18706;384653;382
18707;385020;367
18708;385424;404
18709;385834;410
18710;386300;466
18711;386782;482
18712;387292;510
18713;387794;502
18714;388325;531
18715;388866;541
18716;389422;556
18717;390007;585
18718;390597;590
18719;391325;728
18720;392009;684
18721;392682;673
18722;393377;695
18723;394169;792
18724;394952;783
18725;395854;902
18726;396758;904
18727;397636;878
18728;398435;799
18729;399277;842
18730;400228;951
18731;401157;929
18732;402142;985
18733;403106;964
18734;404054;948
18735;404970;916
18736;405940;970
18737;407010;1070
18738;408038;1028
18739;409093;1055
18740;410191;1098
18741;411263;1072
18742;412216;953
18743;413174;958
18744;414219;1045
18745;415281;1062
18746;416307;1026
18747;417363;1056
18748;418411;1048
18749;419348;937
18750;420301;953
18751;421300;999
18752;422316;1016
18753;423406;1090
18754;424445;1039
18755;425442;997
18756;426384;942
18757;427370;986
18758;428369;999
18759;429389;1020
18760;430505;1116
18761;431432;927
18762;432269;837
18763;433094;825
18764;433980;886
18765;435027;1047
