condition;measurement;ncases
18283;0;0
18284;0;0
18285;0;0
18286;0;0
18287;0;0
18288;0;0
18289;0;0
18290;0;0
18291;0;0
18292;0;0
18293;0;0
18294;0;0
18295;0;0
18296;0;0
18297;0;0
18298;0;0
18299;0;0
18300;0;0
18301;0;0
18302;0;0
18303;0;0
18304;0;0
18305;0;0
18306;0;0
18307;0;0
18308;0;0
18309;0;0
18310;0;0
18311;0;0
18312;0;0
18313;0;0
18314;0;0
18315;0;0
18316;0;0
18317;0;0
18318;0;0
18319;0;0
18320;0;0
18321;0;0
18322;0;0
18323;1;1
18324;2;1
18325;4;2
18326;4;0
18327;4;0
18328;4;0
18329;4;0
18330;4;0
18331;4;0
18332;4;0
18333;4;0
18334;10;6
18335;10;0
18336;24;14
18337;24;0
18338;26;2
18339;31;5
18340;31;0
18341;38;7
18342;47;9
18343;67;20
18344;79;12
18345;86;7
18346;99;13
18347;105;6
18348;119;14
18349;130;11
18350;142;12
18351;162;20
18352;175;13
18353;190;15
18354;195;5
18355;207;12
18356;219;12
18357;222;3
18358;226;4
18359;237;11
18360;244;7
18361;250;6
18362;265;15
18363;278;13
18364;280;2
18365;291;11
18366;299;8
18367;314;15
18368;335;21
18369;342;7
18370;350;8
18371;367;17
18372;377;10
18373;412;35
18374;442;30
18375;479;37
18376;545;66
18377;614;69
18378;671;57
18379;736;65
18380;823;87
18381;882;59
18382;933;51
18383;1024;91
18384;1115;91
18385;1182;67
18386;1271;89
18387;1329;58
18388;1433;104
18389;1492;59
18390;1551;59
18391;1634;83
18392;1709;75
18393;1886;177
18394;1995;109
18395;2105;110
18396;2189;84
18397;2310;121
18398;2429;119
18399;2480;51
18400;2544;64
18401;2617;73
18402;2714;97
18403;2812;98
18404;2909;97
18405;2976;67
18406;3047;71
18407;3130;83
18408;3161;31
18409;3253;92
18410;3348;95
18411;3429;81
18412;3535;106
18413;3645;110
18414;3739;94
18415;3836;97
18416;3932;96
18417;4021;89
18418;4155;134
18419;4249;94
18420;4328;79
18421;4427;99
18422;4516;89
18423;4640;124
18424;4759;119
18425;4851;92
18426;4996;145
18427;5090;94
18428;5173;83
18429;5247;74
18430;5369;122
18431;5475;106
18432;5639;164
18433;5783;144
18434;5888;105
18435;5970;82
18436;6034;64
18437;6129;95
18438;6233;104
18439;6354;121
18440;6459;105
18441;6586;127
18442;6698;112
18443;6793;95
18444;6925;132
18445;7054;129
18446;7164;110
18447;7272;108
18448;7400;128
18449;7478;78
18450;7547;69
18451;7657;110
18452;7784;127
18453;7882;98
18454;8014;132
18455;8135;121
18456;8198;63
18457;8243;45
18458;8369;126
18459;8481;112
18460;8544;63
18461;8669;125
18462;8810;141
18463;8948;138
18464;8985;37
18465;9121;136
18466;9266;145
18467;9422;156
18468;9552;130
18469;9681;129
18470;9764;83
18471;9805;41
18472;9961;156
18473;10106;145
18474;10232;126
18475;10284;52
18476;10344;60
18477;10386;42
18478;10432;46
18479;10538;106
18480;10715;177
18481;10887;172
18482;11003;116
18483;11175;172
18484;11312;137
18485;11380;68
18486;11587;207
18487;11740;153
18488;11872;132
18489;12032;160
18490;12162;130
18491;12237;75
18492;12305;68
18493;12446;141
18494;12559;113
18495;12689;130
18496;12850;161
18497;12949;99
18498;13013;64
18499;13056;43
18500;13186;130
18501;13294;108
18502;13384;90
18503;13456;72
18504;13556;100
18505;13611;55
18506;13655;44
18507;13743;88
18508;13826;83
18509;13881;55
18510;13948;67
18511;13987;39
18512;14014;27
18513;14044;30
18514;14102;58
18515;14150;48
18516;14193;43
18517;14237;44
18518;14280;43
18519;14306;26
18520;14529;223
18521;14568;39
18522;14618;50
18523;14645;27
18524;14688;43
18525;14714;26
18526;14738;24
18527;14759;21
18528;14795;36
18529;14816;21
18530;14839;23
18531;14869;30
18532;14909;40
18533;14919;10
18534;14945;26
18535;14982;37
18536;15019;37
18537;15051;32
18538;15068;17
18539;15094;26
18540;15122;28
18541;15141;19
18542;15174;33
18543;15190;16
18544;15213;23
18545;15244;31
18546;15268;24
18547;15292;24
18548;15307;15
18549;15331;24
18550;15348;17
18551;15368;20
18552;15392;24
18553;15418;26
18554;15432;14
18555;15459;27
18556;15484;25
18557;15508;24
18558;15525;17
18559;15543;18
18560;15551;8
18561;15565;14
18562;15571;6
18563;15582;11
18564;15593;11
18565;15605;12
18566;15616;11
18567;15630;14
18568;15637;7
18569;15640;3
18570;15650;10
18571;15668;18
18572;15676;8
18573;15693;17
18574;15708;15
18575;15711;3
18576;15720;9
18577;15735;15
18578;15744;9
18579;15755;11
18580;15779;24
18581;15793;14
18582;15801;8
18583;15806;5
18584;15823;17
18585;15835;12
18586;15848;13
18587;15865;17
18588;15882;17
18589;15897;15
18590;15908;11
18591;15927;19
18592;15960;33
18593;15981;21
18594;16027;46
18595;16075;48
18596;16089;14
18597;16107;18
18598;16173;66
18599;16217;44
18600;16297;80
18601;16397;100
18602;16477;80
18603;16553;76
18604;16596;43
18605;16665;69
18606;16766;101
18607;16893;127
18608;17061;168
18609;17075;14
18610;17146;71
18611;17216;70
18612;17336;120
18613;17451;115
18614;17559;108
18615;17670;111
18616;17758;88
18617;17879;121
18618;17945;66
18619;18043;98
18620;18200;157
18621;18369;169
18622;18523;154
18623;18609;86
18624;18728;119
18625;18806;78
18626;18945;139
18627;19140;195
18628;19364;224
18629;19511;147
18630;19697;186
18631;19803;106
18632;19964;161
18633;20156;192
18634;20376;220
18635;20672;296
18636;21000;328
18637;21245;245
18638;21533;288
18639;21685;152
18640;21883;198
18641;22178;295
18642;22396;218
18643;22738;342
18644;23028;290
18645;23224;196
18646;23392;168
18647;23642;250
18648;23909;267
18649;24209;300
18650;24459;250
18651;24727;268
18652;24993;266
18653;25127;134
18654;25407;280
18655;25711;304
18656;25895;184
18657;26213;318
18658;26523;310
18659;26927;404
18660;27080;153
18661;27365;285
18662;27733;368
18663;28106;373
18664;28489;383
18665;28760;271
18666;29057;297
18667;29245;188
18668;29521;276
18669;29914;393
18670;30376;462
18671;30641;265
18672;31007;366
18673;31275;268
18674;31476;201
18675;31771;295
18676;32099;328
18677;32378;279
18678;32630;252
18679;32927;297
18680;33099;172
18681;33242;143
18682;33453;211
18683;33741;288
18684;34031;290
18685;34255;224
18686;34520;265
18687;34732;212
18688;34832;100
18689;35037;205
18690;35247;210
18691;35468;221
18692;35632;164
18693;35857;225
18694;35959;102
18695;36039;80
18696;36195;156
18697;36371;176
18698;36569;198
18699;36726;157
18700;36892;166
18701;36996;104
18702;37062;66
18703;37254;192
18704;37428;174
18705;37541;113
18706;37693;152
18707;37833;140
18708;37920;87
18709;37958;38
18710;38134;176
18711;38255;121
18712;38354;99
18713;38456;102
18714;38520;64
18715;38566;46
18716;38618;52
18717;38705;87
18718;38782;77
18719;38889;107
18720;38953;64
18721;39024;71
18722;39093;69
18723;39127;34
18724;39164;37
18725;39237;73
18726;39307;70
18727;39364;57
18728;39431;67
18729;39465;34
18730;39495;30
18731;39560;65
18732;39606;46
18733;39664;58
18734;39731;67
18735;39782;51
18736;39821;39
18737;39836;15
18738;39910;74
18739;39975;65
18740;40022;47
18741;40082;60
18742;40135;53
18743;40166;31
18744;40193;27
18745;40249;56
18746;40295;46
18747;40344;49
18748;40388;44
18749;40433;45
18750;40464;31
18751;40492;28
18752;40544;52
18753;40578;34
18754;40621;43
18755;40665;44
18756;40692;27
18757;40714;22
18758;40729;15
18759;40762;33
18760;40790;28
18761;40806;16
18762;40828;22
18763;40850;22
18764;40872;22
18765;40896;24
