condition;measurement;ncases
18283;0;0
18284;0;0
18285;0;0
18286;0;0
18287;0;0
18288;0;0
18289;0;0
18290;0;0
18291;0;0
18292;0;0
18293;0;0
18294;0;0
18295;0;0
18296;0;0
18297;0;0
18298;0;0
18299;0;0
18300;0;0
18301;0;0
18302;0;0
18303;0;0
18304;0;0
18305;0;0
18306;0;0
18307;0;0
18308;0;0
18309;0;0
18310;0;0
18311;0;0
18312;0;0
18313;0;0
18314;0;0
18315;0;0
18316;0;0
18317;0;0
18318;0;0
18319;0;0
18320;0;0
18321;0;0
18322;0;0
18323;0;0
18324;0;0
18325;0;0
18326;0;0
18327;1;1
18328;1;0
18329;1;0
18330;1;0
18331;5;4
18332;12;7
18333;19;7
18334;35;16
18335;46;11
18336;48;2
18337;55;7
18338;65;10
18339;83;18
18340;103;20
18341;135;32
18342;171;36
18343;222;51
18344;249;27
18345;303;54
18346;384;81
18347;384;0
18348;457;73
18349;659;202
18350;741;82
18351;785;44
18352;900;115
18353;1060;160
18354;1171;111
18355;1476;305
18356;1624;148
18357;1908;284
18358;2200;292
18359;2447;247
18360;2666;219
18361;2867;201
18362;3105;238
18363;3380;275
18364;3630;250
18365;4054;424
18366;4465;411
18367;4873;408
18368;5318;445
18369;5690;372
18370;5994;304
18371;6318;324
18372;6630;312
18373;6890;260
18374;7144;254
18375;7276;132
18376;7483;207
18377;7779;296
18378;8042;263
18379;8275;233
18380;8497;222
18381;8724;227
18382;9009;285
18383;9009;0
18384;9362;353
18385;9464;102
18386;9557;93
18387;9677;120
18388;9791;114
18389;9848;57
18390;9943;95
18391;10032;89
18392;10032;0
18393;10176;144
18394;10243;67
18395;10295;52
18396;10374;79
18397;10438;64
18398;10496;58
18399;10610;114
18400;10699;89
18401;10733;34
18402;10833;100
18403;10919;86
18404;11024;105
18405;11092;68
18406;11159;67
18407;11193;34
18408;11227;34
18409;11275;48
18410;11300;25
18411;11354;54
18412;11381;27
18413;11412;31
18414;11430;18
18415;11454;24
18416;11523;69
18417;11571;48
18418;11667;96
18419;11741;74
18420;11823;82
18421;11896;73
18422;11965;69
18423;12031;66
18424;12102;71
18425;12175;73
18426;12251;76
18427;12310;59
18428;12367;57
18429;12426;59
18430;12522;96
18431;12616;94
18432;12709;93
18433;12803;94
18434;12894;91
18435;12990;96
18436;13092;102
18437;13235;143
18438;13372;137
18439;13565;193
18440;13792;227
18441;14046;254
18442;14288;242
18443;14564;276
18444;14836;272
18445;15195;359
18446;15504;309
18447;15829;325
18448;16131;302
18449;16420;289
18450;16719;299
18451;17076;357
18452;17342;266
18453;17728;386
18454;18073;345
18455;18360;287
18456;18639;279
18457;18983;344
18458;19334;351
18459;19717;383
18460;20109;392
18461;20498;389
18462;20894;396
18463;21253;359
18464;21605;352
18465;22031;426
18466;22443;412
18467;22852;409
18468;22852;0
18469;23730;878
18470;24141;411
18471;24520;379
18472;24892;372
18473;25213;321
18474;25552;339
18475;25882;330
18476;26193;311
18477;26451;258
18478;26738;287
18479;27033;295
18480;27332;299
18481;27608;276
18482;27863;255
18483;28099;236
18484;28262;163
18485;28497;235
18486;28751;254
18487;28998;247
18488;29233;235
18489;29471;238
18490;29682;211
18491;29782;100
18492;29890;108
18493;30048;158
18494;30209;161
18495;30378;169
18496;30548;170
18497;30657;109
18498;30714;57
18499;30820;106
18500;30974;154
18501;31099;125
18502;31207;108
18503;31282;75
18504;31365;83
18505;31406;41
18506;31482;76
18507;31581;99
18508;31676;95
18509;31772;96
18510;31849;77
18511;31905;56
18512;31941;36
18513;31994;53
18514;32078;84
18515;32136;58
18516;32228;92
18517;32300;72
18518;32408;108
18519;32437;29
18520;32511;74
18521;32613;102
18522;32695;82
18523;32757;62
18524;32840;83
18525;32908;68
18526;32938;30
18527;32999;61
18528;33080;81
18529;33163;83
18530;33238;75
18531;33312;74
18532;33384;72
18533;33414;30
18534;33479;65
18535;33551;72
18536;33662;111
18537;33735;73
18538;33842;107
18539;33901;59
18540;33952;51
18541;34072;120
18542;34193;121
18543;34344;151
18544;34517;173
18545;34685;168
18546;34787;102
18547;34854;67
18548;35006;152
18549;35251;245
18550;35454;203
18551;35719;265
18552;35946;227
18553;36160;214
18554;36282;122
18555;36608;326
18556;37120;512
18557;37536;416
18558;38115;579
18559;38872;757
18560;39486;614
18561;39827;341
18562;40880;1053
18563;42208;1328
18564;43592;1384
18565;45137;1545
18566;46954;1817
18567;48403;1449
18568;49205;802
18569;51083;1878
18570;53495;2412
18571;55676;2181
18572;57958;2282
18573;60635;2677
18574;62747;2112
18575;64065;1318
18576;66888;2823
18577;70424;3536
18578;73765;3341
18579;77264;3499
18580;81086;3822
18581;84568;3482
18582;87381;2813
18583;92375;4994
18584;97988;5613
18585;104097;6109
18586;110351;6254
18587;116125;5774
18588;121120;4995
18589;126187;5067
18590;133029;6842
18591;140608;7579
18592;148214;7606
18593;155994;7780
18594;163035;7041
18595;169214;6179
18596;175438;6224
18597;183437;7999
18598;191356;7919
18599;199158;7802
18600;206940;7782
18601;213843;6903
18602;219652;5809
18603;226209;6557
18604;234027;7818
18605;241831;7804
18606;249224;7393
18607;255758;6534
18608;261437;5679
18609;266432;4995
18610;271364;4932
18611;277248;5884
18612;282601;5353
18613;287730;5129
18614;292640;4910
18615;296528;3888
18616;300062;3534
18617;303747;3685
18618;307827;4080
18619;312253;4426
18620;316344;4091
18621;320167;3823
18622;323367;3200
18623;326060;2693
18624;328619;2559
18625;331755;3136
18626;334991;3236
18627;337923;2932
18628;339997;2074
18629;341904;1907
18630;343870;1966
18631;346585;2715
18632;349238;2653
18633;352120;2882
18634;353907;1787
18635;356125;2218
18636;356125;0
18637;359689;3564
18638;361782;2093
18639;363924;2142
18640;366191;2267
18641;368072;1881
18642;369823;1751
18643;371216;1393
18644;372533;1317
18645;374111;1578
18646;375799;1688
18647;377445;1646
18648;379093;1648
18649;380802;1709
18650;382285;1483
18651;383603;1318
18652;385126;1523
18653;387206;2080
18654;389045;1839
18655;390637;1592
18656;392354;1717
18657;393897;1543
18658;395263;1366
18659;397002;1739
18660;398905;1903
18661;400837;1932
18662;402700;1863
18663;404668;1968
18664;406352;1684
18665;407881;1529
18666;409841;1960
18667;411855;2014
18668;413943;2088
18669;415943;2000
18670;417871;1928
18671;419493;1622
18672;420879;1386
18673;422210;1331
18674;424020;1810
18675;426487;2467
18676;429048;2561
18677;431680;2632
18678;434122;2442
18679;436640;2518
18680;439596;2956
18681;442853;3257
18682;446313;3460
18683;449901;3588
18684;453240;3339
18685;456450;3210
18686;459259;2809
18687;462728;3469
18688;466885;4157
18689;470941;4056
18690;474807;3866
18691;478878;4071
18692;482397;3519
18693;485439;3042
18694;489530;4091
18695;494106;4576
18696;498696;4590
18697;503291;4595
18698;507959;4668
18699;512051;4092
18700;516277;4226
18701;520911;4634
18702;526112;5201
18703;531558;5446
18704;536904;5346
18705;542209;5305
18706;546896;4687
18707;551128;4232
18708;555897;4769
18709;561372;5475
18710;566669;5297
18711;571895;5226
18712;571895;0
18713;581617;9722
18714;585506;3889
18715;585506;0
18716;595489;9983
18717;600596;5107
18718;605406;4810
18719;610232;4826
18720;614365;4133
18721;617669;3304
18722;621375;3706
18723;625773;4398
18724;629388;3615
18725;633013;3625
18726;636418;3405
18727;639476;3058
18728;642208;2732
18729;645173;2965
18730;648745;3572
18731;651899;3154
18732;654870;2971
18733;657716;2846
18734;660299;2583
18735;662368;2069
18736;664972;2604
18737;667937;2965
18738;670801;2864
18739;673520;2719
18740;675904;2384
18741;677972;2068
18742;679667;1695
18743;681654;1987
18744;683799;2145
18745;685937;2138
18746;687944;2007
18747;689557;1613
18748;690931;1374
18749;691920;989
18750;693169;1249
18751;694473;1304
18752;695875;1402
18753;697241;1366
18754;698518;1277
18755;698518;0
18756;700408;1890
18757;701326;918
18758;702451;1125
18759;703497;1046
18760;703497;0
18761;705185;1688
18762;705890;705
18763;706458;568
18764;707033;575
18765;707719;686
