condition;measurement;ncases
18283;0;0
18284;0;0
18285;0;0
18286;0;0
18287;0;0
18288;0;0
18289;0;0
18290;0;0
18291;0;0
18292;0;0
18293;0;0
18294;0;0
18295;0;0
18296;0;0
18297;0;0
18298;0;0
18299;0;0
18300;0;0
18301;0;0
18302;0;0
18303;0;0
18304;0;0
18305;0;0
18306;0;0
18307;0;0
18308;0;0
18309;0;0
18310;0;0
18311;0;0
18312;0;0
18313;0;0
18314;0;0
18315;0;0
18316;0;0
18317;0;0
18318;0;0
18319;0;0
18320;0;0
18321;0;0
18322;0;0
18323;0;0
18324;0;0
18325;0;0
18326;0;0
18327;0;0
18328;0;0
18329;0;0
18330;0;0
18331;0;0
18332;0;0
18333;0;0
18334;0;0
18335;0;0
18336;0;0
18337;0;0
18338;0;0
18339;0;0
18340;0;0
18341;0;0
18342;0;0
18343;0;0
18344;0;0
18345;0;0
18346;0;0
18347;0;0
18348;0;0
18349;0;0
18350;0;0
18351;0;0
18352;1;1
18353;2;1
18354;2;0
18355;2;0
18356;4;2
18357;6;2
18358;6;0
18359;6;0
18360;7;1
18361;7;0
18362;8;1
18363;8;0
18364;10;2
18365;10;0
18366;11;1
18367;13;2
18368;15;2
18369;26;11
18370;30;4
18371;35;5
18372;43;8
18373;50;7
18374;61;11
18375;64;3
18376;82;18
18377;82;0
18378;93;11
18379;93;0
18380;104;11
18381;104;0
18382;124;20
18383;136;12
18384;155;19
18385;166;11
18386;178;12
18387;199;21
18388;225;26
18389;231;6
18390;257;26
18391;291;34
18392;307;16
18393;338;31
18394;338;0
18395;387;49
18396;408;21
18397;447;39
18398;462;15
18399;505;43
18400;519;14
18401;534;15
18402;570;36
18403;585;15
18404;606;21
18405;621;15
18406;707;86
18407;735;28
18408;754;19
18409;782;28
18410;812;30
18411;829;17
18412;852;23
18413;861;9
18414;865;4
18415;896;31
18416;909;13
18417;914;5
18418;929;15
18419;946;17
18420;969;23
18421;1001;32
18422;1025;24
18423;1062;37
18424;1085;23
18425;1103;18
18426;1132;29
18427;1169;37
18428;1176;7
18429;1225;49
18430;1249;24
18431;1272;23
18432;1298;26
18433;1309;11
18434;1327;18
18435;1340;13
18436;1347;7
18437;1354;7
18438;1354;0
18439;1394;40
18440;1410;16
18441;1427;17
18442;1450;23
18443;1462;12
18444;1498;36
18445;1518;20
18446;1524;6
18447;1533;9
18448;1542;9
18449;1547;5
18450;1572;25
18451;1584;12
18452;1598;14
18453;1613;15
18454;1618;5
18455;1635;17
18456;1642;7
18457;1651;9
18458;1668;17
18459;1678;10
18460;1688;10
18461;1701;13
18462;1711;10
18463;1711;0
18464;1727;16
18465;1731;4
18466;1752;21
18467;1765;13
18468;1768;3
18469;1783;15
18470;1783;0
18471;1786;3
18472;1803;17
18473;1818;15
18474;1823;5
18475;1823;0
18476;1843;20
18477;1848;5
18478;1855;7
18479;1860;5
18480;1877;17
18481;1887;10
18482;1895;8
18483;1916;21
18484;1917;1
18485;1932;15
18486;1937;5
18487;1940;3
18488;1947;7
18489;1954;7
18490;1956;2
18491;1956;0
18492;1959;3
18493;1961;2
18494;1969;8
18495;1972;3
18496;1980;8
18497;1992;12
18498;1997;5
18499;2001;4
18500;2003;2
18501;2013;10
18502;2013;0
18503;2019;6
18504;2022;3
18505;2022;0
18506;2028;6
18507;2029;1
18508;2035;6
18509;2041;6
18510;2041;0
18511;2054;13
18512;2055;1
18513;2064;9
18514;2067;3
18515;2069;2
18516;2087;18
18517;2096;9
18518;2109;13
18519;2111;2
18520;2126;15
18521;2133;7
18522;2133;0
18523;2153;20
18524;2159;6
18525;2168;9
18526;2168;0
18527;2174;6
18528;2183;9
18529;2188;5
18530;2199;11
18531;2208;9
18532;2215;7
18533;2215;0
18534;2222;7
18535;2231;9
18536;2238;7
18537;2252;14
18538;2259;7
18539;2269;10
18540;2269;0
18541;2277;8
18542;2287;10
18543;2293;6
18544;2295;2
18545;2300;5
18546;2306;6
18547;2306;0
18548;2309;3
18549;2315;6
18550;2323;8
18551;2325;2
18552;2327;2
18553;2330;3
18554;2331;1
18555;2336;5
18556;2337;1
18557;2340;3
18558;2343;3
18559;2345;2
18560;2346;1
18561;2346;0
18562;2350;4
18563;2354;4
18564;2362;8
18565;2365;3
18566;2366;1
18567;2366;0
18568;2366;0
18569;2368;2
18570;2369;1
18571;2371;2
18572;2373;2
18573;2381;8
18574;2381;0
18575;2385;4
18576;2386;1
18577;2386;0
18578;2387;1
18579;2389;2
18580;2391;2
18581;2391;0
18582;2391;0
18583;2392;1
18584;2397;5
18585;2397;0
18586;2399;2
18587;2405;6
18588;2405;0
18589;2406;1
18590;2406;0
18591;2408;2
18592;2409;1
18593;2410;1
18594;2410;0
18595;2411;1
18596;2412;1
18597;2413;1
18598;2416;3
18599;2416;0
18600;2420;4
18601;2420;0
18602;2426;6
18603;2428;2
18604;2428;0
18605;2434;6
18606;2435;1
18607;2438;3
18608;2440;2
18609;2440;0
18610;2445;5
18611;2451;6
18612;2460;9
18613;2464;4
18614;2486;22
18615;2497;11
18616;2509;12
18617;2509;0
18618;2518;9
18619;2524;6
18620;2531;7
18621;2549;18
18622;2549;0
18623;2560;11
18624;2560;0
18625;2569;9
18626;2583;14
18627;2611;28
18628;2635;24
18629;2646;11
18630;2673;27
18631;2673;0
18632;2724;51
18633;2739;15
18634;2757;18
18635;2782;25
18636;2803;21
18637;2834;31
18638;2846;12
18639;2864;18
18640;2887;23
18641;2933;46
18642;2959;26
18643;2970;11
18644;3006;36
18645;3014;8
18646;3030;16
18647;3030;0
18648;3081;51
18649;3093;12
18650;3120;27
18651;3139;19
18652;3173;34
18653;3194;21
18654;3236;42
18655;3282;46
18656;3382;100
18657;3528;146
18658;3593;65
18659;3634;41
18660;3660;26
18661;3699;39
18662;3728;29
18663;3759;31
18664;3772;13
18665;3785;13
18666;3789;4
18667;3801;12
18668;3803;2
18669;3813;10
18670;3817;4
18671;3821;4
18672;3821;0
18673;3823;2
18674;3825;2
18675;3825;0
18676;3829;4
18677;3841;12
18678;3849;8
18679;3855;6
18680;3857;2
18681;3862;5
18682;3880;18
18683;3884;4
18684;3884;0
18685;3887;3
18686;3887;0
18687;3887;0
18688;3889;2
18689;3900;11
18690;3900;0
18691;3909;9
18692;3918;9
18693;3920;2
18694;3921;1
18695;3922;1
18696;3928;6
18697;3932;4
18698;3934;2
18699;3937;3
18700;3937;0
18701;3938;1
18702;3939;1
18703;3942;3
18704;3947;5
18705;3947;0
18706;3948;1
18707;3948;0
18708;3948;0
18709;3949;1
18710;3953;4
18711;3953;0
18712;3962;9
18713;3962;0
18714;3970;8
18715;3970;0
18716;3970;0
18717;3980;10
18718;3981;1
18719;3987;6
18720;3987;0
18721;3988;1
18722;3989;1
18723;3990;1
18724;3993;3
18725;3993;0
18726;3995;2
18727;3995;0
18728;4005;10
18729;4008;3
18730;4009;1
18731;4013;4
18732;4016;3
18733;4016;0
18734;4020;4
18735;4028;8
18736;4038;10
18737;4041;3
18738;4042;1
18739;4044;2
18740;4044;0
18741;4044;0
18742;4044;0
18743;4046;2
18744;4046;0
18745;4049;3
18746;4053;4
18747;4054;1
18748;4057;3
18749;4062;5
18750;4062;0
18751;4068;6
18752;4068;0
18753;4068;0
18754;4068;0
18755;4068;0
18756;4068;0
18757;4089;21
18758;4089;0
18759;4089;0
18760;4096;7
18761;4103;7
18762;4103;0
18763;4107;4
18764;4107;0
18765;4107;0
