condition;measurement;ncases
18283;0;0
18284;1;1
18285;3;2
18286;3;0
18287;4;1
18288;5;1
18289;7;2
18290;7;0
18291;10;3
18292;13;3
18293;16;3
18294;18;2
18295;18;0
18296;24;6
18297;28;4
18298;28;0
18299;30;2
18300;33;3
18301;40;7
18302;45;5
18303;47;2
18304;50;3
18305;58;8
18306;67;9
18307;72;5
18308;75;3
18309;77;2
18310;81;4
18311;84;3
18312;84;0
18313;85;1
18314;85;0
18315;89;4
18316;89;0
18317;91;2
18318;93;2
18319;93;0
18320;93;0
18321;102;9
18322;106;4
18323;108;2
18324;110;2
18325;110;0
18326;117;7
18327;130;13
18328;138;8
18329;150;12
18330;150;0
18331;160;10
18332;178;18
18333;178;0
18334;200;22
18335;212;12
18336;226;14
18337;243;17
18338;266;23
18339;313;47
18340;345;32
18341;385;40
18342;432;47
18343;455;23
18344;509;54
18345;558;49
18346;631;73
18347;683;52
18348;732;49
18349;802;70
18350;844;42
18351;879;35
18352;926;47
18353;1000;74
18354;1049;49
18355;1114;65
18356;1189;75
18357;1309;120
18358;1375;66
18359;1481;106
18360;1623;142
18361;1910;287
18362;2108;198
18363;2299;191
18364;2532;233
18365;2918;386
18366;3252;334
18367;3699;447
18368;4427;728
18369;5050;623
18370;5992;942
18371;6588;596
18372;8014;1426
18373;9125;1111
18374;10141;1016
18375;11178;1037
18376;12075;897
18377;12693;618
18378;13624;931
18379;14423;799
18380;14951;528
18381;15641;690
18382;16169;528
18383;17101;932
18384;17548;447
18385;18205;657
18386;18778;573
18387;19410;632
18388;20198;788
18389;20939;741
18390;21707;768
18391;22460;753
18392;23336;876
18393;23822;486
18394;24671;849
18395;25346;675
18396;26098;752
18397;26891;793
18398;27356;465
18399;28038;682
18400;28343;305
18401;28794;451
18402;29364;570
18403;29812;448
18404;30426;614
18405;31068;642
18406;31616;548
18407;31960;344
18408;32343;383
18409;32876;533
18410;33249;373
18411;33860;611
18412;34366;506
18413;34884;518
18414;35292;408
18415;35836;544
18416;36405;569
18417;36922;517
18418;37183;261
18419;37527;344
18420;37910;383
18421;38296;386
18422;38514;218
18423;38965;451
18424;39387;422
18425;39850;463
18426;40197;347
18427;40604;407
18428;40818;214
18429;40969;151
18430;41216;247
18431;41473;257
18432;41615;142
18433;41833;218
18434;42095;262
18435;42313;218
18436;42432;119
18437;42623;191
18438;42736;113
18439;42955;219
18440;43246;291
18441;43459;213
18442;43661;202
18443;43907;246
18444;44122;215
18445;44310;188
18446;44479;169
18447;44664;185
18448;44800;136
18449;44983;183
18450;45140;157
18451;45298;158
18452;45423;125
18453;45614;191
18454;45783;169
18455;45961;178
18456;46283;322
18457;46630;347
18458;46878;248
18459;47126;248
18460;47453;327
18461;47655;202
18462;47912;257
18463;48035;123
18464;48434;399
18465;48744;310
18466;49098;354
18467;49375;277
18468;49888;513
18469;50369;481
18470;50838;469
18471;51197;359
18472;51531;334
18473;51809;278
18474;52205;396
18475;52512;307
18476;52825;313
18477;53051;226
18478;53346;295
18479;54254;908
18480;54555;301
18481;54797;242
18482;54929;132
18483;55104;175
18484;55292;188
18485;55353;61
18486;55395;42
18487;55497;102
18488;55580;83
18489;55661;81
18490;55747;86
18491;55838;91
18492;55938;100
18493;56031;93
18494;56099;68
18495;56216;117
18496;56266;50
18497;56353;87
18498;56404;51
18499;56435;31
18500;56495;60
18501;56572;77
18502;56666;94
18503;56717;51
18504;56771;54
18505;56812;41
18506;56852;40
18507;56860;8
18508;56908;48
18509;56948;40
18510;56982;34
18511;57022;40
18512;57044;22
18513;57091;47
18514;57166;75
18515;57229;63
18516;57315;86
18517;57357;42
18518;57406;49
18519;57454;48
18520;57488;34
18521;57514;26
18522;57532;18
18523;57543;11
18524;57558;15
18525;57576;18
18526;57606;30
18527;57627;21
18528;57639;12
18529;57654;15
18530;57665;11
18531;57685;20
18532;57700;15
18533;57715;15
18534;57742;27
18535;57765;23
18536;57784;19
18537;57794;10
18538;57800;6
18539;57812;12
18540;57819;7
18541;57830;11
18542;57840;10
18543;57849;9
18544;57859;10
18545;57866;7
18546;57876;10
18547;57880;4
18548;57884;4
18549;57889;5
18550;57892;3
18551;57901;9
18552;57904;3
18553;57911;7
18554;57915;4
18555;57921;6
18556;57933;12
18557;57941;8
18558;57951;10
18559;57965;14
18560;57970;5
18561;57973;3
18562;57980;7
18563;57987;7
18564;57994;7
18565;58003;9
18566;58015;12
18567;58019;4
18568;58020;1
18569;58029;9
18570;58036;7
18571;58043;7
18572;58047;4
18573;58054;7
18574;58056;2
18575;58064;8
18576;58073;9
18577;58091;18
18578;58102;11
18579;58114;12
18580;58116;2
18581;58119;3
18582;58124;5
18583;58130;6
18584;58135;5
18585;58139;4
18586;58143;4
18587;58148;5
18588;58160;12
18589;58165;5
18590;58183;18
18591;58190;7
18592;58195;5
18593;58199;4
18594;58205;6
18595;58213;8
18596;58218;5
18597;58228;10
18598;58230;2
18599;58239;9
18600;58242;3
18601;58255;13
18602;58260;5
18603;58273;13
18604;58285;12
18605;58291;6
18606;58297;6
18607;58305;8
18608;58313;8
18609;58320;7
18610;58325;5
18611;58341;16
18612;58353;12
18613;58377;24
18614;58386;9
18615;58403;17
18616;58422;19
18617;58432;10
18618;58461;29
18619;58482;21
18620;58495;13
18621;58509;14
18622;58519;10
18623;58524;5
18624;58529;5
18625;58542;13
18626;58569;27
18627;58599;30
18628;58629;30
18629;58662;33
18630;58697;35
18631;58721;24
18632;58749;28
18633;58780;31
18634;58813;33
18635;58836;23
18636;58865;29
18637;58907;42
18638;58929;22
18639;58946;17
18640;58984;38
18641;59029;45
18642;59059;30
18643;59083;24
18644;59113;30
18645;59127;14
18646;59157;30
18647;59197;40
18648;59235;38
18649;59250;15
18650;59260;10
18651;59308;48
18652;59352;44
18653;59366;14
18654;59391;25
18655;59425;34
18656;59449;24
18657;59507;58
18658;59536;29
18659;59565;29
18660;59584;19
18661;59602;18
18662;59624;22
18663;59649;25
18664;59675;26
18665;59699;24
18666;59721;22
18667;59732;11
18668;59747;15
18669;59759;12
18670;59777;18
18671;59786;9
18672;59800;14
18673;59809;9
18674;59810;1
18675;59821;11
18676;59832;11
18677;59846;14
18678;59858;12
18679;59869;11
18680;59879;10
18681;59883;4
18682;59890;7
18683;59900;10
18684;59913;13
18685;59925;12
18686;59936;11
18687;59948;12
18688;59956;8
18689;59979;23
18690;59998;19
18691;60007;9
18692;60020;13
18693;60033;13
18694;60046;13
18695;60052;6
18696;60062;10
18697;60070;8
18698;60080;10
18699;60088;8
18700;60105;17
18701;60117;12
18702;60128;11
18703;60137;9
18704;60152;15
18705;60167;15
18706;60184;17
18707;60196;12
18708;60208;12
18709;60221;13
18710;60236;15
18711;60253;17
18712;60265;12
18713;60288;23
18714;60300;12
18715;60321;21
18716;60347;26
18717;60381;34
18718;60407;26
18719;60450;43
18720;60468;18
18721;60478;10
18722;60495;17
18723;60519;24
18724;60554;35
18725;60575;21
18726;60601;26
18727;60633;32
18728;60653;20
18729;60678;25
18730;60692;14
18731;60719;27
18732;60735;16
18733;60769;34
18734;60808;39
18735;60831;23
18736;60851;20
18737;60865;14
18738;60880;15
18739;60904;24
18740;60943;39
18741;60966;23
18742;61006;40
18743;61051;45
18744;61063;12
18745;61086;23
18746;61121;35
18747;61145;24
18748;61179;34
18749;61218;39
18750;61235;17
18751;61252;17
18752;61268;16
18753;61286;18
18754;61311;25
18755;61331;20
18756;61359;28
18757;61378;19
18758;61403;25
18759;61419;16
18760;61453;34
18761;61505;52
18762;61536;31
18763;61585;49
18764;61613;28
18765;61651;38
