condition;measurement;ncases
18283;0;0
18284;0;0
18285;0;0
18286;0;0
18287;0;0
18288;0;0
18289;0;0
18290;0;0
18291;0;0
18292;0;0
18293;0;0
18294;0;0
18295;0;0
18296;0;0
18297;0;0
18298;0;0
18299;0;0
18300;0;0
18301;0;0
18302;0;0
18303;0;0
18304;0;0
18305;0;0
18306;0;0
18307;0;0
18308;0;0
18309;0;0
18310;0;0
18311;0;0
18312;0;0
18313;0;0
18314;0;0
18315;0;0
18316;0;0
18317;0;0
18318;0;0
18319;0;0
18320;0;0
18321;0;0
18322;0;0
18323;0;0
18324;0;0
18325;0;0
18326;2;2
18327;7;5
18328;7;0
18329;16;9
18330;16;0
18331;31;15
18332;57;26
18333;89;32
18334;141;52
18335;181;40
18336;219;38
18337;253;34
18338;275;22
18339;275;0
18340;286;11
18341;341;55
18342;383;42
18343;414;31
18344;442;28
18345;480;38
18346;528;48
18347;562;34
18348;632;70
18349;684;52
18350;730;46
18351;756;26
18352;802;46
18353;841;39
18354;897;56
18355;934;37
18356;977;43
18357;997;20
18358;1021;24
18359;1059;38
18360;1091;32
18361;1124;33
18362;1160;36
18363;1188;28
18364;1205;17
18365;1212;7
18366;1220;8
18367;1248;28
18368;1268;20
18369;1304;36
18370;1317;13
18371;1330;13
18372;1335;5
18373;1344;9
18374;1353;9
18375;1366;13
18376;1373;7
18377;1388;15
18378;1396;8
18379;1402;6
18380;1408;6
18381;1418;10
18382;1429;11
18383;1434;5
18384;1439;5
18385;1439;0
18386;1439;0
18387;1445;6
18388;1448;3
18389;1449;1
18390;1450;1
18391;1454;4
18392;1457;3
18393;1460;3
18394;1461;1
18395;1463;2
18396;1464;1
18397;1465;1
18398;1465;0
18399;1466;1
18400;1466;0
18401;1467;1
18402;1468;1
18403;1468;0
18404;1468;0
18405;1468;0
18406;1468;0
18407;1469;1
18408;1469;0
18409;1471;2
18410;1473;2
18411;1473;0
18412;1473;0
18413;1473;0
18414;1473;0
18415;1475;2
18416;1477;2
18417;1477;0
18418;1479;2
18419;1484;5
18420;1485;1
18421;1485;0
18422;1486;1
18423;1488;2
18424;1488;0
18425;1490;2
18426;1492;2
18427;1495;3
18428;1496;1
18429;1499;3
18430;1503;4
18431;1511;8
18432;1513;2
18433;1519;6
18434;1520;1
18435;1521;1
18436;1534;13
18437;1541;7
18438;1547;6
18439;1558;11
18440;1572;14
18441;1581;9
18442;1585;4
18443;1600;15
18444;1613;13
18445;1634;21
18446;1650;16
18447;1679;29
18448;1700;21
18449;1716;16
18450;1739;23
18451;1763;24
18452;1776;13
18453;1793;17
18454;1827;34
18455;1841;14
18456;1849;8
18457;1859;10
18458;1878;19
18459;1897;19
18460;1916;19
18461;1940;24
18462;1946;6
18463;1953;7
18464;1977;24
18465;2006;29
18466;2033;27
18467;2052;19
18468;2066;14
18469;2082;16
18470;2087;5
18471;2101;14
18472;2115;14
18473;2139;24
18474;2156;17
18475;2171;15
18476;2180;9
18477;2181;1
18478;2190;9
18479;2208;18
18480;2223;15
18481;2233;10
18482;2247;14
18483;2249;2
18484;2255;6
18485;2272;17
18486;2303;31
18487;2332;29
18488;2369;37
18489;2401;32
18490;2416;15
18491;2429;13
18492;2456;27
18493;2493;37
18494;2536;43
18495;2574;38
18496;2617;43
18497;2651;34
18498;2665;14
18499;2686;21
18500;2722;36
18501;2755;33
18502;2797;42
18503;2834;37
18504;2865;31
18505;2883;18
18506;2924;41
18507;2979;55
18508;3032;53
18509;3079;47
18510;3122;43
18511;3165;43
18512;3190;25
18513;3232;42
18514;3312;80
18515;3389;77
18516;3497;108
18517;3603;106
18518;3702;99
18519;3749;47
18520;3831;82
18521;3954;123
18522;4058;104
18523;4195;137
18524;4309;114
18525;4420;111
18526;4470;50
18527;4558;88
18528;4694;136
18529;4816;122
18530;5007;191
18531;5191;184
18532;5350;159
18533;5388;38
18534;5487;99
18535;5690;203
18536;5865;175
18537;6103;238
18538;6330;227
18539;6498;168
18540;6673;175
18541;6764;91
18542;7120;356
18543;7507;387
18544;7872;365
18545;8252;380
18546;8663;411
18547;8832;169
18548;9231;399
18549;9938;707
18550;10683;745
18551;11517;834
18552;12416;899
18553;13142;726
18554;13679;537
18555;14473;794
18556;15982;1509
18557;17646;1664
18558;19307;1661
18559;21274;1967
18560;22950;1676
18561;24080;1130
18562;25603;1523
18563;28215;2612
18564;30705;2490
18565;32503;1798
18566;34307;1804
18567;35649;1342
18568;36206;557
18569;37382;1176
18570;39408;2026
18571;41094;1686
18572;42658;1564
18573;44270;1612
18574;45161;891
18575;45625;464
18576;46717;1092
18577;48939;2222
18578;50870;1931
18579;52385;1515
18580;54122;1737
18581;55042;920
18582;55544;502
18583;56937;1393
18584;58964;2027
18585;61034;2070
18586;62580;1546
18587;64284;1704
18588;65308;1024
18589;65778;470
18590;67080;1302
18591;69306;2226
18592;71073;1767
18593;72674;1601
18594;74257;1583
18595;75381;1124
18596;75814;433
18597;77135;1321
18598;79566;2431
18599;81349;1783
18600;83133;1784
18601;84775;1642
18602;85805;1030
18603;86288;483
18604;87936;1648
18605;90075;2139
18606;91922;1847
18607;93737;1815
18608;95481;1744
18609;96314;833
18610;96745;431
18611;98281;1536
18612;100401;2120
18613;102043;1642
18614;103555;1512
18615;105013;1458
18616;105899;886
18617;106294;395
18618;107805;1511
18619;109934;2129
18620;112021;2087
18621;113815;1794
18622;114184;369
18623;114806;622
18624;115327;521
18625;117305;1978
18626;119740;2435
18627;122152;2412
18628;123950;1798
18629;124343;393
18630;125086;743
18631;125858;772
18632;128370;2512
18633;131724;3354
18634;134545;2821
18635;136629;2084
18636;138518;1889
18637;139281;763
18638;139713;432
18639;141587;1874
18640;143679;2092
18641;145472;1793
18642;147016;1544
18643;148556;1540
18644;149125;569
18645;149424;299
18646;151137;1713
18647;152851;1714
18648;154306;1455
18649;155752;1446
18650;157293;1541
18651;157830;537
18652;158131;301
18653;159812;1681
18654;161662;1850
18655;163235;1573
18656;164529;1294
18657;165887;1358
18658;166473;586
18659;166836;363
18660;168486;1650
18661;170101;1615
18662;171340;1239
18663;172299;959
18664;173201;902
18665;173702;501
18666;174000;298
18667;174364;364
18668;175795;1431
18669;177140;1345
18670;178133;993
18671;179148;1015
18672;179477;329
18673;179780;303
18674;180520;740
18675;181606;1086
18676;182484;878
18677;183396;912
18678;184352;956
18679;184767;415
18680;185014;247
18681;185916;902
18682;187005;1089
18683;187762;757
18684;188676;914
18685;189627;951
18686;190081;454
18687;190324;243
18688;191056;732
18689;192266;1210
18690;193285;1019
18691;194165;880
18692;195086;921
18693;195468;382
18694;195678;210
18695;196421;743
18696;197374;953
18697;198234;860
18698;199004;770
18699;199854;850
18700;200374;520
18701;200579;205
18702;201497;918
18703;202573;1076
18704;203544;971
18705;204482;938
18706;205509;1027
18707;206026;517
18708;206317;291
18709;207298;981
18710;208588;1290
18711;209753;1165
18712;210785;1032
18713;212040;1255
18714;212678;638
18715;212966;288
18716;214045;1079
18717;215602;1557
18718;216939;1337
18719;218114;1175
18720;219420;1306
18721;220141;721
18722;220425;284
18723;220698;273
18724;221890;1192
18725;223416;1526
18726;224699;1283
18727;225950;1251
18728;226499;549
18729;226786;287
18730;227836;1050
18731;229076;1240
18732;229967;891
18733;230826;859
18734;231593;767
18735;232071;478
18736;232311;240
18737;233031;720
18738;234067;1036
18739;234811;744
18740;235711;900
18741;236613;902
18742;237028;415
18743;237219;191
18744;238023;804
18745;238421;398
18746;239339;918
18747;240292;953
18748;241309;1017
18749;241672;363
18750;241883;211
18751;242777;894
18752;243719;942
18753;244556;837
18754;245159;603
18755;245793;634
18756;246082;289
18757;246231;149
18758;246725;494
18759;247449;724
18760;248046;597
18761;248520;474
18762;249014;494
18763;249310;296
18764;249424;114
18765;249921;497
