condition;measurement;ncases
18283;0;0
18284;0;0
18285;0;0
18286;0;0
18287;0;0
18288;0;0
18289;0;0
18290;0;0
18291;0;0
18292;0;0
18293;0;0
18294;0;0
18295;0;0
18296;0;0
18297;0;0
18298;0;0
18299;0;0
18300;0;0
18301;0;0
18302;0;0
18303;0;0
18304;0;0
18305;0;0
18306;0;0
18307;0;0
18308;0;0
18309;0;0
18310;0;0
18311;0;0
18312;0;0
18313;0;0
18314;0;0
18315;0;0
18316;0;0
18317;0;0
18318;0;0
18319;0;0
18320;0;0
18321;0;0
18322;0;0
18323;0;0
18324;0;0
18325;0;0
18326;0;0
18327;0;0
18328;0;0
18329;0;0
18330;0;0
18331;0;0
18332;0;0
18333;0;0
18334;0;0
18335;0;0
18336;0;0
18337;1;1
18338;1;0
18339;1;0
18340;1;0
18341;1;0
18342;1;0
18343;1;0
18344;1;0
18345;1;0
18346;1;0
18347;2;1
18348;3;1
18349;3;0
18350;3;0
18351;3;0
18352;5;2
18353;5;0
18354;5;0
18355;7;2
18356;7;0
18357;7;0
18358;7;0
18359;8;1
18360;12;4
18361;12;0
18362;21;9
18363;21;0
18364;25;4
18365;60;35
18366;60;0
18367;80;20
18368;80;0
18369;116;36
18370;135;19
18371;164;29
18372;237;73
18373;286;49
18374;286;0
18375;328;42
18376;328;0
18377;390;62
18378;436;46
18379;480;44
18380;528;48
18381;582;54
18382;601;19
18383;601;0
18384;671;70
18385;722;51
18386;756;34
18387;835;79
18388;873;38
18389;928;55
18390;928;0
18391;997;69
18392;1054;57
18393;1089;35
18394;1170;81
18395;1219;49
18396;1284;65
18397;1284;0
18398;1357;73
18399;1421;64
18400;1455;34
18401;1502;47
18402;1573;71
18403;1594;21
18404;1594;0
18405;1594;0
18406;1594;0
18407;1689;95
18408;1711;22
18409;1731;20
18410;1828;97
18411;1828;0
18412;1916;88
18413;1976;60
18414;2023;47
18415;2089;66
18416;2146;57
18417;2204;58
18418;2204;0
18419;2289;85
18420;2334;45
18421;2368;34
18422;2416;48
18423;2452;36
18424;2513;61
18425;2513;0
18426;2579;66
18427;2618;39
18428;2642;24
18429;2658;16
18430;2696;38
18431;2719;23
18432;2719;0
18433;2755;36
18434;2779;24
18435;2812;33
18436;2812;0
18437;2835;23
18438;2878;43
18439;2878;0
18440;2878;0
18441;2894;16
18442;2904;10
18443;2924;20
18444;2924;0
18445;2944;20
18446;2944;0
18447;2961;17
18448;2997;36
18449;3006;9
18450;3015;9
18451;3028;13
18452;3038;10
18453;3038;0
18454;3051;13
18455;3059;8
18456;3072;13
18457;3076;4
18458;3083;7
18459;3106;23
18460;3106;0
18461;3111;5
18462;3119;8
18463;3130;11
18464;3135;5
18465;3161;26
18466;3171;10
18467;3171;0
18468;3178;7
18469;3178;0
18470;3196;18
18471;3212;16
18472;3212;0
18473;3212;0
18474;3212;0
18475;3212;0
18476;3220;8
18477;3220;0
18478;3220;0
18479;3227;7
18480;3227;0
18481;3227;0
18482;3227;0
18483;3227;0
18484;3227;0
18485;3227;0
18486;3227;0
18487;3227;0
18488;3250;23
18489;3250;0
18490;3256;6
18491;3257;1
18492;3257;0
18493;3265;8
18494;3265;0
18495;3265;0
18496;3269;4
18497;3269;0
18498;3269;0
18499;3275;6
18500;3275;0
18501;3275;0
18502;3275;0
18503;3310;35
18504;3310;0
18505;3310;0
18506;3310;0
18507;3310;0
18508;3310;0
18509;3332;22
18510;3332;0
18511;3362;30
18512;3362;0
18513;3371;9
18514;3371;0
18515;3371;0
18516;3376;5
18517;3376;0
18518;3389;13
18519;3389;0
18520;3390;1
18521;3390;0
18522;3390;0
18523;3390;0
18524;3401;11
18525;3442;41
18526;3465;23
18527;3465;0
18528;3465;0
18529;3465;0
18530;3465;0
18531;3588;123
18532;3588;0
18533;3588;0
18534;3588;0
18535;3588;0
18536;3593;5
18537;3593;0
18538;3593;0
18539;3745;152
18540;3745;0
18541;3745;0
18542;3745;0
18543;3745;0
18544;3745;0
18545;3847;102
18546;3864;17
18547;3864;0
18548;3864;0
18549;3864;0
18550;3864;0
18551;3864;0
18552;3864;0
18553;3864;0
18554;3890;26
18555;3890;0
18556;3890;0
18557;3897;7
18558;3897;0
18559;3897;0
18560;3941;44
18561;3941;0
18562;3941;0
18563;3941;0
18564;3941;0
18565;3941;0
18566;3941;0
18567;3941;0
18568;3941;0
18569;4229;288
18570;4229;0
18571;4229;0
18572;4229;0
18573;4229;0
18574;4229;0
18575;4301;72
18576;4301;0
18577;4301;0
18578;4301;0
18579;4301;0
18580;4301;0
18581;4301;0
18582;4301;0
18583;4382;81
18584;4382;0
18585;4382;0
18586;4382;0
18587;4382;0
18588;4445;63
18589;4445;0
18590;4445;0
18591;4445;0
18592;4451;6
18593;4451;0
18594;4451;0
18595;4451;0
18596;4451;0
18597;4451;0
18598;4525;74
18599;4525;0
18600;4525;0
18601;4525;0
18602;4525;0
18603;4579;54
18604;4579;0
18605;4579;0
18606;4579;0
18607;4579;0
18608;4579;0
18609;4579;0
18610;4579;0
18611;4579;0
18612;4579;0
18613;4662;83
18614;4662;0
18615;4662;0
18616;4662;0
18617;4662;0
18618;4690;28
18619;4690;0
18620;4690;0
18621;4690;0
18622;4690;0
18623;4690;0
18624;4690;0
18625;4690;0
18626;4714;24
18627;4714;0
18628;4714;0
18629;4714;0
18630;4714;0
18631;4714;0
18632;4714;0
18633;4726;12
18634;4726;0
18635;4726;0
18636;4726;0
18637;4726;0
18638;4726;0
18639;4726;0
18640;4726;0
18641;4744;18
18642;4744;0
18643;4744;0
18644;4744;0
18645;4744;0
18646;4744;0
18647;4744;0
18648;4744;0
18649;4744;0
18650;4754;10
18651;4754;0
18652;4754;0
18653;4754;0
18654;4754;0
18655;4784;30
18656;4784;0
18657;4784;0
18658;4784;0
18659;4784;0
18660;4784;0
18661;4814;30
18662;4814;0
18663;4814;0
18664;4854;40
18665;4862;8
18666;4862;0
18667;4862;0
18668;4935;73
18669;5013;78
18670;5075;62
18671;5092;17
18672;5183;91
18673;5273;90
18674;5373;100
18675;5500;127
18676;5632;132
18677;5632;0
18678;5889;257
18679;6017;128
18680;6246;229
18681;6246;0
18682;6549;303
18683;6687;138
18684;6687;0
18685;6991;304
18686;7257;266
18687;7392;135
18688;7518;126
18689;7727;209
18690;7850;123
18691;7850;0
18692;8041;191
18693;8321;280
18694;8438;117
18695;8577;139
18696;8713;136
18697;8820;107
18698;8820;0
18699;8946;126
18700;9190;244
18701;9328;138
18702;9437;109
18703;9600;163
18704;9600;0
18705;9925;325
18706;9968;43
18707;10085;117
18708;10214;129
18709;10369;155
18710;10369;0
18711;10664;295
18712;10664;0
18713;10838;174
18714;10977;139
18715;11164;187
18716;11292;128
18717;11398;106
18718;11499;101
18719;11499;0
18720;11504;5
18721;11783;279
18722;11908;125
18723;11978;70
18724;11978;0
18725;12271;293
18726;12271;0
18727;12271;0
18728;12406;135
18729;12566;160
18730;12566;0
18731;12837;271
18732;12837;0
18733;12837;0
18734;12837;0
18735;13079;242
18736;13324;245
18737;13324;0
18738;13459;135
18739;13459;0
18740;13459;0
18741;13459;0
18742;13670;211
18743;13812;142
18744;13915;103
18745;13915;0
18746;13915;0
18747;13915;0
18748;13915;0
18749;13915;0
18750;13915;0
18751;14121;206
18752;14121;0
18753;14368;247
18754;14368;0
18755;14415;47
18756;14415;0
18757;14415;0
18758;14486;71
18759;14486;0
18760;14486;0
18761;14486;0
18762;14486;0
18763;14486;0
18764;14486;0
18765;14575;89
