condition;measurement;ncases
18283;0;0
18284;0;0
18285;0;0
18286;0;0
18287;0;0
18288;0;0
18289;0;0
18290;0;0
18291;0;0
18292;0;0
18293;0;0
18294;0;0
18295;0;0
18296;0;0
18297;0;0
18298;0;0
18299;0;0
18300;0;0
18301;0;0
18302;0;0
18303;0;0
18304;0;0
18305;0;0
18306;0;0
18307;0;0
18308;0;0
18309;0;0
18310;0;0
18311;0;0
18312;0;0
18313;0;0
18314;0;0
18315;0;0
18316;0;0
18317;0;0
18318;0;0
18319;0;0
18320;0;0
18321;0;0
18322;0;0
18323;0;0
18324;0;0
18325;0;0
18326;1;1
18327;1;0
18328;1;0
18329;3;2
18330;3;0
18331;7;4
18332;13;6
18333;17;4
18334;24;7
18335;38;14
18336;51;13
18337;62;11
18338;62;0
18339;116;54
18340;150;34
18341;202;52
18342;240;38
18343;274;34
18344;402;128
18345;554;152
18346;709;155
18347;927;218
18348;1170;243
18349;1187;17
18350;1280;93
18351;1326;46
18352;1353;27
18353;1380;27
18354;1462;82
18355;1505;43
18356;1585;80
18357;1655;70
18358;1686;31
18359;1749;63
18360;1845;96
18361;1934;89
18362;2003;69
18363;2028;25
18364;2173;145
18365;2272;99
18366;2415;143
18367;2506;91
18368;2605;99
18369;2783;178
18370;3034;251
18371;3158;124
18372;3300;142
18373;3465;165
18374;3635;170
18375;3953;318
18376;4220;267
18377;4361;141
18378;4546;185
18379;4793;247
18380;4996;203
18381;5350;354
18382;5647;297
18383;5951;304
18384;6336;385
18385;6783;447
18386;7220;437
18387;7572;352
18388;7808;236
18389;8232;424
18390;8895;663
18391;9420;525
18392;10015;595
18393;10652;637
18394;11350;698
18395;12074;724
18396;12739;665
18397;13524;785
18398;14355;831
18399;15515;1160
18400;16433;918
18401;17200;767
18402;18003;803
18403;19137;1134
18404;20125;988
18405;21343;1218
18406;22583;1240
18407;23615;1032
18408;24264;649
18409;25937;1673
18410;27403;1466
18411;29240;1837
18412;30967;1727
18413;32683;1716
18414;34357;1674
18415;35812;1455
18416;37525;1713
18417;40792;3267
18418;43434;2642
18419;45973;2539
18420;48285;2312
18421;50879;2594
18422;52991;2112
18423;55421;2430
18424;58568;3147
18425;61927;3359
18426;65736;3809
18427;70038;4302
18428;73533;3495
18429;76334;2801
18430;80412;4078
18431;83890;3478
18432;87715;3825
18433;92681;4966
18434;97302;4621
18435;101590;4288
18436;106108;4518
18437;111796;5688
18438;118375;6579
18439;124590;6215
18440;131800;7210
18441;138134;6334
18442;144264;6130
18443;151209;6945
18444;159333;8124
18445;168061;8728
18446;177124;9063
18447;187977;10853
18448;196750;8773
18449;205721;8971
18450;215855;10134
18451;224665;8810
18452;238339;13674
18453;250687;12348
18454;264184;13497
18455;276242;12058
18456;287796;11554
18457;298292;10496
18458;311049;12757
18459;324221;13172
18460;337594;13373
18461;350879;13285
18462;364328;13449
18463;373628;9300
18464;381798;8170
18465;394948;13150
18466;408052;13104
18467;421996;13944
18468;434200;12204
18469;445433;11233
18470;452529;7096
18471;459761;7232
18472;471123;11362
18473;482169;11046
18474;493183;11014
18475;503290;10107
18476;511485;8195
18477;516862;5377
18478;521318;4456
18479;529877;8559
18480;538184;8307
18481;545476;7292
18482;553188;7712
18483;559859;6671
18484;563598;3739
18485;566109;2511
18486;568919;2810
18487;572865;3946
18488;579140;6275
18489;583653;4513
18490;587345;3692
18491;589886;2541
18492;592144;2258
18493;596060;3916
18494;599940;3880
18495;603338;3398
18496;607045;3707
18497;609773;2728
18498;611450;1677
18499;613017;1567
18500;615701;2684
18501;618286;2585
18502;620132;1846
18503;622551;2419
18504;625056;2505
18505;627041;1985
18506;628259;1218
18507;630595;2336
18508;633015;2420
18509;635078;2063
18510;636884;1806
18511;638517;1633
18512;639362;845
18513;640441;1079
18514;642431;1990
18515;644438;2007
18516;646398;1960
18517;648214;1816
18518;649793;1579
18519;650749;956
18520;651521;772
18521;653444;1923
18522;655572;2128
18523;657627;2055
18524;659656;2029
18525;661211;1555
18526;661936;725
18527;663282;1346
18528;665188;1906
18529;667049;1861
18530;668529;1480
18531;669498;969
18532;670766;1268
18533;671669;903
18534;672572;903
18535;674339;1767
18536;676084;1745
18537;677833;1749
18538;679716;1883
18539;681289;1573
18540;682215;926
18541;683242;1027
18542;685155;1913
18543;686891;1736
18544;688352;1461
18545;690896;2544
18546;692471;1575
18547;693359;888
18548;694537;1178
18549;696414;1877
18550;698184;1770
18551;700203;2019
18552;702131;1928
18553;703793;1662
18554;705254;1461
18555;706304;1050
18556;708359;2055
18557;710515;2156
18558;712412;1897
18559;714246;1834
18560;715868;1622
18561;716759;891
18562;717851;1092
18563;719714;1863
18564;721770;2056
18565;723682;1912
18566;725452;1770
18567;726823;1371
18568;727595;772
18569;728836;1241
18570;730548;1712
18571;732414;1866
18572;734175;1761
18573;735906;1731
18574;737278;1372
18575;738525;1247
18576;740254;1729
18577;742394;2140
18578;744732;2338
18579;746945;2213
18580;749182;2237
18581;751024;1842
18582;752269;1245
18583;754256;1987
18584;757144;2888
18585;759658;2514
18586;762763;3105
18587;765409;2646
18588;767679;2270
18589;769759;2080
18590;772252;2493
18591;775502;3250
18592;778571;3069
18593;781941;3370
18594;785139;3198
18595;787702;2563
18596;790004;2302
18597;792299;2295
18598;796472;4173
18599;800872;4400
18600;805804;4932
18601;810449;4645
18602;814565;4116
18603;817878;3313
18604;821889;4011
18605;828598;6709
18606;836764;8166
18607;845083;8319
18608;852965;7882
18609;860964;7999
18610;866127;5163
18611;873679;7552
18612;883687;10008
18613;892813;9126
18614;901538;8725
18615;912477;10939
18616;921922;9445
18617;930711;8789
18618;940212;9501
18619;954258;14046
18620;968563;14305
18621;983359;14796
18622;994911;11552
18623;1004413;9502
18624;1011871;7458
18625;1021451;9580
18626;1039161;17710
18627;1057161;18000
18628;1073887;16726
18629;1088889;15002
18630;1100748;11859
18631;1113349;12601
18632;1127759;14410
18633;1149591;21832
18634;1170590;20999
18635;1192570;21980
18636;1214176;21606
18637;1231597;17421
18638;1246643;15046
18639;1259748;13105
18640;1278303;18555
18641;1296806;18503
18642;1311686;14880
18643;1325659;13973
18644;1337926;12267
18645;1346936;9010
18646;1356716;9780
18647;1369426;12710
18648;1380807;11381
18649;1392568;11761
18650;1404839;12271
18651;1412986;8147
18652;1417537;4551
18653;1423578;6041
18654;1430648;7070
18655;1437798;7150
18656;1443939;6141
18657;1449236;5297
18658;1453761;4525
18659;1456309;2548
18660;1458958;2649
18661;1463016;4058
18662;1466767;3751
18663;1470516;3749
18664;1473700;3184
18665;1476135;2435
18666;1477511;1376
18667;1479253;1742
18668;1482412;3159
18669;1484900;2488
18670;1487681;2781
18671;1490063;2382
18672;1491807;1744
18673;1492909;1102
18674;1494119;1210
18675;1496439;2320
18676;1498766;2327
18677;1500677;1911
18678;1502367;1690
18679;1503796;1429
18680;1504588;792
18681;1505586;998
18682;1507448;1862
18683;1509124;1676
18684;1510778;1654
18685;1512225;1447
18686;1513393;1168
18687;1513959;566
18688;1514815;856
18689;1516262;1447
18690;1517666;1404
18691;1518979;1313
18692;1520206;1227
18693;1521068;862
18694;1521706;638
18695;1522697;991
18696;1524174;1477
18697;1525648;1474
18698;1526873;1225
18699;1528414;1541
18700;1529420;1006
18701;1530033;613
18702;1530966;933
18703;1532497;1531
18704;1533961;1464
18705;1535423;1462
18706;1536801;1378
18707;1537852;1051
18708;1538451;599
18709;1538961;510
18710;1540009;1048
18711;1541563;1554
18712;1543079;1516
18713;1544466;1387
18714;1545431;965
18715;1545979;548
18716;1546735;756
18717;1548157;1422
18718;1549451;1294
18719;1550724;1273
18720;1551501;777
18721;1551964;463
18722;1552416;452
18723;1552853;437
18724;1553609;756
18725;1554975;1366
18726;1556242;1267
18727;1557527;1285
18728;1558458;931
18729;1559113;655
18730;1559960;847
18731;1561559;1599
18732;1562931;1372
18733;1564355;1424
18734;1565680;1325
18735;1566769;1089
18736;1567513;744
18737;1568366;853
18738;1569935;1569
18739;1571348;1413
18740;1572985;1637
18741;1574370;1385
18742;1575471;1101
18743;1576320;849
18744;1577200;880
18745;1578450;1250
18746;1579536;1086
18747;1581210;1674
18748;1582842;1632
18749;1584064;1222
18750;1584961;897
18751;1586148;1187
18752;1588221;2073
18753;1590370;2149
18754;1592626;2256
18755;1592626;0
18756;1596595;3969
18757;1597724;1129
18758;1599272;1548
18759;1602031;2759
18760;1605252;3221
18761;1608393;3141
18762;1611143;2750
18763;1613728;2585
18764;1615485;1757
18765;1617840;2355
