condition;measurement;ncases
18283;0;0
18284;0;0
18285;0;0
18286;0;0
18287;0;0
18288;0;0
18289;0;0
18290;0;0
18291;0;0
18292;0;0
18293;0;0
18294;0;0
18295;0;0
18296;0;0
18297;0;0
18298;0;0
18299;0;0
18300;0;0
18301;0;0
18302;0;0
18303;0;0
18304;0;0
18305;0;0
18306;0;0
18307;0;0
18308;0;0
18309;0;0
18310;0;0
18311;0;0
18312;0;0
18313;0;0
18314;0;0
18315;0;0
18316;0;0
18317;0;0
18318;0;0
18319;0;0
18320;0;0
18321;0;0
18322;0;0
18323;0;0
18324;0;0
18325;0;0
18326;0;0
18327;0;0
18328;0;0
18329;0;0
18330;0;0
18331;0;0
18332;0;0
18333;0;0
18334;0;0
18335;1;1
18336;1;0
18337;1;0
18338;1;0
18339;1;0
18340;1;0
18341;1;0
18342;2;1
18343;2;0
18344;2;0
18345;3;1
18346;3;0
18347;3;0
18348;3;0
18349;5;2
18350;5;0
18351;6;1
18352;7;1
18353;7;0
18354;7;0
18355;10;3
18356;10;0
18357;12;2
18358;12;0
18359;14;2
18360;14;0
18361;14;0
18362;15;1
18363;19;4
18364;19;0
18365;19;0
18366;29;10
18367;32;3
18368;32;0
18369;32;0
18370;66;34
18371;66;0
18372;92;26
18373;107;15
18374;140;33
18375;162;22
18376;174;12
18377;213;39
18378;237;24
18379;275;38
18380;318;43
18381;375;57
18382;375;0
18383;442;67
18384;533;91
18385;592;59
18386;678;86
18387;778;100
18388;852;74
18389;930;78
18390;930;0
18391;1111;181
18392;1164;53
18393;1365;201
18394;1526;161
18395;1660;134
18396;1818;158
18397;1964;146
18398;1964;0
18399;2289;325
18400;2591;302
18401;2591;0
18402;2728;137
18403;3138;410
18404;3138;0
18405;3378;240
18406;3634;256
18407;3826;192
18408;3976;150
18409;4146;170
18410;4346;200
18411;4346;0
18412;4521;175
18413;4800;279
18414;5026;226
18415;5173;147
18416;5310;137
18417;5499;189
18418;5714;215
18419;5866;152
18420;6081;215
18421;6081;0
18422;6242;161
18423;6427;185
18424;6582;155
18425;6730;148
18426;6879;149
18427;7007;128
18428;7220;213
18429;7435;215
18430;7740;305
18431;8020;280
18432;8020;0
18433;8416;396
18434;8580;164
18435;8698;118
18436;8796;98
18437;8887;91
18438;8887;0
18439;8982;95
18440;9257;275
18441;9314;57
18442;9320;6
18443;9372;52
18444;9500;128
18445;9573;73
18446;9689;116
18447;9689;0
18448;9767;78
18449;9767;0
18450;9894;127
18451;9997;103
18452;10084;87
18453;10204;120
18454;10204;0
18455;10250;46
18456;10250;0
18457;10316;66
18458;10417;101
18459;10527;110
18460;10527;0
18461;10527;0
18462;10762;235
18463;10992;230
18464;10992;0
18465;11127;135
18466;11237;110
18467;11302;65
18468;11302;0
18469;11385;83
18470;11424;39
18471;11496;72
18472;11579;83
18473;11579;0
18474;11579;0
18475;11644;65
18476;11738;94
18477;11738;0
18478;11780;42
18479;11780;0
18480;11850;70
18481;11894;44
18482;11894;0
18483;11956;62
18484;12033;77
18485;12033;0
18486;12115;82
18487;12162;47
18488;12211;49
18489;12314;103
18490;12410;96
18491;12485;75
18492;12546;61
18493;12582;36
18494;12623;41
18495;12682;59
18496;12836;154
18497;12903;67
18498;12974;71
18499;12974;0
18500;13045;71
18501;13082;37
18502;13189;107
18503;13189;0
18504;13189;0
18505;13189;0
18506;13189;0
18507;13189;0
18508;13189;0
18509;13189;0
18510;13407;218
18511;13437;30
18512;13437;0
18513;13470;33
18514;13470;0
18515;13470;0
18516;13516;46
18517;13532;16
18518;13532;0
18519;13532;0
18520;13535;3
18521;13535;0
18522;13535;0
18523;13555;20
18524;13555;0
18525;13555;0
18526;13576;21
18527;13578;2
18528;13578;0
18529;13592;14
18530;13604;12
18531;13606;2
18532;13610;4
18533;13613;3
18534;13640;27
18535;13646;6
18536;13653;7
18537;13657;4
18538;13658;1
18539;13660;2
18540;13660;0
18541;13668;8
18542;13668;0
18543;13670;2
18544;13673;3
18545;13682;9
18546;13685;3
18547;13691;6
18548;13691;0
18549;13697;6
18550;13697;0
18551;13700;3
18552;13700;0
18553;13711;11
18554;13724;13
18555;13724;0
18556;13728;4
18557;13728;0
18558;13733;5
18559;13733;0
18560;13742;9
18561;13742;0
18562;13747;5
18563;13765;18
18564;13777;12
18565;13804;27
18566;13804;0
18567;13804;0
18568;13819;15
18569;13866;47
18570;13905;39
18571;13996;91
18572;14033;37
18573;14090;57
18574;14155;65
18575;14205;50
18576;14301;96
18577;14346;45
18578;14401;55
18579;14498;97
18580;14626;128
18581;14728;102
18582;15047;319
18583;15153;106
18584;15299;146
18585;15530;231
18586;15839;309
18587;16052;213
18588;16187;135
18589;16431;244
18590;16649;218
18591;16864;215
18592;17068;204
18593;17404;336
18594;17627;223
18595;17810;183
18596;18045;235
18597;18254;209
18598;18535;281
18599;18884;349
18600;19196;312
18601;19468;272
18602;19747;279
18603;20084;337
18604;20296;212
18605;20468;172
18606;20844;376
18607;21147;303
18608;21386;239
18609;21591;205
18610;21864;273
18611;22082;218
18612;22265;183
18613;22621;356
18614;22823;202
18615;22990;167
18616;23100;110
18617;23316;216
18618;23572;256
18619;23846;274
18620;24058;212
18621;24341;283
18622;24588;247
18623;24694;106
18624;24888;194
18625;25060;172
18626;25238;178
18627;25500;262
18628;25730;230
18629;25882;152
18630;26039;157
18631;26279;240
18632;26279;0
18633;26279;0
18634;26279;0
18635;26279;0
18636;26279;0
18637;27494;1215
18638;27619;125
18639;27768;149
18640;27827;59
18641;27969;142
18642;28097;128
18643;28179;82
18644;28233;54
18645;28317;84
18646;28450;133
18647;28522;72
18648;28522;0
18649;28522;0
18650;28522;0
18651;28522;0
18652;28522;0
18653;28522;0
18654;28994;472
18655;29066;72
18656;29291;225
18657;29291;0
18658;29380;89
18659;29449;69
18660;29488;39
18661;29536;48
18662;29577;41
18663;29634;57
18664;29634;0
18665;29634;0
18666;29765;131
18667;29851;86
18668;29851;0
18669;29933;82
18670;29933;0
18671;29933;0
18672;29933;0
18673;29933;0
18674;30052;119
18675;30078;26
18676;30115;37
18677;30128;13
18678;30128;0
18679;30128;0
18680;30128;0
18681;30205;77
18682;30236;31
18683;30236;0
18684;30284;48
18685;30316;32
18686;30347;31
18687;30364;17
18688;30417;53
18689;30479;62
18690;30479;0
18691;30479;0
18692;30479;0
18693;30540;61
18694;30540;0
18695;30686;146
18696;30686;0
18697;30686;0
18698;30873;187
18699;30873;0
18700;30873;0
18701;30873;0
18702;30989;116
18703;30989;0
18704;30989;0
18705;30989;0
18706;30989;0
18707;30989;0
18708;31147;158
18709;31147;0
18710;31282;135
18711;31407;125
18712;31407;0
18713;31407;0
18714;31407;0
18715;31407;0
18716;31407;0
18717;31833;426
18718;31833;0
18719;31833;0
18720;31833;0
18721;31833;0
18722;31833;0
18723;31833;0
18724;31833;0
18725;31833;0
18726;31833;0
18727;31833;0
18728;31833;0
18729;31833;0
18730;31833;0
18731;32932;1099
18732;32932;0
18733;33022;90
18734;33022;0
18735;33022;0
18736;33022;0
18737;33083;61
18738;33157;74
18739;33599;442
18740;33673;74
18741;33673;0
18742;33673;0
18743;33673;0
18744;33891;218
18745;33944;53
18746;33944;0
18747;33944;0
18748;33944;0
18749;33944;0
18750;33944;0
18751;33944;0
18752;34082;138
18753;34461;379
18754;34461;0
18755;34461;0
18756;34461;0
18757;34889;428
18758;34889;0
18759;34889;0
18760;34889;0
18761;34889;0
18762;34889;0
18763;34889;0
18764;34889;0
18765;34889;0
