condition;measurement;ncases
18283;0;0
18284;0;0
18285;0;0
18286;0;0
18287;0;0
18288;0;0
18289;0;0
18290;0;0
18291;0;0
18292;0;0
18293;1;1
18294;1;0
18295;1;0
18296;1;0
18297;1;0
18298;1;0
18299;1;0
18300;1;0
18301;1;0
18302;1;0
18303;1;0
18304;1;0
18305;1;0
18306;1;0
18307;1;0
18308;1;0
18309;1;0
18310;1;0
18311;1;0
18312;1;0
18313;1;0
18314;1;0
18315;1;0
18316;1;0
18317;1;0
18318;2;1
18319;3;1
18320;11;8
18321;14;3
18322;14;0
18323;19;5
18324;32;13
18325;62;30
18326;87;25
18327;146;59
18328;179;33
18329;225;46
18330;326;101
18331;424;98
18332;620;196
18333;771;151
18334;923;152
18335;994;71
18336;1063;69
18337;1146;83
18338;1265;119
18339;1410;145
18340;1553;143
18341;1733;180
18342;1868;135
18343;1986;118
18344;2168;182
18345;2398;230
18346;2712;314
18347;2998;286
18348;3363;365
18349;3663;300
18350;3943;280
18351;4359;416
18352;4834;475
18353;5320;486
18354;5874;554
18355;6475;601
18356;6832;357
18357;7172;340
18358;7561;389
18359;8299;738
18360;8954;655
18361;9599;645
18362;10053;454
18363;10448;395
18364;10912;464
18365;11349;437
18366;11828;479
18367;12432;604
18368;13055;623
18369;13743;688
18370;14275;532
18371;14663;388
18372;15124;461
18373;15831;707
18374;16553;722
18375;17311;758
18376;18090;779
18377;18563;473
18378;18863;300
18379;19426;563
18380;20168;742
18381;20966;798
18382;21601;635
18383;22133;532
18384;22432;299
18385;22693;261
18386;23169;476
18387;23826;657
18388;24572;746
18389;25359;787
18390;26059;700
18391;26568;509
18392;26846;278
18393;27301;455
18394;28055;754
18395;28755;700
18396;29415;660
18397;30103;688
18398;30461;358
18399;30720;259
18400;31151;431
18401;31818;667
18402;32626;808
18403;33236;610
18404;33768;532
18405;34171;403
18406;34381;210
18407;34871;490
18408;35617;746
18409;36417;800
18410;37191;774
18411;37964;773
18412;38396;432
18413;38661;265
18414;39309;648
18415;40210;901
18416;41256;1046
18417;42295;1039
18418;43441;1146
18419;44224;783
18420;44686;462
18421;45363;677
18422;46299;936
18423;47736;1437
18424;49030;1294
18425;50367;1337
18426;51409;1042
18427;51827;418
18428;52511;684
18429;53729;1218
18430;55186;1457
18431;56682;1496
18432;57895;1213
18433;58597;702
18434;58918;321
18435;59718;800
18436;61030;1312
18437;62728;1698
18438;64009;1281
18439;65212;1203
18440;65972;760
18441;66392;420
18442;67119;727
18443;67924;805
18444;68608;684
18445;69297;689
18446;69996;699
18447;70366;370
18448;70681;315
18449;70932;251
18450;71210;278
18451;71747;537
18452;72082;335
18453;72459;377
18454;72773;314
18455;72879;106
18456;73049;170
18457;73364;315
18458;73663;299
18459;73936;273
18460;74235;299
18461;74435;200
18462;74545;110
18463;74676;131
18464;74902;226
18465;75199;297
18466;75419;220
18467;75681;262
18468;75819;138
18469;75861;42
18470;75932;71
18471;76215;283
18472;76516;301
18473;76818;302
18474;77076;258
18475;77379;303
18476;77417;38
18477;77582;165
18478;77916;334
18479;78341;425
18480;78719;378
18481;79099;380
18482;79359;260
18483;79432;73
18484;79628;196
18485;80045;417
18486;80489;444
18487;80851;362
18488;81195;344
18489;81421;226
18490;81484;63
18491;81658;174
18492;81972;314
18493;82323;351
18494;82656;333
18495;82954;298
18496;83114;160
18497;83171;57
18498;83353;182
18499;83578;225
18500;83824;246
18501;83958;134
18502;83958;0
18503;83958;0
18504;83958;0
18505;84379;421
18506;84521;142
18507;84532;11
18508;84729;197
18509;84985;256
18510;84985;0
18511;84985;0
18512;85558;573
18513;85707;149
18514;85880;173
18515;86194;314
18516;86505;311
18517;86505;0
18518;86505;0
18519;86505;0
18520;87345;840
18521;87575;230
18522;87885;310
18523;88237;352
18524;88237;0
18525;88237;0
18526;88237;0
18527;89436;1199
18528;89756;320
18529;90289;533
18530;90923;634
18531;90923;0
18532;90923;0
18533;90923;0
18534;92466;1543
18535;92863;397
18536;93615;752
18537;94283;668
18538;94283;0
18539;94283;0
18540;94283;0
18541;96145;1862
18542;96677;532
18543;97532;855
18544;98451;919
18545;98451;0
18546;98451;0
18547;98451;0
18548;100654;2203
18549;101332;678
18550;102407;1075
18551;103200;793
18552;103200;0
18553;103200;0
18554;103200;0
18555;106380;3180
18556;107355;975
18557;108969;1614
18558;110594;1625
18559;110594;0
18560;110594;0
18561;110594;0
18562;115785;5191
18563;117913;2128
18564;121167;3254
18565;124355;3188
18566;124355;0
18567;124355;0
18568;124355;0
18569;134532;10177
18570;137730;3198
18571;141764;4034
18572;146461;4697
18573;146461;0
18574;146461;0
18575;146461;0
18576;162240;15779
18577;166707;4467
18578;171365;4658
18579;177355;5990
18580;177355;0
18581;177355;0
18582;177355;0
18583;192439;15084
18584;196446;4007
18585;201055;4609
18586;208295;7240
18587;208295;0
18588;208295;0
18589;208295;0
18590;225560;17265
18591;230514;4954
18592;236355;5841
18593;243129;6774
18594;243129;0
18595;243129;0
18596;243129;0
18597;260758;17629
18598;266158;5400
18599;272643;6485
18600;278912;6269
18601;278912;0
18602;278912;0
18603;278912;0
18604;297732;18820
18605;304793;7061
18606;312728;7935
18607;320098;7370
18608;320098;0
18609;320098;0
18610;320098;0
18611;341029;20931
18612;348585;7556
18613;357466;8881
18614;367120;9654
18615;367120;0
18616;367120;0
18617;367120;0
18618;389439;22319
18619;396048;6609
18620;396048;0
18621;396048;0
18622;396048;0
18623;396048;0
18624;396048;0
18625;428533;32485
18626;437379;8846
18627;437379;0
18628;437379;0
18629;437379;0
18630;437379;0
18631;437379;0
18632;469748;32369
18633;469748;0
18634;482284;12536
18635;489471;7187
18636;489471;0
18637;489471;0
18638;489471;0
18639;506866;17395
18640;512203;5337
18641;518783;6580
18642;523486;4703
18643;523486;0
18644;523486;0
18645;523486;0
18646;533265;9779
18647;537967;4702
18648;542952;4985
18649;547166;4214
18650;547166;0
18651;547166;0
18652;547166;0
18653;556289;9123
18654;560472;4183
18655;564557;4085
18656;566957;2400
18657;566957;0
18658;566957;0
18659;566957;0
18660;576606;9649
18661;580916;4310
18662;584674;3758
18663;588062;3388
18664;588062;0
18665;588062;0
18666;588062;0
18667;596174;8112
18668;600244;4070
18669;604577;4333
18670;608411;3834
18671;608411;0
18672;608411;0
18673;608411;0
18674;617869;9458
18675;622102;4233
18676;627022;4920
18677;631166;4144
18678;631166;0
18679;631166;0
18680;631166;0
18681;642099;10933
18682;647470;5371
18683;652465;4995
18684;657309;4844
18685;657309;0
18686;657309;0
18687;657309;0
18688;669113;11804
18689;675292;6179
18690;680130;4838
18691;684961;4831
18692;684961;0
18693;684961;0
18694;684961;0
18695;695975;11014
18696;701892;5917
18697;707192;5300
18698;712527;5335
18699;712527;0
18700;712527;0
18701;712527;0
18702;725289;12762
18703;732070;6781
18704;738537;6467
18705;744272;5735
18706;744272;0
18707;744272;0
18708;744272;0
18709;758335;14063
18710;765984;7649
18711;773690;7706
18712;780018;6328
18713;780018;0
18714;780018;0
18715;780018;0
18716;796445;16427
18717;804886;8441
18718;813191;8305
18719;813191;0
18720;813191;0
18721;813191;0
18722;813191;0
18723;834993;21802
18724;841807;6814
18725;849629;7822
18726;857401;7772
18727;857401;0
18728;857401;0
18729;857401;0
18730;876506;19105
18731;885385;8879
18732;892480;7095
18733;900138;7658
18734;900138;0
18735;900138;0
18736;900138;0
18737;916830;16692
18738;924340;7510
18739;932076;7736
18740;938343;6267
18741;938343;0
18742;938343;0
18743;938343;0
18744;953254;14911
18745;960520;7266
18746;967678;7158
18747;973604;5926
18748;973604;0
18749;973604;0
18750;973604;0
18751;988554;14950
18752;995595;7041
18753;1002121;6526
18754;1007792;5671
18755;1007792;0
18756;1007792;0
18757;1007792;0
18758;1021604;13812
18759;1027934;6330
18760;1027934;0
18761;1037126;9192
18762;1037126;0
18763;1037126;0
18764;1037126;0
18765;1047143;10017
