condition;measurement;ncases
18283;0;0
18284;0;0
18285;0;0
18286;0;0
18287;0;0
18288;0;0
18289;0;0
18290;0;0
18291;0;0
18292;0;0
18293;0;0
18294;0;0
18295;0;0
18296;0;0
18297;0;0
18298;0;0
18299;0;0
18300;0;0
18301;0;0
18302;0;0
18303;0;0
18304;0;0
18305;0;0
18306;0;0
18307;0;0
18308;0;0
18309;0;0
18310;0;0
18311;0;0
18312;0;0
18313;0;0
18314;0;0
18315;0;0
18316;0;0
18317;1;1
18318;1;0
18319;8;7
18320;8;0
18321;18;10
18322;27;9
18323;42;15
18324;56;14
18325;90;34
18326;114;24
18327;214;100
18328;268;54
18329;337;69
18330;374;37
18331;491;117
18332;652;161
18333;652;0
18334;1139;487
18335;1359;220
18336;2200;841
18337;2200;0
18338;2700;500
18339;3028;328
18340;4075;1047
18341;5294;1219
18342;6575;1281
18343;7474;899
18344;8795;1321
18345;9877;1082
18346;10897;1020
18347;11811;914
18348;12928;1117
18349;14076;1148
18350;14829;753
18351;15922;1093
18352;16605;683
18353;17768;1163
18354;18827;1059
18355;19606;779
18356;20505;899
18357;21100;595
18358;21657;557
18359;22253;596
18360;23280;1027
18361;24051;771
18362;24551;500
18363;25107;556
18364;25415;308
18365;25688;273
18366;25936;248
18367;26336;400
18368;26732;396
18369;27078;346
18370;27404;326
18371;27740;336
18372;27944;204
18373;28063;119
18374;28268;205
18375;28496;228
18376;28677;181
18377;28894;217
18378;29061;167
18379;29164;103
18380;29264;100
18381;29407;143
18382;29586;179
18383;29705;119
18384;29817;112
18385;29905;88
18386;29981;76
18387;30009;28
18388;30060;51
18389;30126;66
18390;30207;81
18391;30251;44
18392;30305;54
18393;30344;39
18394;30380;36
18395;30413;33
18396;30463;50
18397;30514;51
18398;30572;58
18399;30587;15
18400;30597;10
18401;30618;21
18402;30658;40
18403;30694;36
18404;30707;13
18405;30725;18
18406;30736;11
18407;30746;10
18408;30761;15
18409;30776;15
18410;30796;20
18411;30828;32
18412;30845;17
18413;30862;17
18414;30871;9
18415;30874;3
18416;30893;19
18417;30913;20
18418;30936;23
18419;30956;20
18420;30965;9
18421;30972;7
18422;30988;16
18423;31011;23
18424;31044;33
18425;31063;19
18426;31094;31
18427;31117;23
18428;31131;14
18429;31154;23
18430;31187;33
18431;31200;13
18432;31235;35
18433;31243;8
18434;31292;49
18435;31310;18
18436;31332;22
18437;31376;44
18438;31428;52
18439;31486;58
18440;31555;69
18441;31617;62
18442;31652;35
18443;31714;62
18444;31851;137
18445;31967;116
18446;32101;134
18447;32198;97
18448;32268;70
18449;32315;47
18450;32369;54
18451;32498;129
18452;32586;88
18453;32690;104
18454;32817;127
18455;32883;66
18456;32946;63
18457;33016;70
18458;33148;132
18459;33290;142
18460;33382;92
18461;33492;110
18462;33591;99
18463;33634;43
18464;33742;108
18465;33883;141
18466;34000;117
18467;34154;154
18468;34302;148
18469;34412;110
18470;34477;65
18471;34609;132
18472;34802;193
18473;35022;220
18474;35232;210
18475;35412;180
18476;35550;138
18477;35616;66
18478;35746;130
18479;35927;181
18480;36108;181
18481;36269;161
18482;36451;182
18483;36603;152
18484;36708;105
18485;36895;187
18486;37169;274
18487;37403;234
18488;37671;268
18489;37924;253
18490;38124;200
18491;38252;128
18492;38449;197
18493;38760;311
18494;39026;266
18495;39332;306
18496;39627;295
18497;39903;276
18498;40060;157
18499;40262;202
18500;40645;383
18501;41006;361
18502;41346;340
18503;41722;376
18504;42014;292
18505;42177;163
18506;42393;216
18507;42763;370
18508;43127;364
18509;43532;405
18510;43957;425
18511;44401;444
18512;44592;191
18513;44837;245
18514;45306;469
18515;45711;405
18516;46239;528
18517;46704;465
18518;47179;475
18519;47436;257
18520;47751;315
18521;48265;514
18522;48795;530
18523;49283;488
18524;49283;0
18525;49283;0
18526;50378;1095
18527;50664;286
18528;51101;437
18529;51492;391
18530;51864;372
18531;51864;0
18532;51864;0
18533;52646;782
18534;52871;225
18535;53282;411
18536;53832;550
18537;54384;552
18538;54384;0
18539;54384;0
18540;55932;1548
18541;56632;700
18542;57709;1077
18543;58881;1172
18544;60368;1487
18545;60368;0
18546;60368;0
18547;64436;4068
18548;65881;1445
18549;68704;2823
18550;71317;2613
18551;74422;3105
18552;74422;0
18553;74422;0
18554;83159;8737
18555;86167;3008
18556;91763;5596
18557;97019;5256
18558;103653;6634
18559;103653;0
18560;103653;0
18561;121093;17440
18562;127042;5949
18563;135658;8616
18564;145044;9386
18565;154251;9207
18566;154251;0
18567;154251;0
18568;176177;21926
18569;182303;6126
18570;192376;10073
18571;202504;10128
18572;211913;9409
18573;211913;0
18574;211913;0
18575;229222;17309
18576;235202;5980
18577;243472;8270
18578;250396;6924
18579;257135;6739
18580;257135;0
18581;257135;0
18582;269974;12839
18583;274534;4560
18584;280648;6114
18585;285655;5007
18586;290601;4946
18587;290601;0
18588;290601;0
18589;300352;9751
18590;304593;4241
18591;309469;4876
18592;313978;4509
18593;318290;4312
18594;318290;0
18595;318290;0
18596;327072;8782
18597;330874;3802
18598;335660;4786
18599;340115;4455
18600;344497;4382
18601;344497;0
18602;344497;0
18603;354306;9809
18604;358568;4262
18605;363654;5086
18606;368695;5041
18607;373831;5136
18608;373831;0
18609;373831;0
18610;384557;10726
18611;388828;4271
18612;394453;5625
18613;399511;5058
18614;403989;4478
18615;403989;0
18616;403989;0
18617;413991;10002
18618;418266;4275
18619;423299;5033
18620;428197;4898
18621;428197;0
18622;428197;0
18623;428197;0
18624;438284;10087
18625;442481;4197
18626;447905;5424
18627;452296;4391
18628;452296;0
18629;452296;0
18630;452296;0
18631;461961;9665
18632;465981;4020
18633;470789;4808
18634;474764;3975
18635;477983;3219
18636;477983;0
18637;477983;0
18638;484506;6523
18639;487357;2851
18640;490358;3001
18641;492832;2474
18642;495228;2396
18643;495228;0
18644;495228;0
18645;499931;4703
18646;502191;2260
18647;504918;2727
18648;507123;2205
18649;509279;2156
18650;509279;0
18651;509279;0
18652;513599;4320
18653;515483;1884
18654;517705;2222
18655;519404;1699
18656;521320;1916
18657;521320;0
18658;521320;0
18659;525095;3775
18660;526728;1633
18661;528524;1796
18662;530289;1765
18663;531873;1584
18664;531873;0
18665;531873;0
18666;535153;3280
18667;536516;1363
18668;538118;1602
18669;539474;1356
18670;540727;1253
18671;540727;0
18672;540727;0
18673;543207;2480
18674;544282;1075
18675;545535;1253
18676;546754;1219
18677;547775;1021
18678;547775;0
18679;547775;0
18680;550224;2449
18681;551355;1131
18682;552698;1343
18683;553867;1169
18684;554932;1065
18685;554932;0
18686;554932;0
18687;557492;2560
18688;558622;1130
18689;559845;1223
18690;561068;1223
18691;562290;1222
18692;562290;0
18693;562290;0
18694;565034;2744
18695;566412;1378
18696;567903;1491
18697;569312;1409
18698;570645;1333
18699;570645;0
18700;570645;0
18701;573815;3170
18702;575253;1438
18703;577111;1858
18704;578861;1750
18705;580609;1748
18706;580609;0
18707;580609;0
18708;584252;3643
18709;586096;1844
18710;588118;2022
18711;590164;2046
18712;592217;2053
18713;592217;0
18714;592217;0
18715;596790;4573
18716;598713;1923
18717;601124;2411
18718;603092;1968
18719;605342;2250
18720;605342;0
18721;605342;0
18722;605342;0
18723;610274;4932
18724;612575;2301
18725;615024;2449
18726;617543;2519
18727;617543;0
18728;617543;0
18729;623126;5583
18730;625367;2241
18731;627968;2601
18732;630194;2226
18733;632399;2205
18734;632399;0
18735;632399;0
18736;637304;4905
18737;639445;2141
18738;642131;2686
18739;644396;2265
18740;646509;2113
18741;646509;0
18742;646509;0
18743;651822;5313
18744;653957;2135
18745;656077;2120
18746;658143;2066
18747;659974;1831
18748;659974;0
18749;659974;0
18750;663952;3978
18751;665585;1633
18752;667380;1795
18753;669067;1687
18754;670613;1546
18755;670613;0
18756;670613;0
18757;674296;3683
18758;675671;1375
18759;677210;1539
18760;677210;0
18761;679510;2300
18762;679510;0
18763;679510;0
18764;682160;2650
18765;683400;1240
