condition;measurement;ncases
18283;0;0
18284;0;0
18285;0;0
18286;0;0
18287;0;0
18288;0;0
18289;0;0
18290;0;0
18291;0;0
18292;0;0
18293;0;0
18294;0;0
18295;0;0
18296;0;0
18297;0;0
18298;0;0
18299;0;0
18300;0;0
18301;0;0
18302;0;0
18303;0;0
18304;0;0
18305;0;0
18306;0;0
18307;0;0
18308;0;0
18309;0;0
18310;0;0
18311;0;0
18312;0;0
18313;0;0
18314;0;0
18315;0;0
18316;0;0
18317;0;0
18318;0;0
18319;0;0
18320;0;0
18321;0;0
18322;0;0
18323;0;0
18324;0;0
18325;0;0
18326;0;0
18327;1;1
18328;1;0
18329;1;0
18330;1;0
18331;1;0
18332;1;0
18333;1;0
18334;1;0
18335;1;0
18336;1;0
18337;1;0
18338;1;0
18339;1;0
18340;1;0
18341;9;8
18342;16;7
18343;16;0
18344;18;2
18345;20;2
18346;23;3
18347;23;0
18348;25;2
18349;25;0
18350;25;0
18351;30;5
18352;34;4
18353;36;2
18354;39;3
18355;40;1
18356;41;1
18357;44;3
18358;58;14
18359;65;7
18360;70;5
18361;73;3
18362;76;3
18363;76;0
18364;76;0
18365;77;1
18366;77;0
18367;81;4
18368;81;0
18369;83;2
18370;84;1
18371;84;0
18372;84;0
18373;86;2
18374;88;2
18375;88;0
18376;90;2
18377;96;6
18378;98;2
18379;98;0
18380;99;1
18381;109;10
18382;116;7
18383;123;7
18384;123;0
18385;124;1
18386;126;2
18387;128;2
18388;128;0
18389;135;7
18390;145;10
18391;153;8
18392;174;21
18393;181;7
18394;199;18
18395;219;20
18396;238;19
18397;263;25
18398;298;35
18399;301;3
18400;330;29
18401;338;8
18402;340;2
18403;354;14
18404;363;9
18405;373;10
18406;381;8
18407;386;5
18408;391;5
18409;395;4
18410;422;27
18411;428;6
18412;433;5
18413;442;9
18414;443;1
18415;445;2
18416;452;7
18417;465;13
18418;485;20
18419;487;2
18420;495;8
18421;497;2
18422;501;4
18423;522;21
18424;524;2
18425;525;1
18426;530;5
18427;530;0
18428;531;1
18429;537;6
18430;544;7
18431;547;3
18432;555;8
18433;561;6
18434;569;8
18435;569;0
18436;576;7
18437;583;7
18438;588;5
18439;591;3
18440;615;24
18441;642;27
18442;643;1
18443;650;7
18444;661;11
18445;667;6
18446;671;4
18447;676;5
18448;680;4
18449;680;0
18450;689;9
18451;695;6
18452;704;9
18453;710;6
18454;710;0
18455;720;10
18456;721;1
18457;731;10
18458;740;9
18459;749;9
18460;766;17
18461;774;8
18462;778;4
18463;783;5
18464;790;7
18465;806;16
18466;828;22
18467;839;11
18468;853;14
18469;868;15
18470;874;6
18471;896;22
18472;896;0
18473;908;12
18474;941;33
18475;958;17
18476;961;3
18477;976;15
18478;988;12
18479;1001;13
18480;1012;11
18481;1028;16
18482;1046;18
18483;1060;14
18484;1067;7
18485;1070;3
18486;1092;22
18487;1104;12
18488;1124;20
18489;1130;6
18490;1147;17
18491;1154;7
18492;1173;19
18493;1190;17
18494;1212;22
18495;1239;27
18496;1275;36
18497;1277;2
18498;1295;18
18499;1309;14
18500;1326;17
18501;1326;0
18502;1365;39
18503;1390;25
18504;1396;6
18505;1400;4
18506;1416;16
18507;1434;18
18508;1443;9
18509;1457;14
18510;1477;20
18511;1488;11
18512;1493;5
18513;1513;20
18514;1528;15
18515;1537;9
18516;1548;11
18517;1555;7
18518;1572;17
18519;1578;6
18520;1595;17
18521;1608;13
18522;1618;10
18523;1640;22
18524;1659;19
18525;1666;7
18526;1669;3
18527;1683;14
18528;1701;18
18529;1707;6
18530;1722;15
18531;1736;14
18532;1743;7
18533;1749;6
18534;1759;10
18535;1784;25
18536;1809;25
18537;1818;9
18538;1840;22
18539;1854;14
18540;1864;10
18541;1881;17
18542;1898;17
18543;1907;9
18544;1921;14
18545;1935;14
18546;1940;5
18547;1949;9
18548;1972;23
18549;1983;11
18550;1996;13
18551;2027;31
18552;2049;22
18553;2057;8
18554;2071;14
18555;2104;33
18556;2120;16
18557;2139;19
18558;2162;23
18559;2187;25
18560;2200;13
18561;2204;4
18562;2229;25
18563;2238;9
18564;2296;58
18565;2312;16
18566;2331;19
18567;2357;26
18568;2364;7
18569;2381;17
18570;2406;25
18571;2442;36
18572;2460;18
18573;2483;23
18574;2516;33
18575;2523;7
18576;2558;35
18577;2593;35
18578;2605;12
18579;2627;22
18580;2651;24
18581;2675;24
18582;2693;18
18583;2722;29
18584;2752;30
18585;2771;19
18586;2796;25
18587;2829;33
18588;2843;14
18589;2854;11
18590;2872;18
18591;2889;17
18592;2904;15
18593;2926;22
18594;2946;20
18595;2962;16
18596;2974;12
18597;2997;23
18598;3014;17
18599;3039;25
18600;3051;12
18601;3051;0
18602;3095;44
18603;3111;16
18604;3132;21
18605;3151;19
18606;3182;31
18607;3202;20
18608;3221;19
18609;3251;30
18610;3266;15
18611;3295;29
18612;3315;20
18613;3330;15
18614;3350;20
18615;3396;46
18616;3416;20
18617;3436;20
18618;3467;31
18619;3494;27
18620;3520;26
18621;3546;26
18622;3555;9
18623;3555;0
18624;3576;21
18625;3604;28
18626;3611;7
18627;3633;22
18628;3662;29
18629;3683;21
18630;3702;19
18631;3722;20
18632;3770;48
18633;3807;37
18634;3845;38
18635;3894;49
18636;3932;38
18637;3957;25
18638;3978;21
18639;4045;67
18640;4109;64
18641;4165;56
18642;4220;55
18643;4272;52
18644;4302;30
18645;4324;22
18646;4383;59
18647;4459;76
18648;4505;46
18649;4545;40
18650;4636;91
18651;4662;26
18652;4682;20
18653;4682;0
18654;4870;188
18655;4922;52
18656;4922;0
18657;5041;119
18658;5074;33
18659;5092;18
18660;5166;74
18661;5224;58
18662;5290;66
18663;5356;66
18664;5436;80
18665;5483;47
18666;5496;13
18667;5576;80
18668;5606;30
18669;5687;81
18670;5757;70
18671;5823;66
18672;5874;51
18673;5882;8
18674;5953;71
18675;6007;54
18676;6085;78
18677;6182;97
18678;6268;86
18679;6319;51
18680;6348;29
18681;6466;118
18682;6548;82
18683;6637;89
18684;6730;93
18685;6851;121
18686;6901;50
18687;6933;32
18688;7086;153
18689;7188;102
18690;7323;135
18691;7428;105
18692;7521;93
18693;7570;49
18694;7598;28
18695;7680;82
18696;7737;57
18697;7857;120
18698;7953;96
18699;7953;0
18700;8070;117
18701;8222;152
18702;8322;100
18703;8472;150
18704;8582;110
18705;8695;113
18706;8839;144
18707;8918;79
18708;8960;42
18709;9147;187
18710;9147;0
18711;9506;359
18712;9676;170
18713;9676;0
18714;9955;279
18715;9992;37
18716;10249;257
18717;10249;0
18718;10654;405
18719;10848;194
18720;11064;216
18721;11187;123
18722;11249;62
18723;11310;61
18724;11501;191
18725;11649;148
18726;11814;165
18727;11947;133
18728;12006;59
18729;12034;28
18730;12034;0
18731;12214;180
18732;12214;0
18733;12391;177
18734;12496;105
18735;12533;37
18736;12553;20
18737;12610;57
18738;12657;47
18739;12698;41
18740;12742;44
18741;12787;45
18742;12787;0
18743;12827;40
18744;12884;57
18745;12898;14
18746;12931;33
18747;12967;36
18748;12992;25
18749;13010;18
18750;13010;0
18751;13037;27
18752;13068;31
18753;13068;0
18754;13106;38
18755;13106;0
18756;13154;48
18757;13167;13
18758;13167;0
18759;13210;43
18760;13238;28
18761;13244;6
18762;13265;21
18763;13275;10
18764;13279;4
18765;13286;7
