condition;measurement;ncases
18283;0;0
18284;0;0
18285;0;0
18286;0;0
18287;0;0
18288;0;0
18289;0;0
18290;0;0
18291;0;0
18292;0;0
18293;0;0
18294;0;0
18295;0;0
18296;0;0
18297;0;0
18298;0;0
18299;0;0
18300;0;0
18301;0;0
18302;0;0
18303;0;0
18304;0;0
18305;0;0
18306;0;0
18307;0;0
18308;0;0
18309;0;0
18310;0;0
18311;0;0
18312;0;0
18313;0;0
18314;0;0
18315;0;0
18316;0;0
18317;0;0
18318;0;0
18319;0;0
18320;0;0
18321;0;0
18322;0;0
18323;0;0
18324;0;0
18325;0;0
18326;0;0
18327;0;0
18328;0;0
18329;0;0
18330;0;0
18331;0;0
18332;0;0
18333;0;0
18334;4;4
18335;6;2
18336;8;2
18337;29;21
18338;50;21
18339;79;29
18340;94;15
18341;110;16
18342;135;25
18343;158;23
18344;162;4
18345;189;27
18346;217;28
18347;238;21
18348;274;36
18349;303;29
18350;309;6
18351;320;11
18352;338;18
18353;350;12
18354;369;19
18355;386;17
18356;400;14
18357;406;6
18358;415;9
18359;424;9
18360;456;32
18361;473;17
18362;494;21
18363;501;7
18364;480;-21
18365;483;3
18366;492;9
18367;493;1
18368;502;9
18369;508;6
18370;517;9
18371;528;11
18372;535;7
18373;543;8
18374;549;6
18375;557;8
18376;563;6
18377;596;33
18378;606;10
18379;620;14
18380;625;5
18381;630;5
18382;643;13
18383;648;5
18384;652;4
18385;655;3
18386;657;2
18387;670;13
18388;673;3
18389;684;11
18390;694;10
18391;702;8
18392;707;5
18393;711;4
18394;717;6
18395;719;2
18396;724;5
18397;732;8
18398;733;1
18399;734;1
18400;737;3
18401;738;1
18402;746;8
18403;749;3
18404;753;4
18405;764;11
18406;769;5
18407;787;18
18408;789;2
18409;803;14
18410;811;8
18411;816;5
18412;821;5
18413;823;2
18414;825;2
18415;826;1
18416;828;2
18417;832;4
18418;834;2
18419;845;11
18420;845;0
18421;845;0
18422;846;1
18423;847;1
18424;847;0
18425;847;0
18426;847;0
18427;848;1
18428;848;0
18429;849;1
18430;849;0
18431;850;1
18432;853;3
18433;859;6
18434;876;17
18435;882;6
18436;885;3
18437;902;17
18438;907;5
18439;919;12
18440;924;5
18441;929;5
18442;932;3
18443;936;4
18444;943;7
18445;947;4
18446;952;5
18447;955;3
18448;956;1
18449;960;4
18450;965;5
18451;974;9
18452;977;3
18453;985;8
18454;986;1
18455;987;1
18456;989;2
18457;997;8
18458;1009;12
18459;1026;17
18460;1037;11
18461;1044;7
18462;1054;10
18463;1064;10
18464;1096;32
18465;1117;21
18466;1141;24
18467;1166;25
18468;1174;8
18469;1192;18
18470;1202;10
18471;1218;16
18472;1237;19
18473;1243;6
18474;1264;21
18475;1278;14
18476;1286;8
18477;1291;5
18478;1300;9
18479;1309;9
18480;1318;9
18481;1325;7
18482;1335;10
18483;1353;18
18484;1364;11
18485;1385;21
18486;1393;8
18487;1409;16
18488;1421;12
18489;1434;13
18490;1440;6
18491;1457;17
18492;1485;28
18493;1493;8
18494;1506;13
18495;1516;10
18496;1521;5
18497;1527;6
18498;1533;6
18499;1536;3
18500;1543;7
18501;1551;8
18502;1556;5
18503;1570;14
18504;1585;15
18505;1595;10
18506;1611;16
18507;1626;15
18508;1636;10
18509;1653;17
18510;1669;16
18511;1679;10
18512;1693;14
18513;1712;19
18514;1741;29
18515;1759;18
18516;1773;14
18517;1780;7
18518;1808;28
18519;1812;4
18520;1827;15
18521;1856;29
18522;1876;20
18523;1890;14
18524;1904;14
18525;1917;13
18526;1927;10
18527;1934;7
18528;1946;12
18529;1959;13
18530;1967;8
18531;1998;31
18532;2008;10
18533;2010;2
18534;2033;23
18535;2046;13
18536;2061;15
18537;2097;36
18538;2122;25
18539;2145;23
18540;2155;10
18541;2177;22
18542;2206;29
18543;2226;20
18544;2251;25
18545;2268;17
18546;2294;26
18547;2313;19
18548;2337;24
18549;2388;51
18550;2417;29
18551;2450;33
18552;2501;51
18553;2531;30
18554;2560;29
18555;2623;63
18556;2663;40
18557;2701;38
18558;2759;58
18559;2807;48
18560;2851;44
18561;2872;21
18562;2916;44
18563;2981;65
18564;3044;63
18565;3082;38
18566;3124;42
18567;3149;25
18568;3165;16
18569;3196;31
18570;3245;49
18571;3309;64
18572;3370;61
18573;3441;71
18574;3514;73
18575;3560;46
18576;3620;60
18577;3700;80
18578;3795;95
18579;3883;88
18580;3957;74
18581;4030;73
18582;4104;74
18583;4208;104
18584;4296;88
18585;4377;81
18586;4477;100
18587;4564;87
18588;4699;135
18589;4763;64
18590;4870;107
18591;4988;118
18592;5117;129
18593;5303;186
18594;5511;208
18595;5716;205
18596;5857;141
18597;6024;167
18598;6225;201
18599;6455;230
18600;6731;276
18601;6965;234
18602;7303;338
18603;7505;202
18604;7806;301
18605;8104;298
18606;8487;383
18607;8849;362
18608;9180;331
18609;9708;528
18610;10029;321
18611;10418;389
18612;10893;475
18613;11436;543
18614;11950;514
18615;12557;607
18616;13048;491
18617;13477;429
18618;14001;524
18619;14710;709
18620;15457;747
18621;15848;391
18622;16218;370
18623;16728;510
18624;17306;578
18625;17962;656
18626;18480;518
18627;19119;639
18628;19753;634
18629;20275;522
18630;20823;548
18631;21426;603
18632;22104;678
18633;23048;944
18634;23807;759
18635;24339;532
18636;24974;635
18637;26186;1212
18638;26901;715
18639;27846;945
18640;28475;629
18641;29989;1514
18642;30946;957
18643;31669;723
18644;32378;709
18645;32863;485
18646;33446;583
18647;34294;848
18648;34992;698
18649;36170;1178
18650;36967;797
18651;37633;666
18652;38041;408
18653;38680;639
18654;39328;648
18655;39887;559
18656;40529;642
18657;41181;652
18658;41738;557
18659;42128;390
18660;42667;539
18661;43215;548
18662;43804;589
18663;44303;499
18664;44812;509
18665;45311;499
18666;45650;339
18667;46153;503
18668;46778;625
18669;47254;476
18670;47828;574
18671;48459;631
18672;48909;450
18673;49360;451
18674;49725;365
18675;50208;483
18676;50752;544
18677;51377;625
18678;52163;786
18679;52815;652
18680;53310;495
18681;53973;663
18682;54874;901
18683;55695;821
18684;56542;847
18685;57362;820
18686;57994;632
18687;58589;595
18688;59171;582
18689;60074;903
18690;60945;871
18691;61929;984
18692;63010;1081
18693;63837;827
18694;64700;863
18695;65527;827
18696;66484;957
18697;67717;1233
18698;69074;1357
18699;70133;1059
18700;71691;1558
18701;72862;1171
18702;73770;908
18703;75138;1368
18704;76816;1678
18705;78401;1585
18706;79923;1522
18707;81537;1614
18708;84230;2693
18709;86007;1777
18710;87812;1805
18711;89458;1646
18712;92343;2885
18713;95278;2935
18714;97406;2128
18715;99584;2178
18716;102461;2877
18717;105549;3088
18718;108188;2639
18719;111568;3380
18720;113904;2336
18721;117757;3853
18722;119958;2201
18723;123063;3105
18724;126987;3924
18725;130657;3670
18726;137946;7289
18727;141380;3434
18728;144642;3262
18729;147173;2531
18730;149430;2257
18731;152089;2659
18732;156499;4410
18733;159569;3070
18734;162400;2831
18735;164744;2344
18736;167033;2289
18737;169327;2294
18738;172601;3274
18739;175891;3290
18740;179537;3646
18741;182326;2789
18742;184865;2539
18743;187349;2484
18744;190096;2747
18745;193027;2931
18746;195734;2707
18747;198428;2694
18748;200908;2480
18749;202492;1584
18750;204120;1628
18751;206946;2826
18752;209867;2921
18753;213449;3582
18754;216146;2697
18755;218800;2654
18756;220683;1883
18757;222870;2187
18758;225847;2977
18759;228102;2255
18760;231901;3799
18761;235206;3305
18762;238079;2873
18763;240512;2433
18764;242906;2394
18765;246026;3120
