condition;measurement;ncases
18283;0;0
18284;0;0
18285;0;0
18286;0;0
18287;0;0
18288;0;0
18289;0;0
18290;0;0
18291;0;0
18292;0;0
18293;0;0
18294;0;0
18295;0;0
18296;0;0
18297;0;0
18298;0;0
18299;0;0
18300;0;0
18301;0;0
18302;0;0
18303;0;0
18304;0;0
18305;0;0
18306;0;0
18307;0;0
18308;0;0
18309;0;0
18310;0;0
18311;0;0
18312;0;0
18313;0;0
18314;0;0
18315;0;0
18316;0;0
18317;0;0
18318;0;0
18319;0;0
18320;0;0
18321;0;0
18322;0;0
18323;0;0
18324;0;0
18325;0;0
18326;0;0
18327;0;0
18328;0;0
18329;0;0
18330;0;0
18331;0;0
18332;0;0
18333;0;0
18334;0;0
18335;0;0
18336;1;1
18337;6;5
18338;10;4
18339;15;5
18340;23;8
18341;33;10
18342;43;10
18343;43;0
18344;46;3
18345;50;4
18346;60;10
18347;75;15
18348;88;13
18349;104;16
18350;144;40
18351;149;5
18352;172;23
18353;181;9
18354;205;24
18355;227;22
18356;266;39
18357;342;76
18358;457;115
18359;520;63
18360;545;25
18361;582;37
18362;624;42
18363;767;143
18364;865;98
18365;998;133
18366;1165;167
18367;1302;137
18368;1349;47
18369;1405;56
18370;1490;85
18371;1565;75
18372;1627;62
18373;1678;51
18374;1716;38
18375;1758;42
18376;1804;46
18377;1862;58
18378;1869;7
18379;1904;35
18380;1939;35
18381;2002;63
18382;2039;37
18383;2086;47
18384;2118;32
18385;2149;31
18386;2189;40
18387;2207;18
18388;2233;26
18389;2298;65
18390;2325;27
18391;2349;24
18392;2418;69
18393;2486;68
18394;2519;33
18395;2612;93
18396;2645;33
18397;2686;41
18398;2738;52
18399;2753;15
18400;2791;38
18401;2855;64
18402;2939;84
18403;2964;25
18404;3028;64
18405;3115;87
18406;3164;49
18407;3189;25
18408;3290;101
18409;3369;79
18410;3444;75
18411;3468;24
18412;3546;78
18413;3623;77
18414;3702;79
18415;3760;58
18416;3843;83
18417;3939;96
18418;4007;68
18419;4094;87
18420;4331;237
18421;4440;109
18422;4520;80
18423;4623;103
18424;4741;118
18425;4869;128
18426;4966;97
18427;5080;114
18428;5263;183
18429;5493;230
18430;5682;189
18431;5767;85
18432;5946;179
18433;6153;207
18434;6315;162
18435;6461;146
18436;6662;201
18437;6990;328
18438;7177;187
18439;7427;250
18440;7682;255
18441;7948;266
18442;8222;274
18443;8503;281
18444;8781;278
18445;9078;297
18446;9396;318
18447;9708;312
18448;10020;312
18449;10362;342
18450;10838;476
18451;11092;254
18452;11564;472
18453;12027;463
18454;12513;486
18455;12997;484
18456;13591;594
18457;14085;494
18458;14581;496
18459;15066;485
18460;15607;541
18461;16186;579
18462;16752;566
18463;17149;397
18464;17881;732
18465;18379;498
18466;18986;607
18467;19360;374
18468;19952;592
18469;20531;579
18470;21209;678
18471;21699;490
18472;22585;886
18473;23271;686
18474;24009;738
18475;24783;774
18476;25336;553
18477;26066;730
18478;27047;981
18479;27793;746
18480;28315;522
18481;29057;742
18482;29652;595
18483;30609;957
18484;31304;695
18485;31747;443
18486;32654;907
18487;33323;669
18488;33821;498
18489;34528;707
18490;35329;801
18491;35702;373
18492;36352;650
18493;37112;760
18494;37547;435
18495;38074;527
18496;38532;458
18497;38946;414
18498;39348;402
18499;39641;293
18500;39964;323
18501;40447;483
18502;40720;273
18503;41067;347
18504;41424;357
18505;41893;469
18506;42127;234
18507;42437;310
18508;42688;251
18509;42998;310
18510;43293;295
18511;43587;294
18512;43893;306
18513;44281;388
18514;44930;649
18515;45473;543
18516;46160;687
18517;46721;561
18518;47287;566
18519;47836;549
18520;48429;593
18521;49015;586
18522;49627;612
18523;50253;626
18524;50992;739
18525;51640;648
18526;52070;430
18527;52685;615
18528;53275;590
18529;53834;559
18530;54392;558
18531;54819;427
18532;55320;501
18533;55776;456
18534;56354;578
18535;56717;363
18536;57190;473
18537;57454;264
18538;58238;784
18539;58612;374
18540;58946;334
18541;59343;397
18542;59579;236
18543;60026;447
18544;60342;316
18545;60776;434
18546;61098;322
18547;61319;221
18548;61642;323
18549;61950;308
18550;62278;328
18551;62588;310
18552;62809;221
18553;63124;315
18554;63523;399
18555;63831;308
18556;64010;179
18557;64439;429
18558;64724;285
18559;64923;199
18560;65307;384
18561;65667;360
18562;65881;214
18563;66141;260
18564;66392;251
18565;66628;236
18566;66932;304
18567;67156;224
18568;67254;98
18569;67553;299
18570;67779;226
18571;68009;230
18572;68139;130
18573;68367;228
18574;68730;363
18575;69027;297
18576;69027;0
18577;69397;370
18578;69560;163
18579;69754;194
18580;69987;233
18581;70243;256
18582;70381;138
18583;70648;267
18584;70858;210
18585;70921;63
18586;71208;287
18587;71431;223
18588;71617;186
18589;71774;157
18590;71985;211
18591;72227;242
18592;72409;182
18593;72513;104
18594;72718;205
18595;72870;152
18596;73094;224
18597;73276;182
18598;73335;59
18599;73431;96
18600;73751;320
18601;73751;0
18602;74053;302
18603;74053;0
18604;74206;153
18605;74352;146
18606;74498;146
18607;74811;313
18608;74811;0
18609;74956;145
18610;75094;138
18611;75241;147
18612;75538;297
18613;75538;0
18614;75675;137
18615;75806;131
18616;75933;127
18617;76048;115
18618;76180;132
18619;76315;135
18620;76456;141
18621;76568;112
18622;76666;98
18623;76751;85
18624;76832;81
18625;76907;75
18626;76985;78
18627;77060;75
18628;77182;122
18629;77182;0
18630;77258;76
18631;77258;0
18632;77295;37
18633;77350;55
18634;77412;62
18635;77485;73
18636;77530;45
18637;77572;42
18638;77611;39
18639;77663;52
18640;77716;53
18641;77777;61
18642;77904;127
18643;77968;64
18644;77968;0
18645;78036;68
18646;78091;55
18647;78163;72
18648;78219;56
18649;78272;53
18650;78317;45
18651;78375;58
18652;78429;54
18653;78471;42
18654;78510;39
18655;78556;46
18656;78602;46
18657;78711;109
18658;78711;0
18659;78755;44
18660;78801;46
18661;78859;58
18662;78916;57
18663;78989;73
18664;79045;56
18665;79098;53
18666;79162;64
18667;79204;42
18668;79237;33
18669;79303;66
18670;79340;37
18671;79381;41
18672;79416;35
18673;79442;26
18674;79461;19
18675;79497;36
18676;79548;51
18677;79598;50
18678;79632;34
18679;79654;22
18680;79681;27
18681;79717;36
18682;79749;32
18683;79773;24
18684;79804;31
18685;79836;32
18686;79926;90
18687;79926;0
18688;79961;35
18689;80035;74
18690;80035;0
18691;80081;46
18692;80125;44
18693;80176;51
18694;80219;43
18695;80247;28
18696;80268;21
18697;80392;124
18698;80392;0
18699;80481;89
18700;80567;86
18701;80678;111
18702;80743;65
18703;80858;115
18704;80971;113
18705;81095;124
18706;81339;244
18707;81339;0
18708;81446;107
18709;81678;232
18710;81678;0
18711;81816;138
18712;81960;144
18713;82146;186
18714;82340;194
18715;82536;196
18716;82682;146
18717;82869;187
18718;83050;181
18719;83239;189
18720;83435;196
18721;83623;188
18722;83802;179
18723;83935;133
18724;84127;192
18725;84322;195
18726;84529;207
18727;84724;195
18728;84922;198
18729;85114;192
18730;85291;177
18731;85503;212
18732;85730;227
18733;86022;292
18734;86338;316
18735;86680;342
18736;86982;302
18737;87225;243
18738;87551;326
18739;87935;384
18740;88280;345
18741;88679;399
18742;89027;348
18743;89355;328
18744;89630;275
18745;90008;378
18746;90406;398
18747;90808;402
18748;91250;442
18749;91643;393
18750;92006;363
18751;92320;314
18752;92724;404
18753;93176;452
18754;93597;421
18755;93978;381
18756;94397;419
18757;94759;362
18758;95072;313
18759;95467;395
18760;95826;359
18761;96117;291
18762;96368;251
18763;96670;302
18764;96893;223
18765;97068;175
