condition;measurement;ncases
18283;0;0
18284;0;0
18285;0;0
18286;0;0
18287;0;0
18288;0;0
18289;0;0
18290;0;0
18291;0;0
18292;0;0
18293;0;0
18294;0;0
18295;0;0
18296;0;0
18297;0;0
18298;0;0
18299;0;0
18300;0;0
18301;0;0
18302;0;0
18303;0;0
18304;0;0
18305;0;0
18306;0;0
18307;0;0
18308;0;0
18309;0;0
18310;0;0
18311;0;0
18312;0;0
18313;0;0
18314;0;0
18315;0;0
18316;0;0
18317;0;0
18318;0;0
18319;0;0
18320;0;0
18321;0;0
18322;0;0
18323;0;0
18324;0;0
18325;0;0
18326;4;4
18327;7;3
18328;16;9
18329;16;0
18330;19;3
18331;26;7
18332;30;4
18333;30;0
18334;31;1
18335;35;4
18336;38;3
18337;38;0
18338;39;1
18339;41;2
18340;44;3
18341;47;3
18342;48;1
18343;52;4
18344;59;7
18345;59;0
18346;59;0
18347;84;25
18348;91;7
18349;98;7
18350;109;11
18351;116;7
18352;119;3
18353;134;15
18354;161;27
18355;194;33
18356;217;23
18357;237;20
18358;254;17
18359;261;7
18360;263;2
18361;263;0
18362;267;4
18363;268;1
18364;271;3
18365;273;2
18366;284;11
18367;291;7
18368;294;3
18369;307;13
18370;313;6
18371;319;6
18372;329;10
18373;329;0
18374;335;6
18375;336;1
18376;340;4
18377;342;2
18378;342;0
18379;342;0
18380;343;1
18381;344;1
18382;344;0
18383;353;9
18384;353;0
18385;353;0
18386;362;9
18387;371;9
18388;374;3
18389;375;1
18390;375;0
18391;375;0
18392;375;0
18393;375;0
18394;375;0
18395;375;0
18396;375;0
18397;375;0
18398;376;1
18399;381;5
18400;388;7
18401;391;3
18402;398;7
18403;423;25
18404;423;0
18405;423;0
18406;423;0
18407;423;0
18408;429;6
18409;434;5
18410;446;12
18411;446;0
18412;447;1
18413;448;1
18414;449;1
18415;451;2
18416;457;6
18417;464;7
18418;464;0
18419;464;0
18420;472;8
18421;473;1
18422;481;8
18423;485;4
18424;487;2
18425;489;2
18426;489;0
18427;492;3
18428;505;13
18429;514;9
18430;555;41
18431;600;45
18432;675;75
18433;784;109
18434;833;49
18435;1001;168
18436;1169;168
18437;1328;159
18438;1382;54
18439;1557;175
18440;1815;258
18441;1990;175
18442;2185;195
18443;2428;243
18444;2758;330
18445;3080;322
18446;3334;254
18447;3835;501
18448;4277;442
18449;4341;64
18450;4647;306
18451;5029;382
18452;5220;191
18453;5551;331
18454;5931;380
18455;6230;299
18456;6566;336
18457;6764;198
18458;7064;300
18459;7412;348
18460;7764;352
18461;8204;440
18462;8549;345
18463;8916;367
18464;9228;312
18465;9398;170
18466;9744;346
18467;10093;349
18468;10306;213
18469;10469;163
18470;10621;152
18471;10938;317
18472;11284;346
18473;11548;264
18474;11837;289
18475;12160;323
18476;12297;137
18477;12541;244
18478;12770;229
18479;13065;295
18480;13398;333
18481;13722;324
18482;13928;206
18483;14208;280
18484;14510;302
18485;14875;365
18486;15184;309
18487;15491;307
18488;15834;343
18489;16153;319
18490;16534;381
18491;16844;310
18492;17306;462
18493;17606;300
18494;17989;383
18495;18313;324
18496;18476;163
18497;18802;326
18498;19213;411
18499;19678;465
18500;20155;477
18501;20677;522
18502;21251;574
18503;21668;417
18504;22204;536
18505;22729;525
18506;23281;552
18507;23875;594
18508;24471;596
18509;25142;671
18510;25575;433
18511;26127;552
18512;26779;652
18513;27363;584
18514;27919;556
18515;28664;745
18516;29256;592
18517;29906;650
18518;30574;668
18519;31362;788
18520;32250;888
18521;33006;756
18522;33843;837
18523;34401;558
18524;35003;602
18525;35686;683
18526;36151;465
18527;36580;429
18528;37083;503
18529;37591;508
18530;37963;372
18531;38253;290
18532;38703;450
18533;39121;418
18534;39541;420
18535;39899;358
18536;40322;423
18537;40766;444
18538;41078;312
18539;41498;420
18540;41957;459
18541;42432;475
18542;42840;408
18543;43256;416
18544;43664;408
18545;43945;281
18546;44299;354
18547;44684;385
18548;45200;516
18549;45658;458
18550;46100;442
18551;46434;334
18552;46746;312
18553;47135;389
18554;47616;481
18555;48129;513
18556;48628;499
18557;49134;506
18558;49579;445
18559;49989;410
18560;50442;453
18561;50952;510
18562;51528;576
18563;51948;420
18564;52571;623
18565;53075;504
18566;53520;445
18567;54060;540
18568;54775;715
18569;55408;633
18570;56090;682
18571;56672;582
18572;57226;554
18573;57657;431
18574;58158;501
18575;58838;680
18576;59422;584
18577;60065;643
18578;60784;719
18579;61514;730
18580;62167;653
18581;63031;864
18582;63867;836
18583;64935;1068
18584;66186;1251
18585;67296;1110
18586;68768;1472
18587;70254;1486
18588;71644;1390
18589;73196;1552
18590;75007;1811
18591;76727;1720
18592;78493;1766
18593;80429;1936
18594;81890;1461
18595;83585;1695
18596;85647;2062
18597;88004;2357
18598;90192;2188
18599;92708;2516
18600;94676;1968
18601;96098;1422
18602;98038;1940
18603;99758;1720
18604;101109;1351
18605;102992;1883
18606;104879;1887
18607;106622;1743
18608;108099;1477
18609;109738;1639
18610;111102;1364
18611;113409;2307
18612;115606;2197
18613;117755;2149
18614;119612;1857
18615;121216;1604
18616;122643;1427
18617;123945;1302
18618;125506;1561
18619;127376;1870
18620;129080;1704
18621;130598;1518
18622;131904;1306
18623;133093;1189
18624;134310;1217
18625;135459;1149
18626;136736;1277
18627;138004;1268
18628;139223;1219
18629;140287;1064
18630;141219;932
18631;142228;1009
18632;143169;941
18633;144257;1088
18634;145252;995
18635;146074;822
18636;146701;627
18637;147400;699
18638;148171;771
18639;148968;797
18640;149769;801
18641;150505;736
18642;151142;637
18643;151569;427
18644;152031;462
18645;152555;524
18646;153093;538
18647;153590;497
18648;154063;473
18649;154557;494
18650;155006;449
18651;155414;408
18652;155884;470
18653;156393;509
18654;156996;603
18655;157593;597
18656;158168;575
18657;158559;391
18658;158962;403
18659;159443;481
18660;159956;513
18661;160426;470
18662;161087;661
18663;161559;472
18664;162029;470
18665;162601;572
18666;163213;612
18667;163975;762
18668;164736;761
18669;165535;799
18670;166200;665
18671;166800;600
18672;167604;804
18673;168444;840
18674;169487;1043
18675;170527;1040
18676;171154;627
18677;171717;563
18678;172315;598
18679;173635;1320
18680;174969;1334
18681;176377;1408
18682;177768;1391
18683;179293;1525
18684;180848;1555
18685;181909;1061
18686;183612;1703
18687;185336;1724
18688;187309;1973
18689;189326;2017
18690;191203;1877
18691;193029;1826
18692;194548;1519
18693;196812;2264
18694;198554;1742
18695;200382;1828
18696;202378;1996
18697;203669;1291
18698;205652;1983
18699;207436;1784
18700;209304;1868
18701;211602;2298
18702;213791;2189
18703;215984;2193
18704;218061;2077
18705;219912;1851
18706;221391;1479
18707;223638;2247
18708;225976;2338
18709;228044;2068
18710;230076;2032
18711;232038;1962
18712;233549;1511
18713;234748;1199
18714;236462;1714
18715;238248;1786
18716;240065;1817
18717;242353;2288
18718;244645;2292
18719;246893;2248
18720;248482;1589
18721;251288;2806
18722;253922;2634
18723;256461;2539
18724;259133;2672
18725;262017;2884
18726;264395;2378
18727;265897;1502
18728;268132;2235
18729;270856;2724
18730;272767;1911
18731;274690;1923
18732;276407;1717
18733;278135;1728
18734;279753;1618
18735;280741;988
18736;282270;1529
18737;284280;2010
18738;286028;1748
18739;287680;1652
18740;289120;1440
18741;290259;1139
18742;290972;713
18743;292052;1080
18744;293466;1414
18745;294550;1084
18746;295601;1051
18747;296462;861
18748;296462;0
18749;297638;1176
18750;298203;565
18751;298921;718
18752;299736;815
18753;300387;651
18754;300946;559
18755;301437;491
18756;301751;314
18757;302249;498
18758;302777;528
18759;303270;493
18760;303270;0
18761;303270;0
18762;303658;388
18763;303827;169
18764;304074;247
18765;304074;0
