condition;measurement;ncases
18283;0;0
18284;0;0
18285;0;0
18286;0;0
18287;0;0
18288;0;0
18289;0;0
18290;0;0
18291;0;0
18292;0;0
18293;0;0
18294;0;0
18295;0;0
18296;0;0
18297;0;0
18298;0;0
18299;0;0
18300;0;0
18301;0;0
18302;0;0
18303;0;0
18304;0;0
18305;0;0
18306;0;0
18307;0;0
18308;0;0
18309;0;0
18310;0;0
18311;0;0
18312;0;0
18313;0;0
18314;0;0
18315;0;0
18316;0;0
18317;0;0
18318;0;0
18319;0;0
18320;0;0
18321;0;0
18322;0;0
18323;0;0
18324;0;0
18325;0;0
18326;0;0
18327;0;0
18328;0;0
18329;0;0
18330;0;0
18331;0;0
18332;0;0
18333;0;0
18334;0;0
18335;0;0
18336;0;0
18337;0;0
18338;0;0
18339;0;0
18340;0;0
18341;1;1
18342;3;2
18343;3;0
18344;3;0
18345;3;0
18346;3;0
18347;3;0
18348;5;2
18349;7;2
18350;7;0
18351;7;0
18352;8;1
18353;8;0
18354;9;1
18355;9;0
18356;9;0
18357;9;0
18358;10;1
18359;11;1
18360;11;0
18361;11;0
18362;13;2
18363;14;1
18364;14;0
18365;17;3
18366;17;0
18367;23;6
18368;23;0
18369;24;1
18370;25;1
18371;25;0
18372;25;0
18373;28;3
18374;28;0
18375;28;0
18376;29;1
18377;31;2
18378;31;0
18379;32;1
18380;32;0
18381;32;0
18382;40;8
18383;40;0
18384;34;-6
18385;34;0
18386;34;0
18387;34;0
18388;34;0
18389;34;0
18390;34;0
18391;35;1
18392;36;1
18393;36;0
18394;36;0
18395;37;1
18396;37;0
18397;42;5
18398;42;0
18399;44;2
18400;46;2
18401;46;0
18402;48;2
18403;51;3
18404;51;0
18405;56;5
18406;56;0
18407;56;0
18408;56;0
18409;132;76
18410;149;17
18411;149;0
18412;174;25
18413;178;4
18414;203;25
18415;206;3
18416;222;16
18417;237;15
18418;265;28
18419;279;14
18420;282;3
18421;287;5
18422;314;27
18423;320;6
18424;332;12
18425;343;11
18426;356;13
18427;383;27
18428;387;4
18429;391;4
18430;401;10
18431;463;62
18432;479;16
18433;479;0
18434;489;10
18435;512;23
18436;525;13
18437;530;5
18438;551;21
18439;561;10
18440;567;6
18441;567;0
18442;574;7
18443;591;17
18444;605;14
18445;617;12
18446;625;8
18447;698;73
18448;716;18
18449;734;18
18450;787;53
18451;885;98
18452;885;0
18453;942;57
18454;982;40
18455;985;3
18456;1034;49
18457;1064;30
18458;1089;25
18459;1362;273
18460;1420;58
18461;1478;58
18462;1611;133
18463;1713;102
18464;1820;107
18465;2034;214
18466;2124;90
18467;2296;172
18468;2434;138
18469;2512;78
18470;2704;192
18471;2817;113
18472;2879;62
18473;3092;213
18474;3169;77
18475;3659;490
18476;3921;262
18477;4075;154
18478;4221;146
18479;4221;0
18480;4339;118
18481;4451;112
18482;4575;124
18483;4649;74
18484;4748;99
18485;4818;70
18486;4893;75
18487;4990;97
18488;5072;82
18489;5176;104
18490;5261;85
18491;5308;47
18492;5378;70
18493;5643;265
18494;5745;102
18495;5815;70
18496;5893;78
18497;5930;37
18498;6070;140
18499;6196;126
18500;6251;55
18501;6292;41
18502;6388;96
18503;6406;18
18504;6412;6
18505;6497;85
18506;6559;62
18507;6638;79
18508;6678;40
18509;6837;159
18510;6837;0
18511;6837;0
18512;7298;461
18513;7388;90
18514;7429;41
18515;7453;24
18516;7479;26
18517;7508;29
18518;7526;18
18519;7531;5
18520;7576;45
18521;7598;22
18522;7633;35
18523;7647;14
18524;7672;25
18525;7683;11
18526;7683;0
18527;7711;28
18528;7725;14
18529;7752;27
18530;7787;35
18531;7803;16
18532;7812;9
18533;7816;4
18534;7837;21
18535;7838;1
18536;7850;12
18537;7858;8
18538;7885;27
18539;7888;3
18540;7898;10
18541;7915;17
18542;7919;4
18543;7951;32
18544;7994;43
18545;8010;16
18546;8011;1
18547;8021;10
18548;8036;15
18549;8055;19
18550;8075;20
18551;8099;24
18552;8110;11
18553;8147;37
18554;8159;12
18555;8187;28
18556;8215;28
18557;8242;27
18558;8257;15
18559;8269;12
18560;8276;7
18561;8303;27
18562;8315;12
18563;8320;5
18564;8349;29
18565;8362;13
18566;8367;5
18567;8374;7
18568;8389;15
18569;8410;21
18570;8427;17
18571;8444;17
18572;8471;27
18573;8498;27
18574;8531;33
18575;8561;30
18576;8610;49
18577;8667;57
18578;8696;29
18579;8765;69
18580;8786;21
18581;8829;43
18582;8897;68
18583;8945;48
18584;8981;36
18585;9046;65
18586;9120;74
18587;9172;52
18588;9220;48
18589;9308;88
18590;9398;90
18591;9508;110
18592;9623;115
18593;9714;91
18594;9822;108
18595;9822;0
18596;9950;128
18597;10129;179
18598;10129;0
18599;10424;295
18600;10547;123
18601;10617;70
18602;10718;101
18603;10839;121
18604;10912;73
18605;11007;95
18606;11081;74
18607;11162;81
18608;11219;57
18609;11246;27
18610;11358;112
18611;11522;164
18612;11749;227
18613;11866;117
18614;12047;181
18615;12151;104
18616;12325;174
18617;12422;97
18618;12544;122
18619;12656;112
18620;12786;130
18621;12880;94
18622;12963;83
18623;13077;114
18624;13148;71
18625;13325;177
18626;13625;300
18627;13867;242
18628;14084;217
18629;14491;407
18630;15265;774
18631;15829;564
18632;17194;1365
18633;17804;610
18634;18675;871
18635;19660;985
18636;20499;839
18637;21477;978
18638;22297;820
18639;23239;942
18640;24256;1017
18641;25368;1112
18642;26109;741
18643;26881;772
18644;27203;322
18645;27892;689
18646;28675;783
18647;29408;733
18648;30047;639
18649;30523;476
18650;31007;484
18651;31320;313
18652;31646;326
18653;32004;358
18654;32304;300
18655;32646;342
18656;32952;306
18657;33273;321
18658;33388;115
18659;33548;160
18660;33814;266
18661;33964;150
18662;34171;207
18663;34331;160
18664;34487;156
18665;34552;65
18666;34658;106
18667;34781;123
18668;34864;83
18669;34864;0
18670;35045;181
18671;35104;59
18672;35172;68
18673;35222;50
18674;35315;93
18675;35423;108
18676;35543;120
18677;35710;167
18678;35768;58
18679;35796;28
18680;35862;66
18681;35910;48
18682;35960;50
18683;35994;34
18684;36044;50
18685;36058;14
18686;36089;31
18687;36115;26
18688;36148;33
18689;36179;31
18690;36223;44
18691;36248;25
18692;36260;12
18693;36271;11
18694;36289;18
18695;36321;32
18696;36341;20
18697;36377;36
18698;36423;46
18699;36471;48
18700;36484;13
18701;36504;20
18702;36535;31
18703;36552;17
18704;36611;59
18705;36652;41
18706;36662;10
18707;36665;3
18708;36684;19
18709;36717;33
18710;36749;32
18711;36778;29
18712;36805;27
18713;36818;13
18714;36822;4
18715;36839;17
18716;36839;0
18717;36882;43
18718;36896;14
18719;36903;7
18720;36911;8
18721;36923;12
18722;36934;11
18723;36966;32
18724;36984;18
18725;37052;68
18726;37147;95
18727;37273;126
18728;37288;15
18729;37307;19
18730;37330;23
18731;37369;39
18732;37422;53
18733;37534;112
18734;37699;165
18735;37751;52
18736;37859;108
18737;37875;16
18738;37980;105
18739;38018;38
18740;38045;27
18741;38064;19
18742;38086;22
18743;38102;16
18744;38164;62
18745;38191;27
18746;38235;44
18747;38257;22
18748;38260;3
18749;38281;21
18750;38293;12
18751;38327;34
18752;38357;30
18753;38398;41
18754;38403;5
18755;38414;11
18756;38419;5
18757;38433;14
18758;38448;15
18759;38466;18
18760;38491;25
18761;38535;44
18762;38554;19
18763;38560;6
18764;38572;12
18765;38595;23
